
0.0050 0.000000 
0.0150 0.000000 
0.0250 0.000000 
0.0350 0.000000 
0.0450 0.000000 
0.0550 0.000000 
0.0650 0.000000 
0.0750 0.000000 
0.0850 0.000000 
0.0950 0.000000 
0.1050 0.000000 
0.1150 0.000000 
0.1250 0.000000 
0.1350 0.000000 
0.1450 0.000000 
0.1550 0.000000 
0.1650 0.000000 
0.1750 0.000000 
0.1850 0.003155 
0.1950 0.015845 
0.2050 0.030998 
0.2150 0.045941 
0.2250 0.061819 
0.2350 0.060671 
0.2450 0.078457 
0.2550 0.098500 
0.2650 0.098024 
0.2750 0.110124 
0.2850 0.125525 
0.2950 0.137614 
0.3050 0.145056 
0.3150 0.158189 
0.3250 0.159625 
0.3350 0.177602 
0.3450 0.188924 
0.3550 0.189624 
0.3650 0.205334 
0.3750 0.207819 
0.3850 0.220060 
0.3950 0.225051 
0.4050 0.233768 
0.4150 0.234320 
0.4250 0.253371 
0.4350 0.265911 
0.4450 0.267615 
0.4550 0.292707 
0.4650 0.296320 
0.4750 0.302280 
0.4850 0.302405 
0.4950 0.302009 
0.5050 0.300958 
0.5150 0.314936 
0.5250 0.318044 
0.5350 0.336581 
0.5450 0.336224 
0.5550 0.352856 
0.5650 0.347718 
0.5750 0.379971 
0.5850 0.375418 
0.5950 0.377583 
0.6050 0.394421 
0.6150 0.390132 
0.6250 0.407731 
0.6350 0.413004 
0.6450 0.427470 
0.6550 0.414115 
0.6650 0.419568 
0.6750 0.434559 
0.6850 0.434716 
0.6950 0.454201 
0.7050 0.441892 
0.7150 0.461927 
0.7250 0.464282 
0.7350 0.478958 
0.7450 0.496783 
0.7550 0.489119 
0.7650 0.510131 
0.7750 0.510728 
0.7850 0.506324 
0.7950 0.531365 
0.8050 0.538763 
0.8150 0.547025 
0.8250 0.540640 
0.8350 0.562347 
0.8450 0.570343 
0.8550 0.566599 
0.8650 0.587259 
0.8750 0.576497 
0.8850 0.596582 
0.8950 0.616886 
0.9050 0.619614 
0.9150 0.625540 
0.9250 0.652338 
0.9350 0.648861 
0.9450 0.672144 
0.9550 0.666124 
0.9650 0.686365 
0.9750 0.697016 
0.9850 0.717835 
0.9950 0.732412 
1.0050 0.760014 
1.0150 0.775236 
1.0250 0.790577 
1.0350 0.803565 
1.0450 0.805130 
1.0550 0.824362 
1.0650 0.831626 
1.0750 0.833364 
1.0850 0.857150 
1.0950 0.852161 
1.1050 0.860071 
1.1150 0.873576 
1.1250 0.878958 
1.1350 0.896643 
1.1450 0.896890 
1.1550 0.884580 
1.1650 0.872261 
1.1750 0.895065 
1.1850 0.917846 
1.1950 0.908627 
1.2050 0.891844 
1.2150 0.911844 
1.2250 0.917105 
1.2350 0.923524 
1.2450 0.926551 
1.2550 0.926063 
1.2650 0.946288 
1.2750 0.935951 
1.2850 0.953528 
1.2950 0.947247 
1.3050 0.948908 
1.3150 0.941785 
1.3250 0.952736 
1.3350 0.957962 
1.3450 0.950929 
1.3550 0.952754 
1.3650 0.964056 
1.3750 0.974200 
1.3850 0.969348 
1.3950 0.959427 
1.4050 0.974309 
1.4150 0.984879 
1.4250 0.965833 
1.4350 0.977981 
1.4450 0.976730 
1.4550 0.982008 
1.4650 0.991409 
1.4750 0.977129 
1.4850 0.997474 
1.4950 0.984029 
1.5050 0.984206 
1.5150 0.983197 
1.5250 0.991830 
1.5350 0.991451 
1.5450 0.998207 
1.5550 0.996420 
1.5650 1.002458 
1.5750 1.001697 
1.5850 1.007679 
1.5950 1.005343 
1.6050 1.003513 
1.6150 0.995892 
1.6250 1.011274 
1.6350 1.021663 
1.6450 1.013862 
1.6550 1.020241 
1.6650 1.017619 
1.6750 1.034148 
1.6850 1.012317 
1.6950 1.020873 
1.7050 1.032835 
1.7150 1.020107 
1.7250 1.024954 
1.7350 1.032995 
1.7450 1.036342 
1.7550 1.031281 
1.7650 1.038908 
1.7750 1.041492 
1.7850 1.038688 
1.7950 1.037771 
1.8050 1.048032 
1.8150 1.039262 
1.8250 1.046969 
1.8350 1.033179 
1.8450 1.034817 
1.8550 1.040213 
1.8650 1.035063 
1.8750 1.024045 
1.8850 1.022342 
1.8950 1.029629 
1.9050 1.011009 
1.9150 1.026889 
1.9250 1.021835 
1.9350 1.007472 
1.9450 1.012277 
1.9550 1.014017 
1.9650 1.021652 
1.9750 1.006673 
1.9850 0.998128 
1.9950 1.005899 
2.0050 1.010397 
2.0150 0.997339 
2.0250 1.001582 
2.0350 1.004523 
2.0450 1.005348 
2.0550 1.000633 
2.0650 0.999689 
2.0750 0.999248 
2.0850 1.007581 
2.0950 1.003599 
2.1050 1.000588 
2.1150 0.995504 
2.1250 0.997707 
2.1350 1.000850 
2.1450 1.008225 
2.1550 0.984088 
2.1650 0.991750 
2.1750 0.995372 
2.1850 0.993448 
2.1950 0.993292 
2.2050 0.996239 
2.2150 0.996536 
2.2250 0.988034 
2.2350 0.989245 
2.2450 1.005785 
2.2550 0.989397 
2.2650 0.997527 
2.2750 0.990897 
2.2850 1.000484 
2.2950 0.991964 
2.3050 1.001982 
2.3150 0.987178 
2.3250 0.997903 
2.3350 0.995103 
2.3450 0.997027 
2.3550 0.992767 
2.3650 0.994902 
2.3750 0.987519 
2.3850 0.996754 
2.3950 0.999525 
2.4050 0.998114 
2.4150 1.001635 
2.4250 0.997196 
2.4350 0.989984 
2.4450 0.998634 
2.4550 0.992904 
2.4650 0.997275 
2.4750 1.003132 
2.4850 0.999826 
2.4950 0.988563 
2.5050 0.994828 
2.5150 1.008316 
2.5250 1.001995 
2.5350 1.000511 
2.5450 0.997596 
2.5550 0.994669 
2.5650 0.990465 
2.5750 0.997416 
2.5850 0.989299 
2.5950 0.994389 
2.6050 0.992482 
2.6150 0.996278 
2.6250 1.003270 
2.6350 0.983021 
2.6450 1.003229 
2.6550 0.999554 
2.6650 1.002002 
2.6750 1.001332 
2.6850 1.006970 
2.6950 0.990551 
2.7050 0.994229 
2.7150 0.996557 
2.7250 0.993942 
2.7350 1.005882 
2.7450 1.007238 
2.7550 1.004396 
2.7650 1.005006 
2.7750 0.998865 
2.7850 1.008055 
2.7950 0.995676 
2.8050 0.994784 
2.8150 1.000824 
2.8250 1.005036 
2.8350 1.003457 
2.8450 1.009974 
2.8550 1.006563 
2.8650 0.993028 
2.8750 0.994725 
2.8850 1.005657 
2.8950 1.009957 
2.9050 0.997715 
2.9150 1.007880 
2.9250 1.003563 
2.9350 0.996449 
2.9450 1.014934 
2.9550 0.995504 
2.9650 1.002909 
2.9750 1.008684 
2.9850 1.001099 
2.9950 0.998790 
3.0050 1.006712 
3.0150 1.007859 
3.0250 0.999502 
3.0350 1.011174 
3.0450 0.999631 
3.0550 0.999779 
3.0650 0.986869 
3.0750 1.002102 
3.0850 0.989546 
3.0950 1.001246 
3.1050 1.002103 
3.1150 0.999330 
3.1250 1.001501 
3.1350 1.001612 
3.1450 1.012109 
3.1550 0.996926 
3.1650 0.995970 
3.1750 1.004931 
3.1850 0.991202 
3.1950 1.003014 
3.2050 1.004478 
3.2150 1.007929 
3.2250 0.999956 
3.2350 1.008184 
3.2450 1.002183 
3.2550 0.998005 
3.2650 0.995791 
3.2750 0.995733 
3.2850 0.999839 
3.2950 0.997822 
3.3050 1.009764 
3.3150 1.003626 
3.3250 0.999095 
3.3350 1.001874 
3.3450 0.995099 
3.3550 0.999938 
3.3650 1.004774 
3.3750 0.995288 
3.3850 1.002282 
3.3950 1.002735 
3.4050 0.992259 
3.4150 1.005536 
3.4250 0.997036 
3.4350 0.995432 
3.4450 0.997711 
3.4550 1.001041 
3.4650 1.000896 
3.4750 1.010055 
3.4850 1.007064 
3.4950 1.006193 
3.5050 0.998031 
3.5150 0.995342 
3.5250 1.001572 
3.5350 1.006800 
3.5450 0.996340 
3.5550 0.994672 
3.5650 1.000379 
3.5750 0.997680 
3.5850 1.002131 
3.5950 0.997729 
3.6050 1.010980 
3.6150 1.003124 
3.6250 0.991418 
3.6350 1.002789 
3.6450 1.003609 
3.6550 0.993425 
3.6650 1.002107 
3.6750 1.001386 
3.6850 1.002154 
3.6950 0.997825 
3.7050 1.003977 
3.7150 0.999713 
3.7250 0.995838 
3.7350 1.003207 
3.7450 0.999116 
3.7550 0.998850 
3.7650 0.994088 
3.7750 0.999026 
3.7850 0.997836 
3.7950 0.994331 
3.8050 1.008380 
3.8150 1.008319 
3.8250 0.999357 
3.8350 0.999387 
3.8450 1.004755 
3.8550 1.002707 
3.8650 1.001311 
3.8750 1.002020 
3.8850 1.001073 
3.8950 1.006632 
3.9050 1.000991 
3.9150 1.003376 
3.9250 1.001454 
3.9350 1.003891 
3.9450 1.001892 
3.9550 1.002801 
3.9650 1.005604 
3.9750 0.999031 
3.9850 1.009386 
3.9950 0.997548 
4.0050 0.995295 
4.0150 0.998657 
4.0250 0.990824 
4.0350 1.005671 
4.0450 0.995066 
4.0550 0.999345 
4.0650 1.000973 
4.0750 0.999905 
4.0850 1.008706 
4.0950 1.000605 
4.1050 0.995086 
4.1150 1.001818 
4.1250 1.006734 
4.1350 1.000371 
4.1450 1.002522 
4.1550 1.002974 
4.1650 0.997776 
4.1750 0.999016 
4.1850 0.999841 
4.1950 1.002661 
4.2050 0.998448 
4.2150 0.999106 
4.2250 0.998789 
4.2350 1.003989 
4.2450 1.004186 
4.2550 0.996802 
4.2650 0.998700 
4.2750 0.997547 
4.2850 0.997718 
4.2950 0.998266 
4.3050 0.998712 
4.3150 1.004648 
4.3250 0.999440 
4.3350 1.005407 
4.3450 0.995475 
4.3550 1.004115 
4.3650 1.004306 
4.3750 0.994993 
4.3850 1.001642 
4.3950 1.004019 
4.4050 1.000149 
4.4150 1.004339 
4.4250 0.997142 
4.4350 1.006992 
4.4450 1.000821 
4.4550 1.004992 
4.4650 1.004775 
4.4750 0.995305 
4.4850 1.002817 
4.4950 0.999637 