
0.0050 0.000000 
0.0150 0.000000 
0.0250 0.000000 
0.0350 0.000000 
0.0450 0.000000 
0.0550 0.000000 
0.0650 0.000000 
0.0750 0.000000 
0.0850 0.000000 
0.0950 0.000000 
0.1050 0.000000 
0.1150 0.000000 
0.1250 0.000000 
0.1350 0.000000 
0.1450 0.000000 
0.1550 0.000000 
0.1650 0.000000 
0.1750 0.000000 
0.1850 0.000000 
0.1950 0.000000 
0.2050 0.000000 
0.2150 0.000000 
0.2250 0.000000 
0.2350 0.000000 
0.2450 0.000000 
0.2550 0.000000 
0.2650 0.000000 
0.2750 0.000000 
0.2850 0.000000 
0.2950 0.000000 
0.3050 0.000000 
0.3150 0.000000 
0.3250 0.000000 
0.3350 0.000000 
0.3450 0.000000 
0.3550 0.000000 
0.3650 0.000000 
0.3750 0.000000 
0.3850 0.000000 
0.3950 0.000000 
0.4050 0.000000 
0.4150 0.000000 
0.4250 0.000000 
0.4350 0.000000 
0.4450 0.000000 
0.4550 0.000000 
0.4650 0.000000 
0.4750 0.000000 
0.4850 0.000000 
0.4950 0.000000 
0.5050 0.000000 
0.5150 0.000000 
0.5250 0.000000 
0.5350 0.000000 
0.5450 0.000000 
0.5550 0.000000 
0.5650 0.000000 
0.5750 0.000000 
0.5850 0.000000 
0.5950 0.000000 
0.6050 0.000000 
0.6150 0.000000 
0.6250 0.000000 
0.6350 0.000000 
0.6450 0.000000 
0.6550 0.000000 
0.6650 0.000000 
0.6750 0.000000 
0.6850 0.000000 
0.6950 0.000000 
0.7050 0.000000 
0.7150 0.000000 
0.7250 0.000000 
0.7350 0.000000 
0.7450 0.000000 
0.7550 0.000000 
0.7650 0.000000 
0.7750 0.000000 
0.7850 0.000000 
0.7950 0.000000 
0.8050 0.000000 
0.8150 0.000000 
0.8250 0.000000 
0.8350 0.000000 
0.8450 0.000000 
0.8550 0.000000 
0.8650 0.000000 
0.8750 0.000000 
0.8850 0.000000 
0.8950 0.000000 
0.9050 0.000000 
0.9150 0.000000 
0.9250 0.000000 
0.9350 0.021139 
0.9450 0.068882 
0.9550 0.129816 
0.9650 0.205830 
0.9750 0.294189 
0.9850 0.610380 
0.9950 5.275830 
1.0050 9.680051 
1.0150 6.152597 
1.0250 3.684207 
1.0350 2.432603 
1.0450 1.875456 
1.0550 1.557254 
1.0650 1.454726 
1.0750 1.341487 
1.0850 1.272131 
1.0950 1.221556 
1.1050 1.175286 
1.1150 1.159363 
1.1250 1.107566 
1.1350 1.114530 
1.1450 1.097316 
1.1550 1.082097 
1.1650 1.052497 
1.1750 1.055772 
1.1850 1.024947 
1.1950 1.032037 
1.2050 1.017562 
1.2150 1.029792 
1.2250 1.022812 
1.2350 1.017948 
1.2450 1.006173 
1.2550 0.997984 
1.2650 0.982639 
1.2750 0.992227 
1.2850 0.993897 
1.2950 0.987767 
1.3050 0.975127 
1.3150 0.975007 
1.3250 0.970703 
1.3350 0.954574 
1.3450 0.971168 
1.3550 0.941544 
1.3650 0.943862 
1.3750 0.945650 
1.3850 0.933054 
1.3950 0.918742 
1.4050 0.937193 
1.4150 0.936082 
1.4250 0.931991 
1.4350 0.934501 
1.4450 0.910926 
1.4550 0.914249 
1.4650 0.922072 
1.4750 0.897554 
1.4850 0.920215 
1.4950 0.915850 
1.5050 0.897703 
1.5150 0.900644 
1.5250 0.897948 
1.5350 0.900794 
1.5450 0.887025 
1.5550 0.886445 
1.5650 0.900602 
1.5750 0.896095 
1.5850 0.896008 
1.5950 0.893459 
1.6050 0.886260 
1.6150 0.890042 
1.6250 0.895670 
1.6350 0.881591 
1.6450 0.867267 
1.6550 0.884127 
1.6650 0.876575 
1.6750 0.875691 
1.6850 0.877554 
1.6950 0.869319 
1.7050 0.879362 
1.7150 0.879578 
1.7250 0.883306 
1.7350 0.879658 
1.7450 0.881728 
1.7550 0.879346 
1.7650 0.865183 
1.7750 0.871872 
1.7850 0.876188 
1.7950 0.899967 
1.8050 0.893953 
1.8150 0.888665 
1.8250 0.897101 
1.8350 0.900046 
1.8450 0.909811 
1.8550 0.916524 
1.8650 0.914783 
1.8750 0.916934 
1.8850 0.930255 
1.8950 0.938207 
1.9050 0.958766 
1.9150 0.972152 
1.9250 0.982825 
1.9350 1.007119 
1.9450 1.035820 
1.9550 1.071176 
1.9650 1.110739 
1.9750 1.164177 
1.9850 1.231110 
1.9950 1.358101 
2.0050 1.504964 
2.0150 1.488270 
2.0250 1.370182 
2.0350 1.254468 
2.0450 1.157140 
2.0550 1.123415 
2.0650 1.081990 
2.0750 1.062252 
2.0850 1.044506 
2.0950 1.032843 
2.1050 1.031439 
2.1150 1.024432 
2.1250 1.010414 
2.1350 1.011376 
2.1450 1.007389 
2.1550 1.014899 
2.1650 1.001696 
2.1750 1.005235 
2.1850 1.002482 
2.1950 0.994889 
2.2050 1.005192 
2.2150 1.011506 
2.2250 0.996638 
2.2350 0.995936 
2.2450 1.004795 
2.2550 0.994247 
2.2650 0.981340 
2.2750 0.999275 
2.2850 0.989114 
2.2950 0.980531 
2.3050 0.989116 
2.3150 0.985406 
2.3250 0.972722 
2.3350 0.979473 
2.3450 0.986531 
2.3550 0.985000 
2.3650 0.993095 
2.3750 0.994573 
2.3850 0.993207 
2.3950 0.985963 
2.4050 0.983045 
2.4150 0.997387 
2.4250 0.981581 
2.4350 0.977067 
2.4450 0.982343 
2.4550 0.990258 
2.4650 0.973661 
2.4750 0.973568 
2.4850 0.986273 
2.4950 0.980889 
2.5050 0.990357 
2.5150 0.971269 
2.5250 0.966211 
2.5350 0.972220 
2.5450 0.977073 
2.5550 0.973758 
2.5650 0.973735 
2.5750 0.972716 
2.5850 0.977923 
2.5950 0.977917 
2.6050 0.983851 
2.6150 0.973819 
2.6250 0.970996 
2.6350 0.974293 
2.6450 0.986196 
2.6550 0.974825 
2.6650 0.975440 
2.6750 0.967869 
2.6850 0.970257 
2.6950 0.962350 
2.7050 0.979532 
2.7150 0.974451 
2.7250 0.981392 
2.7350 0.979248 
2.7450 0.986526 
2.7550 0.989096 
2.7650 0.982155 
2.7750 0.982350 
2.7850 0.991600 
2.7950 0.994269 
2.8050 0.992803 
2.8150 0.993049 
2.8250 0.991295 
2.8350 0.993083 
2.8450 0.985330 
2.8550 0.995841 
2.8650 0.992252 
2.8750 1.002101 
2.8850 1.000619 
2.8950 0.999236 
2.9050 0.997892 
2.9150 1.001954 
2.9250 1.008035 
2.9350 1.021096 
2.9450 1.018738 
2.9550 1.019348 
2.9650 1.017848 
2.9750 1.015783 
2.9850 1.034185 
2.9950 1.037390 
3.0050 1.047517 
3.0150 1.043198 
3.0250 1.036815 
3.0350 1.031376 
3.0450 1.031140 
3.0550 1.016993 
3.0650 1.017838 
3.0750 1.011557 
3.0850 1.002713 
3.0950 1.001799 
3.1050 0.999844 
3.1150 0.996612 
3.1250 0.992060 
3.1350 0.996620 
3.1450 1.009227 
3.1550 1.001290 
3.1650 0.987999 
3.1750 0.989067 
3.1850 0.991256 
3.1950 1.000899 
3.2050 0.996314 
3.2150 0.994789 
3.2250 0.997172 
3.2350 0.992243 
3.2450 0.994909 
3.2550 1.008646 
3.2650 0.999354 
3.2750 0.992677 
3.2850 0.988567 
3.2950 0.997121 
3.3050 1.000552 
3.3150 0.996790 
3.3250 1.004317 
3.3350 1.006874 
3.3450 0.991162 
3.3550 1.004501 
3.3650 0.998852 
3.3750 0.993439 
3.3850 0.991316 
3.3950 1.009259 
3.4050 1.011324 
3.4150 1.002130 
3.4250 0.986923 
3.4350 1.007559 
3.4450 0.991355 
3.4550 1.007427 
3.4650 0.994059 
3.4750 0.994304 
3.4850 1.006671 
3.4950 1.001029 
3.5050 0.993297 
3.5150 0.995171 
3.5250 0.996234 
3.5350 0.993081 
3.5450 0.995013 
3.5550 0.990846 
3.5650 0.985695 
3.5750 1.001316 
3.5850 0.992253 
3.5950 0.995921 
3.6050 0.985213 
3.6150 0.997753 
3.6250 0.993778 
3.6350 0.994953 
3.6450 0.992673 
3.6550 0.995742 
3.6650 0.995175 
3.6750 0.993518 
3.6850 0.999020 
3.6950 0.992662 
3.7050 1.003769 
3.7150 0.989536 
3.7250 0.994644 
3.7350 0.991756 
3.7450 0.997631 
3.7550 0.995683 
3.7650 1.000040 
3.7750 0.995264 
3.7850 1.007848 
3.7950 0.999741 
3.8050 0.997904 
3.8150 1.001323 
3.8250 1.007542 
3.8350 1.011409 
3.8450 1.005445 
3.8550 1.001997 
3.8650 0.995911 
3.8750 0.995486 
3.8850 1.000347 
3.8950 0.995937 
3.9050 0.990235 
3.9150 0.999552 
3.9250 0.997401 
3.9350 1.001413 
3.9450 0.994367 
3.9550 1.005050 
3.9650 1.011429 
3.9750 0.987216 
3.9850 0.990581 
3.9950 0.994657 
4.0050 1.009991 
4.0150 1.003068 
4.0250 1.003023 
4.0350 1.020151 
4.0450 1.004985 
4.0550 1.003565 
4.0650 1.001562 
4.0750 1.011157 
4.0850 0.992246 
4.0950 1.000898 
4.1050 1.010383 
4.1150 0.993149 
4.1250 0.995805 
4.1350 0.987441 
4.1450 0.991728 
4.1550 1.004581 
4.1650 1.007512 
4.1750 1.010388 
4.1850 1.005074 
4.1950 0.994238 
4.2050 1.000116 
4.2150 1.002252 
4.2250 1.000368 
4.2350 0.998959 
4.2450 0.999772 
4.2550 1.011118 
4.2650 1.001829 
4.2750 0.998808 
4.2850 0.998956 
4.2950 0.998864 
4.3050 1.006423 
4.3150 1.009486 
4.3250 1.001082 
4.3350 1.003907 
4.3450 1.008687 
4.3550 1.013956 
4.3650 0.996584 
4.3750 0.992451 
4.3850 0.993975 
4.3950 0.999171 
4.4050 1.002247 
4.4150 0.994166 
4.4250 1.010058 
4.4350 1.001995 
4.4450 1.006250 
4.4550 0.999096 
4.4650 0.997991 
4.4750 1.000295 
4.4850 1.003943 
4.4950 0.996858 