
0.0050 0.000000 
0.0150 0.000000 
0.0250 0.000000 
0.0350 0.000000 
0.0450 0.000000 
0.0550 0.000000 
0.0650 0.000000 
0.0750 0.000000 
0.0850 0.000000 
0.0950 0.000000 
0.1050 0.000000 
0.1150 0.000000 
0.1250 0.000000 
0.1350 0.000000 
0.1450 0.000000 
0.1550 0.000000 
0.1650 0.000000 
0.1750 0.000000 
0.1850 0.000000 
0.1950 0.000000 
0.2050 0.000000 
0.2150 0.000000 
0.2250 0.000000 
0.2350 0.000000 
0.2450 0.000000 
0.2550 0.000000 
0.2650 0.000000 
0.2750 0.000000 
0.2850 0.000000 
0.2950 0.000000 
0.3050 0.000000 
0.3150 0.000000 
0.3250 0.000000 
0.3350 0.000000 
0.3450 0.000000 
0.3550 0.000000 
0.3650 0.000000 
0.3750 0.000000 
0.3850 0.000000 
0.3950 0.000000 
0.4050 0.000000 
0.4150 0.000000 
0.4250 0.000000 
0.4350 0.000000 
0.4450 0.000000 
0.4550 0.000000 
0.4650 0.000000 
0.4750 0.000000 
0.4850 0.000000 
0.4950 0.000000 
0.5050 0.000000 
0.5150 0.000000 
0.5250 0.000000 
0.5350 0.000000 
0.5450 0.000000 
0.5550 0.000000 
0.5650 0.000000 
0.5750 0.000000 
0.5850 0.000000 
0.5950 0.000000 
0.6050 0.000000 
0.6150 0.000000 
0.6250 0.000000 
0.6350 0.000000 
0.6450 0.000000 
0.6550 0.000000 
0.6650 0.000000 
0.6750 0.000000 
0.6850 0.000000 
0.6950 0.000000 
0.7050 0.000000 
0.7150 0.000000 
0.7250 0.000000 
0.7350 0.000000 
0.7450 0.000000 
0.7550 0.000000 
0.7650 0.000000 
0.7750 0.000000 
0.7850 0.000000 
0.7950 0.000000 
0.8050 0.000000 
0.8150 0.000000 
0.8250 0.000000 
0.8350 0.000000 
0.8450 0.000000 
0.8550 0.000000 
0.8650 0.000000 
0.8750 0.000000 
0.8850 0.000000 
0.8950 0.000000 
0.9050 0.000000 
0.9150 0.000000 
0.9250 0.000000 
0.9350 0.007472 
0.9450 0.028220 
0.9550 0.064953 
0.9650 0.109405 
0.9750 0.148842 
0.9850 0.522478 
0.9950 12.379221 
1.0050 23.041280 
1.0150 11.272077 
1.0250 4.853734 
1.0350 2.382448 
1.0450 1.473380 
1.0550 1.072834 
1.0650 0.916878 
1.0750 0.807827 
1.0850 0.750832 
1.0950 0.726486 
1.1050 0.708675 
1.1150 0.695847 
1.1250 0.693404 
1.1350 0.690176 
1.1450 0.662277 
1.1550 0.676874 
1.1650 0.669478 
1.1750 0.681370 
1.1850 0.690903 
1.1950 0.665089 
1.2050 0.652230 
1.2150 0.653344 
1.2250 0.690509 
1.2350 0.672922 
1.2450 0.648489 
1.2550 0.654219 
1.2650 0.655542 
1.2750 0.670295 
1.2850 0.652351 
1.2950 0.659587 
1.3050 0.665995 
1.3150 0.676782 
1.3250 0.708079 
1.3350 0.681893 
1.3450 0.667960 
1.3550 0.639557 
1.3650 0.650581 
1.3750 0.652694 
1.3850 0.664513 
1.3950 0.647408 
1.4050 0.653690 
1.4150 0.675265 
1.4250 0.691507 
1.4350 0.696102 
1.4450 0.695318 
1.4550 0.674012 
1.4650 0.693550 
1.4750 0.704257 
1.4850 0.678952 
1.4950 0.706002 
1.5050 0.692421 
1.5150 0.692599 
1.5250 0.693783 
1.5350 0.696174 
1.5450 0.705498 
1.5550 0.703007 
1.5650 0.707312 
1.5750 0.718286 
1.5850 0.720394 
1.5950 0.732379 
1.6050 0.739215 
1.6150 0.733807 
1.6250 0.710755 
1.6350 0.732900 
1.6450 0.732300 
1.6550 0.732997 
1.6650 0.739019 
1.6750 0.767148 
1.6850 0.749381 
1.6950 0.767947 
1.7050 0.748630 
1.7150 0.762304 
1.7250 0.758541 
1.7350 0.768605 
1.7450 0.766171 
1.7550 0.770042 
1.7650 0.781613 
1.7750 0.779435 
1.7850 0.775989 
1.7950 0.787809 
1.8050 0.804610 
1.8150 0.798165 
1.8250 0.781728 
1.8350 0.786510 
1.8450 0.798139 
1.8550 0.801447 
1.8650 0.826750 
1.8750 0.861442 
1.8850 0.901478 
1.8950 0.924457 
1.9050 0.992444 
1.9150 1.035232 
1.9250 1.099055 
1.9350 1.186592 
1.9450 1.330156 
1.9550 1.447740 
1.9650 1.655609 
1.9750 1.946294 
1.9850 2.350700 
1.9950 2.924936 
2.0050 3.768013 
2.0150 3.323812 
2.0250 2.387248 
2.0350 1.719887 
2.0450 1.367218 
2.0550 1.167530 
2.0650 1.043177 
2.0750 0.975158 
2.0850 0.964140 
2.0950 0.922963 
2.1050 0.915382 
2.1150 0.908398 
2.1250 0.886038 
2.1350 0.878935 
2.1450 0.884329 
2.1550 0.867069 
2.1650 0.889677 
2.1750 0.892904 
2.1850 0.878189 
2.1950 0.875793 
2.2050 0.869389 
2.2150 0.839237 
2.2250 0.863512 
2.2350 0.849409 
2.2450 0.868779 
2.2550 0.886424 
2.2650 0.877010 
2.2750 0.875756 
2.2850 0.884200 
2.2950 0.869704 
2.3050 0.844730 
2.3150 0.848104 
2.3250 0.863874 
2.3350 0.924348 
2.3450 0.885716 
2.3550 0.854090 
2.3650 0.851932 
2.3750 0.867318 
2.3850 0.850178 
2.3950 0.874794 
2.4050 0.858867 
2.4150 0.864839 
2.4250 0.881688 
2.4350 0.871616 
2.4450 0.890888 
2.4550 0.879954 
2.4650 0.882772 
2.4750 0.895065 
2.4850 0.906984 
2.4950 0.890234 
2.5050 0.880989 
2.5150 0.879022 
2.5250 0.881608 
2.5350 0.878306 
2.5450 0.879429 
2.5550 0.866793 
2.5650 0.891149 
2.5750 0.884342 
2.5850 0.874942 
2.5950 0.901983 
2.6050 0.911064 
2.6150 0.886206 
2.6250 0.895374 
2.6350 0.895130 
2.6450 0.884835 
2.6550 0.905981 
2.6650 0.932518 
2.6750 0.927984 
2.6850 0.914727 
2.6950 0.900839 
2.7050 0.922009 
2.7150 0.933420 
2.7250 0.940793 
2.7350 0.968057 
2.7450 0.960176 
2.7550 0.951391 
2.7650 0.946750 
2.7750 0.983429 
2.7850 0.978952 
2.7950 0.994085 
2.8050 0.962139 
2.8150 0.991165 
2.8250 1.016083 
2.8350 1.031596 
2.8450 1.053221 
2.8550 1.033576 
2.8650 1.056178 
2.8750 1.054443 
2.8850 1.054648 
2.8950 1.098208 
2.9050 1.111536 
2.9150 1.125945 
2.9250 1.159578 
2.9350 1.179960 
2.9450 1.191552 
2.9550 1.216897 
2.9650 1.249916 
2.9750 1.309788 
2.9850 1.354078 
2.9950 1.430477 
3.0050 1.477315 
3.0150 1.492532 
3.0250 1.389402 
3.0350 1.259030 
3.0450 1.154984 
3.0550 1.051814 
3.0650 1.032234 
3.0750 1.018260 
3.0850 0.985277 
3.0950 0.974114 
3.1050 0.979960 
3.1150 0.959716 
3.1250 0.956759 
3.1350 0.929926 
3.1450 0.925533 
3.1550 0.947161 
3.1650 0.952252 
3.1750 0.956665 
3.1850 0.968460 
3.1950 0.965005 
3.2050 0.939932 
3.2150 0.941429 
3.2250 0.946019 
3.2350 0.947302 
3.2450 0.944994 
3.2550 0.924728 
3.2650 0.933373 
3.2750 0.924808 
3.2850 0.936863 
3.2950 0.966104 
3.3050 0.952292 
3.3150 0.952338 
3.3250 0.968641 
3.3350 0.984205 
3.3450 0.955648 
3.3550 0.953518 
3.3650 0.939785 
3.3750 0.941186 
3.3850 0.950941 
3.3950 0.968373 
3.4050 0.969653 
3.4150 0.959004 
3.4250 0.971490 
3.4350 0.976933 
3.4450 0.949746 
3.4550 0.942743 
3.4650 0.960094 
3.4750 0.959920 
3.4850 0.962936 
3.4950 0.963317 
3.5050 0.956327 
3.5150 0.963611 
3.5250 0.979055 
3.5350 0.972394 
3.5450 0.962561 
3.5550 0.960098 
3.5650 0.967054 
3.5750 0.950619 
3.5850 0.961094 
3.5950 0.980836 
3.6050 1.011502 
3.6150 0.976813 
3.6250 0.973226 
3.6350 0.972952 
3.6450 0.953438 
3.6550 0.943789 
3.6650 0.976201 
3.6750 0.982323 
3.6850 0.981588 
3.6950 0.954744 
3.7050 0.962167 
3.7150 0.989421 
3.7250 0.996183 
3.7350 0.985962 
3.7450 0.990116 
3.7550 1.010946 
3.7650 0.991225 
3.7750 0.983958 
3.7850 1.012074 
3.7950 1.018382 
3.8050 0.991294 
3.8150 1.022848 
3.8250 1.022951 
3.8350 1.026978 
3.8450 1.022064 
3.8550 1.030133 
3.8650 1.024263 
3.8750 1.022241 
3.8850 1.044186 
3.8950 1.033009 
3.9050 1.033281 
3.9150 1.064359 
3.9250 1.036479 
3.9350 1.050196 
3.9450 1.050854 
3.9550 1.063796 
3.9650 1.074406 
3.9750 1.063529 
3.9850 1.074623 
3.9950 1.116990 
4.0050 1.106237 
4.0150 1.097328 
4.0250 1.115242 
4.0350 1.082525 
4.0450 1.024950 
4.0550 1.014134 
4.0650 1.021260 
4.0750 0.983299 
4.0850 0.985125 
4.0950 0.994881 
4.1050 0.995191 
4.1150 0.989407 
4.1250 0.971644 
4.1350 0.966877 
4.1450 0.969149 
4.1550 0.978288 
4.1650 0.999090 
4.1750 0.985696 
4.1850 0.969730 
4.1950 0.968583 
4.2050 0.979568 
4.2150 0.976780 
4.2250 0.953310 
4.2350 0.959405 
4.2450 0.984979 
4.2550 0.988941 
4.2650 0.987708 
4.2750 0.994125 
4.2850 0.996240 
4.2950 1.003644 
4.3050 0.999448 
4.3150 0.983216 
4.3250 0.991745 
4.3350 0.974560 
4.3450 0.982026 
4.3550 0.983232 
4.3650 0.989233 
4.3750 0.980287 
4.3850 0.956807 
4.3950 0.977544 
4.4050 0.977658 
4.4150 0.971009 
4.4250 0.965317 
4.4350 0.972654 
4.4450 0.977570 
4.4550 0.959919 
4.4650 0.985383 
4.4750 1.001786 
4.4850 0.987232 
4.4950 0.998247 