
0.0050 0.000000 
0.0150 0.000000 
0.0250 0.000000 
0.0350 0.000000 
0.0450 0.000000 
0.0550 0.000000 
0.0650 0.000000 
0.0750 0.000000 
0.0850 0.000000 
0.0950 0.000000 
0.1050 0.000000 
0.1150 0.000000 
0.1250 0.000000 
0.1350 0.000000 
0.1450 0.000000 
0.1550 0.000000 
0.1650 0.000000 
0.1750 0.000000 
0.1850 0.000000 
0.1950 0.000000 
0.2050 0.000000 
0.2150 0.000000 
0.2250 0.000000 
0.2350 0.000000 
0.2450 0.000000 
0.2550 0.000000 
0.2650 0.000000 
0.2750 0.000000 
0.2850 0.000000 
0.2950 0.000000 
0.3050 0.000000 
0.3150 0.000000 
0.3250 0.000000 
0.3350 0.000000 
0.3450 0.000000 
0.3550 0.000000 
0.3650 0.000000 
0.3750 0.000000 
0.3850 0.000000 
0.3950 0.000000 
0.4050 0.000000 
0.4150 0.000000 
0.4250 0.000000 
0.4350 0.000000 
0.4450 0.000000 
0.4550 0.000000 
0.4650 0.000000 
0.4750 0.000000 
0.4850 0.000000 
0.4950 0.000000 
0.5050 0.000000 
0.5150 0.000000 
0.5250 0.000000 
0.5350 0.000000 
0.5450 0.000000 
0.5550 0.000000 
0.5650 0.000000 
0.5750 0.000000 
0.5850 0.000581 
0.5950 0.011420 
0.6050 0.026679 
0.6150 0.047108 
0.6250 0.063899 
0.6350 0.075615 
0.6450 0.092373 
0.6550 0.106546 
0.6650 0.128478 
0.6750 0.149135 
0.6850 0.160629 
0.6950 0.182562 
0.7050 0.194225 
0.7150 0.204970 
0.7250 0.217416 
0.7350 0.231029 
0.7450 0.252845 
0.7550 0.270030 
0.7650 0.289326 
0.7750 0.302857 
0.7850 0.309866 
0.7950 0.336185 
0.8050 0.354558 
0.8150 0.377287 
0.8250 0.402462 
0.8350 0.402667 
0.8450 0.431183 
0.8550 0.454355 
0.8650 0.469019 
0.8750 0.502331 
0.8850 0.525365 
0.8950 0.557500 
0.9050 0.568128 
0.9150 0.608596 
0.9250 0.642299 
0.9350 0.643120 
0.9450 0.684315 
0.9550 0.709307 
0.9650 0.749147 
0.9750 0.768247 
0.9850 0.794835 
0.9950 0.825259 
1.0050 0.885694 
1.0150 0.905562 
1.0250 0.938515 
1.0350 0.953704 
1.0450 0.974395 
1.0550 0.987181 
1.0650 1.005492 
1.0750 1.016802 
1.0850 1.009595 
1.0950 1.032653 
1.1050 1.033305 
1.1150 1.037691 
1.1250 1.050110 
1.1350 1.063665 
1.1450 1.064694 
1.1550 1.065557 
1.1650 1.078851 
1.1750 1.085677 
1.1850 1.095340 
1.1950 1.088211 
1.2050 1.088561 
1.2150 1.108283 
1.2250 1.101918 
1.2350 1.102979 
1.2450 1.109847 
1.2550 1.125442 
1.2650 1.125011 
1.2750 1.137301 
1.2850 1.135788 
1.2950 1.121253 
1.3050 1.134662 
1.3150 1.155201 
1.3250 1.140526 
1.3350 1.156624 
1.3450 1.154591 
1.3550 1.153722 
1.3650 1.161618 
1.3750 1.163566 
1.3850 1.166102 
1.3950 1.163156 
1.4050 1.164627 
1.4150 1.166377 
1.4250 1.158760 
1.4350 1.145598 
1.4450 1.152406 
1.4550 1.135595 
1.4650 1.128627 
1.4750 1.116083 
1.4850 1.118077 
1.4950 1.100916 
1.5050 1.095894 
1.5150 1.098827 
1.5250 1.092765 
1.5350 1.070374 
1.5450 1.060153 
1.5550 1.050502 
1.5650 1.048939 
1.5750 1.053521 
1.5850 1.050936 
1.5950 1.043351 
1.6050 1.042669 
1.6150 1.028408 
1.6250 1.036969 
1.6350 1.023230 
1.6450 1.028968 
1.6550 1.018590 
1.6650 1.022030 
1.6750 1.011256 
1.6850 0.999850 
1.6950 1.000921 
1.7050 0.997572 
1.7150 0.996503 
1.7250 0.992773 
1.7350 0.980520 
1.7450 0.980252 
1.7550 0.978235 
1.7650 0.980499 
1.7750 0.982931 
1.7850 0.987919 
1.7950 0.971914 
1.8050 0.975110 
1.8150 0.972858 
1.8250 0.964734 
1.8350 0.968707 
1.8450 0.963842 
1.8550 0.962021 
1.8650 0.968373 
1.8750 0.965500 
1.8850 0.970271 
1.8950 0.956149 
1.9050 0.965224 
1.9150 0.958055 
1.9250 0.961213 
1.9350 0.952417 
1.9450 0.961940 
1.9550 0.954716 
1.9650 0.959695 
1.9750 0.956968 
1.9850 0.958874 
1.9950 0.964229 
2.0050 0.962799 
2.0150 0.969099 
2.0250 0.979599 
2.0350 0.972362 
2.0450 0.963942 
2.0550 0.970738 
2.0650 0.966504 
2.0750 0.966840 
2.0850 0.973853 
2.0950 0.975456 
2.1050 0.977125 
2.1150 0.976596 
2.1250 0.980416 
2.1350 0.979356 
2.1450 0.974482 
2.1550 0.989481 
2.1650 0.987210 
2.1750 0.995962 
2.1850 0.986564 
2.1950 0.970945 
2.2050 0.988294 
2.2150 0.986582 
2.2250 0.991530 
2.2350 1.004425 
2.2450 0.984695 
2.2550 0.995005 
2.2650 0.990848 
2.2750 0.995368 
2.2850 1.005983 
2.2950 0.989766 
2.3050 1.000981 
2.3150 1.007705 
2.3250 0.998013 
2.3350 0.997665 
2.3450 0.997101 
2.3550 1.006558 
2.3650 1.006792 
2.3750 1.007960 
2.3850 1.004818 
2.3950 1.002273 
2.4050 1.005187 
2.4150 1.017845 
2.4250 1.006254 
2.4350 1.008449 
2.4450 1.012688 
2.4550 1.004637 
2.4650 1.003656 
2.4750 1.008382 
2.4850 1.013998 
2.4950 1.014670 
2.5050 1.000390 
2.5150 1.011477 
2.5250 0.999422 
2.5350 1.002771 
2.5450 1.008613 
2.5550 1.009023 
2.5650 1.003797 
2.5750 1.008903 
2.5850 1.004676 
2.5950 1.005227 
2.6050 1.002065 
2.6150 1.002621 
2.6250 0.998515 
2.6350 1.016406 
2.6450 1.012667 
2.6550 1.007894 
2.6650 1.003927 
2.6750 1.004911 
2.6850 1.009294 
2.6950 1.008380 
2.7050 1.009716 
2.7150 1.014191 
2.7250 1.004985 
2.7350 1.004037 
2.7450 1.003937 
2.7550 1.012930 
2.7650 1.005655 
2.7750 1.008262 
2.7850 0.997617 
2.7950 0.998918 
2.8050 0.998991 
2.8150 0.994841 
2.8250 1.007669 
2.8350 0.998391 
2.8450 1.009974 
2.8550 0.996081 
2.8650 0.999235 
2.8750 1.008227 
2.8850 0.999522 
2.8950 1.002249 
2.9050 0.997245 
2.9150 0.997701 
2.9250 0.992864 
2.9350 0.997615 
2.9450 1.002072 
2.9550 1.003085 
2.9650 1.002131 
2.9750 1.003654 
2.9850 0.997003 
2.9950 1.001188 
3.0050 0.995984 
3.0150 0.999209 
3.0250 1.002922 
3.0350 1.007230 
3.0450 1.002523 
3.0550 1.005321 
3.0650 0.990385 
3.0750 0.996012 
3.0850 1.004431 
3.0950 0.994284 
3.1050 0.999266 
3.1150 0.995405 
3.1250 1.003964 
3.1350 0.992501 
3.1450 1.000798 
3.1550 0.998688 
3.1650 0.997483 
3.1750 0.999033 
3.1850 1.001781 
3.1950 0.998704 
3.2050 0.998208 
3.2150 1.004923 
3.2250 1.004013 
3.2350 0.994279 
3.2450 1.008798 
3.2550 1.012088 
3.2650 1.003912 
3.2750 0.999676 
3.2850 1.001636 
3.2950 0.998315 
3.3050 1.000138 
3.3150 0.989592 
3.3250 0.997140 
3.3350 1.000002 
3.3450 1.000545 
3.3550 1.001952 
3.3650 0.997987 
3.3750 1.000610 
3.3850 0.988309 
3.3950 0.994875 
3.4050 0.997760 
3.4150 0.999901 
3.4250 1.007275 
3.4350 0.999367 
3.4450 1.001659 
3.4550 0.992204 
3.4650 0.994133 
3.4750 1.011114 
3.4850 1.003235 
3.4950 1.000344 
3.5050 1.001008 
3.5150 0.999405 
3.5250 0.995385 
3.5350 1.000703 
3.5450 1.002661 
3.5550 0.998882 
3.5650 1.007217 
3.5750 0.998446 
3.5850 0.998313 
3.5950 0.996515 
3.6050 1.000944 
3.6150 1.002935 
3.6250 0.999275 
3.6350 1.005048 
3.6450 1.001098 
3.6550 0.989072 
3.6650 0.996109 
3.6750 1.008554 
3.6850 0.992776 
3.6950 0.997639 
3.7050 0.996820 
3.7150 1.004663 
3.7250 0.997400 
3.7350 0.996726 
3.7450 1.008023 
3.7550 1.006891 
3.7650 1.000722 
3.7750 1.003943 
3.7850 1.004638 
3.7950 1.002243 
3.8050 0.999163 
3.8150 1.001032 
3.8250 1.004792 
3.8350 0.998830 
3.8450 1.003643 
3.8550 0.998624 
3.8650 1.004653 
3.8750 1.006479 
3.8850 1.003363 
3.8950 0.994224 
3.9050 0.996150 
3.9150 1.007702 
3.9250 0.991015 
3.9350 1.003087 
3.9450 1.003822 
3.9550 0.999383 
3.9650 0.994967 
3.9750 1.005165 
3.9850 1.001036 
3.9950 1.002023 
4.0050 1.004522 
4.0150 1.006051 
4.0250 0.999474 
4.0350 0.998908 
4.0450 1.001792 
4.0550 1.005527 
4.0650 1.004655 
4.0750 1.006203 
4.0850 1.002423 
4.0950 0.995946 
4.1050 1.002547 
4.1150 1.004479 
4.1250 0.996282 
4.1350 1.002420 
4.1450 1.000706 
4.1550 1.003345 
4.1650 1.003014 
4.1750 0.999569 
4.1850 0.998900 
4.1950 0.996359 
4.2050 1.005610 
4.2150 0.998558 
4.2250 1.001988 
4.2350 0.997868 
4.2450 1.001949 
4.2550 0.995174 
4.2650 1.002612 
4.2750 1.002010 
4.2850 1.000733 
4.2950 1.005039 
4.3050 1.000044 
4.3150 1.008118 
4.3250 1.000192 
4.3350 1.010814 
4.3450 0.998744 
4.3550 0.996217 
4.3650 0.999367 
4.3750 1.011184 
4.3850 1.004452 
4.3950 0.996680 
4.4050 0.998887 
4.4150 0.999301 
4.4250 1.001319 
4.4350 0.991559 
4.4450 1.003189 
4.4550 0.999883 
4.4650 0.995615 
4.4750 0.991347 
4.4850 1.008960 
4.4950 1.010601 