
0.0050 0.179870 
0.0150 0.205565 
0.0250 0.276942 
0.0350 0.250533 
0.0450 0.227835 
0.0550 0.234116 
0.0650 0.258180 
0.0750 0.239826 
0.0850 0.237923 
0.0950 0.254387 
0.1050 0.246834 
0.1150 0.261239 
0.1250 0.272111 
0.1350 0.274699 
0.1450 0.253530 
0.1550 0.269269 
0.1650 0.287187 
0.1750 0.283128 
0.1850 0.283103 
0.1950 0.292930 
0.2050 0.290401 
0.2150 0.310684 
0.2250 0.295686 
0.2350 0.307634 
0.2450 0.316570 
0.2550 0.320537 
0.2650 0.323575 
0.2750 0.353009 
0.2850 0.355013 
0.2950 0.353458 
0.3050 0.334320 
0.3150 0.361077 
0.3250 0.362335 
0.3350 0.351426 
0.3450 0.361697 
0.3550 0.350460 
0.3650 0.386129 
0.3750 0.362444 
0.3850 0.379944 
0.3950 0.382651 
0.4050 0.388568 
0.4150 0.379929 
0.4250 0.408143 
0.4350 0.392443 
0.4450 0.401994 
0.4550 0.420068 
0.4650 0.401289 
0.4750 0.434863 
0.4850 0.403789 
0.4950 0.425349 
0.5050 0.436994 
0.5150 0.430896 
0.5250 0.446684 
0.5350 0.449198 
0.5450 0.434957 
0.5550 0.452886 
0.5650 0.451853 
0.5750 0.453366 
0.5850 0.456424 
0.5950 0.472657 
0.6050 0.487234 
0.6150 0.477579 
0.6250 0.469048 
0.6350 0.485809 
0.6450 0.499154 
0.6550 0.514432 
0.6650 0.503047 
0.6750 0.500813 
0.6850 0.522851 
0.6950 0.519908 
0.7050 0.527786 
0.7150 0.532233 
0.7250 0.538083 
0.7350 0.537988 
0.7450 0.560965 
0.7550 0.551216 
0.7650 0.575093 
0.7750 0.568818 
0.7850 0.575929 
0.7950 0.577938 
0.8050 0.576830 
0.8150 0.595074 
0.8250 0.603177 
0.8350 0.600585 
0.8450 0.606821 
0.8550 0.608529 
0.8650 0.612954 
0.8750 0.631003 
0.8850 0.651438 
0.8950 0.653907 
0.9050 0.659333 
0.9150 0.664084 
0.9250 0.673797 
0.9350 0.683668 
0.9450 0.692430 
0.9550 0.708058 
0.9650 0.719213 
0.9750 0.721488 
0.9850 0.735917 
0.9950 0.763589 
1.0050 0.781385 
1.0150 0.778007 
1.0250 0.793488 
1.0350 0.803813 
1.0450 0.804641 
1.0550 0.814261 
1.0650 0.830986 
1.0750 0.822340 
1.0850 0.841984 
1.0950 0.844608 
1.1050 0.863003 
1.1150 0.863328 
1.1250 0.869938 
1.1350 0.869670 
1.1450 0.868662 
1.1550 0.886426 
1.1650 0.879508 
1.1750 0.891218 
1.1850 0.883657 
1.1950 0.893852 
1.2050 0.893472 
1.2150 0.891765 
1.2250 0.890435 
1.2350 0.894098 
1.2450 0.906337 
1.2550 0.912331 
1.2650 0.903664 
1.2750 0.908448 
1.2850 0.901937 
1.2950 0.909691 
1.3050 0.920401 
1.3150 0.911676 
1.3250 0.916671 
1.3350 0.926833 
1.3450 0.913306 
1.3550 0.926744 
1.3650 0.917416 
1.3750 0.918899 
1.3850 0.940448 
1.3950 0.926940 
1.4050 0.922613 
1.4150 0.925405 
1.4250 0.927859 
1.4350 0.933609 
1.4450 0.924925 
1.4550 0.935310 
1.4650 0.936231 
1.4750 0.938470 
1.4850 0.934701 
1.4950 0.932752 
1.5050 0.940018 
1.5150 0.941498 
1.5250 0.939599 
1.5350 0.956190 
1.5450 0.941345 
1.5550 0.941844 
1.5650 0.942883 
1.5750 0.946402 
1.5850 0.962052 
1.5950 0.958983 
1.6050 0.959464 
1.6150 0.960203 
1.6250 0.954680 
1.6350 0.963012 
1.6450 0.961017 
1.6550 0.972926 
1.6650 0.963561 
1.6750 0.947221 
1.6850 0.944758 
1.6950 0.966459 
1.7050 0.979290 
1.7150 0.980369 
1.7250 0.967424 
1.7350 0.983474 
1.7450 0.966597 
1.7550 0.976240 
1.7650 0.977886 
1.7750 0.980621 
1.7850 0.967917 
1.7950 0.973913 
1.8050 0.974920 
1.8150 0.986223 
1.8250 0.987246 
1.8350 0.980717 
1.8450 0.995093 
1.8550 0.991954 
1.8650 0.988160 
1.8750 0.995159 
1.8850 0.990710 
1.8950 0.991897 
1.9050 0.996884 
1.9150 1.016674 
1.9250 1.008832 
1.9350 1.001115 
1.9450 1.010652 
1.9550 1.007505 
1.9650 1.006696 
1.9750 1.001308 
1.9850 1.018099 
1.9950 1.026841 
2.0050 1.020284 
2.0150 1.020999 
2.0250 1.038839 
2.0350 1.028834 
2.0450 1.021266 
2.0550 1.022712 
2.0650 1.020337 
2.0750 1.039809 
2.0850 1.011761 
2.0950 1.015753 
2.1050 1.013496 
2.1150 1.029725 
2.1250 1.022357 
2.1350 1.018981 
2.1450 1.016871 
2.1550 1.010458 
2.1650 1.016340 
2.1750 1.016039 
2.1850 1.008701 
2.1950 1.018288 
2.2050 1.016005 
2.2150 1.001204 
2.2250 1.004435 
2.2350 1.008784 
2.2450 1.005290 
2.2550 1.003040 
2.2650 1.008055 
2.2750 1.007578 
2.2850 1.000111 
2.2950 1.009578 
2.3050 1.001982 
2.3150 1.006007 
2.3250 1.003601 
2.3350 0.990490 
2.3450 0.998522 
2.3550 1.008554 
2.3650 1.007913 
2.3750 1.010012 
2.3850 0.996253 
2.3950 0.993422 
2.4050 0.998612 
2.4150 1.006802 
2.4250 0.999874 
2.4350 0.996162 
2.4450 0.990593 
2.4550 0.993321 
2.4650 0.993080 
2.4750 1.001370 
2.4850 0.998140 
2.4950 0.995929 
2.5050 0.995067 
2.5150 0.999071 
2.5250 1.003552 
2.5350 0.996499 
2.5450 0.996555 
2.5550 1.000692 
2.5650 1.001230 
2.5750 1.003325 
2.5850 1.009836 
2.5950 0.987010 
2.6050 1.000260 
2.6150 0.994808 
2.6250 0.995780 
2.6350 0.994668 
2.6450 0.998963 
2.6550 0.993598 
2.6650 1.001232 
2.6750 1.002226 
2.6850 0.990190 
2.6950 0.999434 
2.7050 1.002857 
2.7150 0.997879 
2.7250 0.998020 
2.7350 0.998473 
2.7450 0.997521 
2.7550 0.992572 
2.7650 0.987999 
2.7750 0.996030 
2.7850 1.000749 
2.7950 0.996012 
2.8050 0.990608 
2.8150 0.999306 
2.8250 0.990841 
2.8350 1.004875 
2.8450 0.995278 
2.8550 0.998746 
2.8650 1.000310 
2.8750 0.996539 
2.8850 1.004442 
2.8950 0.993860 
2.9050 0.987208 
2.9150 1.007381 
2.9250 0.991402 
2.9350 0.992196 
2.9450 0.995365 
2.9550 0.998398 
2.9650 0.996420 
2.9750 0.998020 
2.9850 0.996544 
2.9950 0.999846 
3.0050 0.995756 
3.0150 1.005335 
3.0250 0.999529 
3.0350 0.995622 
3.0450 0.996963 
3.0550 1.002718 
3.0650 0.997806 
3.0750 1.004049 
3.0850 1.003433 
3.0950 1.010861 
3.1050 0.998522 
3.1150 0.998671 
3.1250 0.997615 
3.1350 0.999457 
3.1450 1.006263 
3.1550 0.999149 
3.1650 1.010858 
3.1750 0.998144 
3.1850 1.006104 
3.1950 1.002077 
3.2050 0.997354 
3.2150 0.996039 
3.2250 1.003005 
3.2350 1.012678 
3.2450 1.002921 
3.2550 1.002341 
3.2650 0.998594 
3.2750 1.001530 
3.2850 1.004005 
3.2950 1.002831 
3.3050 0.994108 
3.3150 0.997745 
3.3250 1.007866 
3.3350 0.997515 
3.3450 1.000290 
3.3550 1.005622 
3.3650 0.997784 
3.3750 1.003524 
3.3850 0.998063 
3.3950 1.005204 
3.4050 1.002231 
3.4150 1.010821 
3.4250 0.997536 
3.4350 0.997101 
3.4450 0.990685 
3.4550 0.996412 
3.4650 0.999489 
3.4750 1.002204 
3.4850 1.008364 
3.4950 1.001445 
3.5050 0.998738 
3.5150 1.000159 
3.5250 1.008827 
3.5350 0.997050 
3.5450 1.000055 
3.5550 0.992314 
3.5650 1.002442 
3.5750 0.991843 
3.5850 0.998360 
3.5950 1.003415 
3.6050 1.002605 
3.6150 1.000663 
3.6250 0.999653 
3.6350 1.008860 
3.6450 1.002741 
3.6550 1.002060 
3.6650 0.998839 
3.6750 1.004085 
3.6850 0.999345 
3.6950 0.996852 
3.7050 1.000745 
3.7150 1.000012 
3.7250 0.993542 
3.7350 0.999062 
3.7450 0.995484 
3.7550 0.995387 
3.7650 1.003448 
3.7750 0.990393 
3.7850 1.003509 
3.7950 0.992934 
3.8050 0.997049 
3.8150 0.996413 
3.8250 1.013781 
3.8350 1.002264 
3.8450 1.012564 
3.8550 1.000377 
3.8650 0.994052 
3.8750 0.996832 
3.8850 0.993896 
3.8950 1.007511 
3.9050 0.998231 
3.9150 0.995553 
3.9250 1.003155 
3.9350 0.996174 
3.9450 0.997294 
3.9550 1.005353 
3.9650 1.006338 
3.9750 0.994232 
3.9850 1.001486 
3.9950 0.994978 
4.0050 0.995979 
4.0150 1.009140 
4.0250 1.003044 
4.0350 1.000031 
4.0450 0.994136 
4.0550 1.001160 
4.0650 0.999563 
4.0750 0.997889 
4.0850 1.002905 
4.0950 1.006455 
4.1050 1.003735 
4.1150 1.002712 
4.1250 1.003375 
4.1350 0.997579 
4.1450 1.005040 
4.1550 0.999742 
4.1650 1.003732 
4.1750 1.005655 
4.1850 1.001905 
4.1950 1.007331 
4.2050 1.005304 
4.2150 1.003247 
4.2250 1.005977 
4.2350 1.009302 
4.2450 1.003864 
4.2550 1.010495 
4.2650 0.999242 
4.2750 1.000770 
4.2850 1.001351 
4.2950 0.995378 
4.3050 1.004495 
4.3150 1.003617 
4.3250 1.001596 
4.3350 0.998972 
4.3450 1.000161 
4.3550 0.998712 
4.3650 0.999818 
4.3750 0.998474 
4.3850 1.001057 
4.3950 1.005226 
4.4050 0.996673 
4.4150 1.007188 
4.4250 1.001608 
4.4350 0.998870 
4.4450 1.001245 
4.4550 0.999537 
4.4650 0.990595 
4.4750 1.003278 
4.4850 0.992916 
4.4950 1.004376 