
0.0050 0.000000 
0.0150 0.000000 
0.0250 0.000000 
0.0350 0.000000 
0.0450 0.000000 
0.0550 0.000000 
0.0650 0.000000 
0.0750 0.000000 
0.0850 0.000000 
0.0950 0.000000 
0.1050 0.000000 
0.1150 0.000000 
0.1250 0.000000 
0.1350 0.000000 
0.1450 0.000000 
0.1550 0.000000 
0.1650 0.000000 
0.1750 0.000000 
0.1850 0.000000 
0.1950 0.000000 
0.2050 0.000000 
0.2150 0.000000 
0.2250 0.000000 
0.2350 0.000000 
0.2450 0.000000 
0.2550 0.000000 
0.2650 0.000000 
0.2750 0.000000 
0.2850 0.000000 
0.2950 0.000000 
0.3050 0.000000 
0.3150 0.000000 
0.3250 0.000000 
0.3350 0.000000 
0.3450 0.000000 
0.3550 0.000000 
0.3650 0.000000 
0.3750 0.000000 
0.3850 0.000000 
0.3950 0.000000 
0.4050 0.000000 
0.4150 0.000000 
0.4250 0.000000 
0.4350 0.000000 
0.4450 0.001522 
0.4550 0.010986 
0.4650 0.025149 
0.4750 0.031941 
0.4850 0.048420 
0.4950 0.058415 
0.5050 0.066338 
0.5150 0.081864 
0.5250 0.092763 
0.5350 0.096121 
0.5450 0.111659 
0.5550 0.129549 
0.5650 0.131935 
0.5750 0.146495 
0.5850 0.155771 
0.5950 0.160741 
0.6050 0.177202 
0.6150 0.179870 
0.6250 0.188435 
0.6350 0.214532 
0.6450 0.214262 
0.6550 0.227368 
0.6650 0.230749 
0.6750 0.249651 
0.6850 0.252984 
0.6950 0.267602 
0.7050 0.292183 
0.7150 0.300615 
0.7250 0.305649 
0.7350 0.318880 
0.7450 0.334615 
0.7550 0.332353 
0.7650 0.351619 
0.7750 0.362045 
0.7850 0.367871 
0.7950 0.395713 
0.8050 0.397278 
0.8150 0.405385 
0.8250 0.420934 
0.8350 0.437438 
0.8450 0.447306 
0.8550 0.458837 
0.8650 0.475222 
0.8750 0.483351 
0.8850 0.500439 
0.8950 0.506965 
0.9050 0.520502 
0.9150 0.543705 
0.9250 0.557200 
0.9350 0.569769 
0.9450 0.597943 
0.9550 0.611521 
0.9650 0.656078 
0.9750 0.694657 
0.9850 0.760747 
0.9950 1.091722 
1.0050 2.106958 
1.0150 2.167420 
1.0250 1.860315 
1.0350 1.605484 
1.0450 1.395152 
1.0550 1.213513 
1.0650 1.140615 
1.0750 1.112209 
1.0850 1.045978 
1.0950 1.033744 
1.1050 1.011235 
1.1150 1.000677 
1.1250 0.985151 
1.1350 0.990184 
1.1450 0.962507 
1.1550 0.977542 
1.1650 0.975190 
1.1750 0.962280 
1.1850 0.973196 
1.1950 0.978291 
1.2050 0.973887 
1.2150 0.977207 
1.2250 0.965780 
1.2350 0.979128 
1.2450 0.965814 
1.2550 1.000023 
1.2650 1.000174 
1.2750 0.977238 
1.2850 0.984203 
1.2950 0.995541 
1.3050 0.995919 
1.3150 0.999340 
1.3250 1.011533 
1.3350 1.003025 
1.3450 1.015834 
1.3550 1.012081 
1.3650 1.024512 
1.3750 1.015164 
1.3850 1.014269 
1.3950 1.021891 
1.4050 1.026550 
1.4150 1.034702 
1.4250 1.025909 
1.4350 1.025803 
1.4450 1.047024 
1.4550 1.036274 
1.4650 1.032720 
1.4750 1.052017 
1.4850 1.052947 
1.4950 1.051181 
1.5050 1.050345 
1.5150 1.053353 
1.5250 1.053241 
1.5350 1.053188 
1.5450 1.054461 
1.5550 1.064229 
1.5650 1.051667 
1.5750 1.051950 
1.5850 1.051205 
1.5950 1.048061 
1.6050 1.027294 
1.6150 1.033219 
1.6250 1.036549 
1.6350 1.027095 
1.6450 1.022739 
1.6550 1.018126 
1.6650 1.016491 
1.6750 1.024716 
1.6850 1.004005 
1.6950 1.017548 
1.7050 1.010495 
1.7150 1.005915 
1.7250 0.994902 
1.7350 1.001343 
1.7450 0.999194 
1.7550 0.983053 
1.7650 1.002566 
1.7750 0.994431 
1.7850 0.996866 
1.7950 0.992471 
1.8050 0.981451 
1.8150 0.987353 
1.8250 0.973486 
1.8350 0.980112 
1.8450 0.975277 
1.8550 0.990250 
1.8650 0.971580 
1.8750 0.971378 
1.8850 0.973127 
1.8950 0.978598 
1.9050 0.978991 
1.9150 0.987587 
1.9250 0.978254 
1.9350 0.983146 
1.9450 0.978279 
1.9550 0.984432 
1.9650 0.998391 
1.9750 0.988936 
1.9850 0.996018 
1.9950 1.000717 
2.0050 1.005752 
2.0150 0.996830 
2.0250 1.011919 
2.0350 1.006119 
2.0450 0.995863 
2.0550 1.001299 
2.0650 0.990089 
2.0750 0.999989 
2.0850 0.987623 
2.0950 0.990139 
2.1050 0.986421 
2.1150 0.989242 
2.1250 0.980214 
2.1350 0.994005 
2.1450 0.993047 
2.1550 0.981709 
2.1650 0.991513 
2.1750 0.984096 
2.1850 0.983475 
2.1950 0.988114 
2.2050 0.986511 
2.2150 0.985347 
2.2250 0.990799 
2.2350 0.995630 
2.2450 0.973085 
2.2550 0.993868 
2.2650 0.987754 
2.2750 0.991687 
2.2850 0.982307 
2.2950 0.981797 
2.3050 0.989078 
2.3150 1.000026 
2.3250 1.002241 
2.3350 0.992357 
2.3450 0.999797 
2.3550 0.988883 
2.3650 0.998191 
2.3750 1.001591 
2.3850 0.997185 
2.3950 1.000846 
2.4050 0.994987 
2.4150 0.994379 
2.4250 1.013198 
2.4350 0.994408 
2.4450 0.996362 
2.4550 0.999902 
2.4650 1.003170 
2.4750 1.003788 
2.4850 1.000101 
2.4950 1.002302 
2.5050 1.000561 
2.5150 1.002232 
2.5250 0.999659 
2.5350 1.005469 
2.5450 1.001022 
2.5550 0.998215 
2.5650 1.001497 
2.5750 1.010762 
2.5850 1.004941 
2.5950 1.000779 
2.6050 1.018013 
2.6150 1.000528 
2.6250 1.008513 
2.6350 0.997750 
2.6450 0.993242 
2.6550 1.009955 
2.6650 1.004921 
2.6750 1.018078 
2.6850 1.004710 
2.6950 1.008633 
2.7050 1.000076 
2.7150 1.003043 
2.7250 1.010444 
2.7350 1.006069 
2.7450 1.009761 
2.7550 1.003310 
2.7650 1.006490 
2.7750 1.018460 
2.7850 1.007319 
2.7950 0.997695 
2.8050 1.002130 
2.8150 0.993990 
2.8250 1.006822 
2.8350 1.002130 
2.8450 1.005166 
2.8550 0.991050 
2.8650 1.005413 
2.8750 1.012183 
2.8850 1.006102 
2.8950 1.004759 
2.9050 1.003543 
2.9150 0.991042 
2.9250 1.004937 
2.9350 1.001285 
2.9450 0.998501 
2.9550 1.002622 
2.9650 1.009830 
2.9750 0.998078 
2.9850 1.000612 
2.9950 1.006698 
3.0050 1.004378 
3.0150 1.004229 
3.0250 0.997579 
3.0350 0.999059 
3.0450 1.001456 
3.0550 0.999331 
3.0650 1.004725 
3.0750 0.998431 
3.0850 1.006621 
3.0950 0.999284 
3.1050 1.002819 
3.1150 1.000318 
3.1250 0.993455 
3.1350 0.995366 
3.1450 1.004850 
3.1550 1.008636 
3.1650 0.993484 
3.1750 1.001969 
3.1850 1.008601 
3.1950 1.004753 
3.2050 1.005546 
3.2150 0.987075 
3.2250 0.999611 
3.2350 1.011806 
3.2450 1.000127 
3.2550 0.989125 
3.2650 0.999642 
3.2750 0.998866 
3.2850 0.983490 
3.2950 1.007477 
3.3050 1.001638 
3.3150 0.994907 
3.3250 0.997140 
3.3350 0.995566 
3.3450 0.993667 
3.3550 0.995273 
3.3650 0.995522 
3.3750 1.007402 
3.3850 0.994854 
3.3950 0.996512 
3.4050 0.993565 
3.4150 1.004434 
3.4250 1.003354 
3.4350 1.001433 
3.4450 1.000988 
3.4550 1.008195 
3.4650 1.005463 
3.4750 1.004714 
3.4850 1.008192 
3.4950 0.996648 
3.5050 1.001252 
3.5150 0.999527 
3.5250 0.991964 
3.5350 1.002977 
3.5450 1.001841 
3.5550 1.005522 
3.5650 1.010144 
3.5750 1.001221 
3.5850 0.998623 
3.5950 0.994945 
3.6050 1.004645 
3.6150 1.003006 
3.6250 1.011026 
3.6350 1.003613 
3.6450 1.003867 
3.6550 1.013340 
3.6650 0.998956 
3.6750 1.005552 
3.6850 0.996490 
3.6950 1.009376 
3.7050 0.997836 
3.7150 1.006229 
3.7250 1.003577 
3.7350 0.993657 
3.7450 0.997790 
3.7550 1.008190 
3.7650 1.007537 
3.7750 1.000703 
3.7850 1.000323 
3.7950 1.006706 
3.8050 1.006289 
3.8150 0.999305 
3.8250 0.998530 
3.8350 1.015714 
3.8450 1.000306 
3.8550 1.004150 
3.8650 0.993808 
3.8750 0.995861 
3.8850 0.999907 
3.8950 0.993148 
3.9050 1.002415 
3.9150 1.000776 
3.9250 0.997859 
3.9350 0.998782 
3.9450 1.000786 
3.9550 1.003796 
3.9650 0.994018 
3.9750 1.009641 
3.9850 1.005308 
3.9950 0.998790 
4.0050 1.013536 
4.0150 1.002578 
4.0250 0.999814 
4.0350 1.000943 
4.0450 0.996209 
4.0550 0.993122 
4.0650 1.010254 
4.0750 0.997659 
4.0850 1.000371 
4.0950 1.003238 
4.1050 0.994107 
4.1150 0.999386 
4.1250 1.005117 
4.1350 1.000930 
4.1450 1.006857 
4.1550 1.000257 
4.1650 1.004821 
4.1750 0.993995 
4.1850 1.006341 
4.1950 1.006474 
4.2050 1.001968 
4.2150 1.004201 
4.2250 1.006099 
4.2350 0.998737 
4.2450 1.012872 
4.2550 1.000140 
4.2650 1.009111 
4.2750 0.999989 
4.2850 1.006842 
4.2950 0.997828 
4.3050 1.004416 
4.3150 0.999692 
4.3250 1.010597 
4.3350 1.003492 
4.3450 1.001973 
4.3550 1.003800 
4.3650 0.997367 
4.3750 0.995638 
4.3850 1.001506 
4.3950 1.005128 
4.4050 1.002655 
4.4150 0.998390 
4.4250 1.004180 
4.4350 0.999738 
4.4450 0.994855 
4.4550 1.007085 
4.4650 0.999869 
4.4750 1.007522 
4.4850 0.992954 
4.4950 1.000018 