
0.0050 0.000000 
0.0150 0.000000 
0.0250 0.000000 
0.0350 0.000000 
0.0450 0.000000 
0.0550 0.000000 
0.0650 0.000000 
0.0750 0.000000 
0.0850 0.000000 
0.0950 0.000000 
0.1050 0.000000 
0.1150 0.000000 
0.1250 0.000000 
0.1350 0.000000 
0.1450 0.000000 
0.1550 0.000000 
0.1650 0.000000 
0.1750 0.000000 
0.1850 0.000000 
0.1950 0.000000 
0.2050 0.000000 
0.2150 0.007008 
0.2250 0.017503 
0.2350 0.032120 
0.2450 0.043511 
0.2550 0.043485 
0.2650 0.063763 
0.2750 0.072804 
0.2850 0.087129 
0.2950 0.098500 
0.3050 0.107203 
0.3150 0.114560 
0.3250 0.112645 
0.3350 0.118653 
0.3450 0.134596 
0.3550 0.141326 
0.3650 0.156489 
0.3750 0.152821 
0.3850 0.179211 
0.3950 0.175159 
0.4050 0.185719 
0.4150 0.193941 
0.4250 0.202378 
0.4350 0.206344 
0.4450 0.210704 
0.4550 0.226792 
0.4650 0.239462 
0.4750 0.239826 
0.4850 0.253286 
0.4950 0.255072 
0.5050 0.259644 
0.5150 0.267663 
0.5250 0.287177 
0.5350 0.279639 
0.5450 0.295111 
0.5550 0.297641 
0.5650 0.306544 
0.5750 0.319866 
0.5850 0.315897 
0.5950 0.326763 
0.6050 0.336571 
0.6150 0.347029 
0.6250 0.349543 
0.6350 0.347560 
0.6450 0.368173 
0.6550 0.375182 
0.6650 0.381344 
0.6750 0.393748 
0.6850 0.403806 
0.6950 0.403055 
0.7050 0.412096 
0.7150 0.421004 
0.7250 0.420517 
0.7350 0.431965 
0.7450 0.435570 
0.7550 0.451026 
0.7650 0.461965 
0.7750 0.456263 
0.7850 0.455908 
0.7950 0.480723 
0.8050 0.483776 
0.8150 0.496887 
0.8250 0.512468 
0.8350 0.539404 
0.8450 0.542430 
0.8550 0.553851 
0.8650 0.574066 
0.8750 0.615625 
0.8850 0.644605 
0.8950 0.686550 
0.9050 0.737173 
0.9150 0.826357 
0.9250 0.891519 
0.9350 0.984271 
0.9450 1.046129 
0.9550 1.114638 
0.9650 1.126370 
0.9750 1.164258 
0.9850 1.180010 
0.9950 1.168981 
1.0050 1.159018 
1.0150 1.124059 
1.0250 1.126866 
1.0350 1.081770 
1.0450 1.050911 
1.0550 1.011989 
1.0650 0.993485 
1.0750 0.971835 
1.0850 0.968970 
1.0950 0.938436 
1.1050 0.920645 
1.1150 0.929096 
1.1250 0.907989 
1.1350 0.902503 
1.1450 0.889516 
1.1550 0.896911 
1.1650 0.891514 
1.1750 0.897896 
1.1850 0.887616 
1.1950 0.883431 
1.2050 0.912018 
1.2150 0.898435 
1.2250 0.904292 
1.2350 0.899831 
1.2450 0.903048 
1.2550 0.904718 
1.2650 0.895976 
1.2750 0.900284 
1.2850 0.910104 
1.2950 0.906858 
1.3050 0.920074 
1.3150 0.932505 
1.3250 0.919312 
1.3350 0.927216 
1.3450 0.933862 
1.3550 0.926996 
1.3650 0.943237 
1.3750 0.936215 
1.3850 0.936074 
1.3950 0.928470 
1.4050 0.931543 
1.4150 0.938193 
1.4250 0.951877 
1.4350 0.937297 
1.4450 0.961844 
1.4550 0.972387 
1.4650 0.964432 
1.4750 0.958668 
1.4850 0.962006 
1.4950 0.962159 
1.5050 0.966395 
1.5150 0.962009 
1.5250 0.970892 
1.5350 0.977380 
1.5450 0.979916 
1.5550 0.978521 
1.5650 0.968251 
1.5750 0.980880 
1.5850 0.978858 
1.5950 0.978255 
1.6050 0.991437 
1.6150 0.983519 
1.6250 0.992672 
1.6350 0.981553 
1.6450 1.005037 
1.6550 0.996713 
1.6650 0.995719 
1.6750 0.991832 
1.6850 1.012115 
1.6950 0.998402 
1.7050 1.009043 
1.7150 1.016920 
1.7250 1.026439 
1.7350 1.013452 
1.7450 1.022491 
1.7550 1.027242 
1.7650 1.021487 
1.7750 1.034226 
1.7850 1.017155 
1.7950 1.035297 
1.8050 1.040887 
1.8150 1.027356 
1.8250 1.030540 
1.8350 1.022659 
1.8450 1.022733 
1.8550 1.021609 
1.8650 1.023933 
1.8750 1.017393 
1.8850 1.027962 
1.8950 1.016781 
1.9050 1.015853 
1.9150 1.016941 
1.9250 1.012027 
1.9350 1.013035 
1.9450 1.016142 
1.9550 1.009297 
1.9650 1.026609 
1.9750 1.013551 
1.9850 1.002517 
1.9950 1.006927 
2.0050 1.009673 
2.0150 1.005310 
2.0250 1.019092 
2.0350 1.004229 
2.0450 1.014582 
2.0550 1.002379 
2.0650 1.002585 
2.0750 1.009336 
2.0850 1.005163 
2.0950 1.000580 
2.1050 1.005337 
2.1150 1.000070 
2.1250 0.999235 
2.1350 0.998248 
2.1450 1.005516 
2.1550 0.995468 
2.1650 0.997946 
2.1750 1.003780 
2.1850 1.002052 
2.1950 0.993098 
2.2050 0.986550 
2.2150 0.982260 
2.2250 0.995831 
2.2350 0.999186 
2.2450 0.981650 
2.2550 0.985530 
2.2650 0.995037 
2.2750 0.985977 
2.2850 0.996856 
2.2950 0.996172 
2.3050 0.994270 
2.3150 0.994304 
2.3250 1.002351 
2.3350 0.993785 
2.3450 0.999360 
2.3550 0.986815 
2.3650 0.990096 
2.3750 0.984784 
2.3850 0.985287 
2.3950 0.993458 
2.4050 0.973734 
2.4150 0.994379 
2.4250 0.981193 
2.4350 0.990195 
2.4450 0.996886 
2.4550 0.984164 
2.4650 0.994224 
2.4750 0.996881 
2.4850 0.986892 
2.4950 0.992743 
2.5050 0.990665 
2.5150 0.996318 
2.5250 0.992244 
2.5350 1.005839 
2.5450 0.998469 
2.5550 0.985335 
2.5650 0.983733 
2.5750 0.996619 
2.5850 0.995351 
2.5950 0.994718 
2.6050 0.994878 
2.6150 0.990786 
2.6250 0.997375 
2.6350 0.987952 
2.6450 0.992401 
2.6550 0.990152 
2.6650 0.992827 
2.6750 1.002162 
2.6850 1.018337 
2.6950 0.991218 
2.7050 0.992775 
2.7150 1.000147 
2.7250 1.006460 
2.7350 0.996628 
2.7450 1.015305 
2.7550 1.007561 
2.7650 1.006954 
2.7750 1.008692 
2.7850 1.006305 
2.7950 1.001182 
2.8050 1.004264 
2.8150 0.998820 
2.8250 0.998649 
2.8350 1.009550 
2.8450 1.005406 
2.8550 1.004886 
2.8650 0.997713 
2.8750 1.012747 
2.8850 1.003316 
2.8950 0.999915 
2.9050 1.007811 
2.9150 1.001103 
2.9250 1.007714 
2.9350 1.008510 
2.9450 1.012263 
2.9550 1.007107 
2.9650 0.996536 
2.9750 1.003022 
2.9850 1.012643 
2.9950 1.003758 
3.0050 0.994674 
3.0150 1.009732 
3.0250 0.999529 
3.0350 0.995706 
3.0450 0.998086 
3.0550 1.004482 
3.0650 1.001238 
3.0750 1.003410 
3.0850 1.011305 
3.0950 1.005308 
3.1050 1.003618 
3.1150 1.007237 
3.1250 0.999366 
3.1350 1.004776 
3.1450 1.011593 
3.1550 1.001534 
3.1650 1.002157 
3.1750 0.996447 
3.1850 1.003392 
3.1950 0.990059 
3.2050 1.004345 
3.2150 1.008355 
3.2250 0.994706 
3.2350 1.010034 
3.2450 1.003791 
3.2550 0.999950 
3.2650 0.999170 
3.2750 1.004794 
3.2850 0.991769 
3.2950 0.994292 
3.3050 1.005028 
3.3150 0.998648 
3.3250 1.011081 
3.3350 1.005567 
3.3450 0.999165 
3.3550 1.000677 
3.3650 0.992803 
3.3750 0.995669 
3.3850 1.004202 
3.3950 1.004448 
3.4050 1.003888 
3.4150 1.003608 
3.4250 0.992266 
3.4350 1.001458 
3.4450 1.001807 
3.4550 1.007774 
3.4650 0.995564 
3.4750 0.997035 
3.4850 1.005002 
3.4950 0.990726 
3.5050 0.997372 
3.5150 1.005561 
3.5250 0.999437 
3.5350 1.005905 
3.5450 0.995037 
3.5550 0.995562 
3.5650 1.000787 
3.5750 1.000527 
3.5850 0.996905 
3.5950 0.998586 
3.6050 1.002913 
3.6150 1.002698 
3.6250 1.001469 
3.6350 0.999048 
3.6450 1.001145 
3.6550 0.996257 
3.6650 0.999703 
3.6750 1.004760 
3.6850 1.002966 
3.6950 0.993218 
3.7050 0.993773 
3.7150 0.998562 
3.7250 1.003945 
3.7350 0.994160 
3.7450 1.003547 
3.7550 1.000877 
3.7650 0.999722 
3.7750 1.005597 
3.7850 0.999893 
3.7950 1.006413 
3.8050 1.000354 
3.8150 1.006346 
3.8250 0.997725 
3.8350 1.012123 
3.8450 1.001708 
3.8550 1.000288 
3.8650 1.000979 
3.8750 1.006192 
3.8850 1.006864 
3.8950 1.006106 
3.9050 1.003160 
3.9150 1.002349 
3.9250 1.009082 
3.9350 1.003500 
3.9450 1.005708 
3.9550 1.005007 
3.9650 1.008538 
3.9750 1.009878 
3.9850 0.999103 
3.9950 1.002558 
4.0050 0.997666 
4.0150 1.003643 
4.0250 0.998879 
4.0350 1.010483 
4.0450 0.993988 
4.0550 0.994641 
4.0650 1.003140 
4.0750 0.999758 
4.0850 1.005020 
4.0950 1.008168 
4.1050 1.003047 
4.1150 1.005145 
4.1250 0.991616 
4.1350 1.005482 
4.1450 0.998064 
4.1550 1.000051 
4.1650 1.001288 
4.1750 1.006925 
4.1850 1.007670 
4.1950 1.002681 
4.2050 0.997308 
4.2150 1.003612 
4.2250 1.007699 
4.2350 1.008898 
4.2450 0.997273 
4.2550 1.002814 
4.2650 0.996694 
4.2750 0.999208 
4.2850 0.995422 
4.2950 0.996473 
4.3050 1.003919 
4.3150 0.996936 
4.3250 0.997165 
4.3350 1.002940 
4.3450 0.999708 
4.3550 0.995982 
4.3650 0.997348 
4.3750 0.997105 
4.3850 1.006578 
4.3950 1.001761 
4.4050 1.000091 
4.4150 1.004165 
4.4250 1.000506 
4.4350 1.005583 
4.4450 1.003093 
4.4550 0.996427 
4.4650 1.005254 
4.4750 1.005629 
4.4850 1.007357 
4.4950 1.004167 