
0.0050 0.197000 
0.0150 0.218413 
0.0250 0.256957 
0.0350 0.261239 
0.0450 0.229548 
0.0550 0.225551 
0.0650 0.226366 
0.0750 0.235544 
0.0850 0.216985 
0.0950 0.255243 
0.1050 0.246834 
0.1150 0.262667 
0.1250 0.256957 
0.1350 0.261851 
0.1450 0.288362 
0.1550 0.265521 
0.1650 0.253430 
0.1750 0.260763 
0.1850 0.287160 
0.1950 0.282652 
0.2050 0.290402 
0.2150 0.306401 
0.2250 0.312444 
0.2350 0.309775 
0.2450 0.291903 
0.2550 0.313618 
0.2650 0.313424 
0.2750 0.332820 
0.2850 0.351469 
0.2950 0.346606 
0.3050 0.324373 
0.3150 0.339664 
0.3250 0.347281 
0.3350 0.356968 
0.3450 0.356068 
0.3550 0.351888 
0.3650 0.353257 
0.3750 0.359739 
0.3850 0.367865 
0.3950 0.374514 
0.4050 0.370393 
0.4150 0.385843 
0.4250 0.388622 
0.4350 0.391274 
0.4450 0.400852 
0.4550 0.394186 
0.4650 0.394729 
0.4750 0.422729 
0.4850 0.400642 
0.4950 0.403079 
0.5050 0.407771 
0.5150 0.418872 
0.5250 0.425029 
0.5350 0.439364 
0.5450 0.437293 
0.5550 0.436673 
0.5650 0.434872 
0.5750 0.440813 
0.5850 0.432761 
0.5950 0.448960 
0.6050 0.454097 
0.6150 0.473021 
0.6250 0.485090 
0.6350 0.484738 
0.6450 0.480574 
0.6550 0.494706 
0.6650 0.490135 
0.6750 0.500057 
0.6850 0.503486 
0.6950 0.493479 
0.7050 0.501729 
0.7150 0.523906 
0.7250 0.532569 
0.7350 0.527571 
0.7450 0.552057 
0.7550 0.555049 
0.7650 0.557629 
0.7750 0.560912 
0.7850 0.567039 
0.7950 0.580615 
0.8050 0.589837 
0.8150 0.594760 
0.8250 0.610091 
0.8350 0.617613 
0.8450 0.629191 
0.8550 0.638906 
0.8650 0.639930 
0.8750 0.674024 
0.8850 0.666258 
0.8950 0.684171 
0.9050 0.707618 
0.9150 0.700672 
0.9250 0.722241 
0.9350 0.730048 
0.9450 0.754280 
0.9550 0.775866 
0.9650 0.781907 
0.9750 0.796915 
0.9850 0.802621 
0.9950 0.828428 
1.0050 0.853045 
1.0150 0.871721 
1.0250 0.880222 
1.0350 0.902889 
1.0450 0.911992 
1.0550 0.913811 
1.0650 0.931447 
1.0750 0.926629 
1.0850 0.950817 
1.0950 0.958760 
1.1050 0.950816 
1.1150 0.943091 
1.1250 0.946191 
1.1350 0.953444 
1.1450 0.969732 
1.1550 0.977985 
1.1650 0.968894 
1.1750 0.968160 
1.1850 0.967726 
1.1950 0.966014 
1.2050 0.969922 
1.2150 0.963166 
1.2250 0.954360 
1.2350 0.971876 
1.2450 0.967047 
1.2550 0.959576 
1.2650 0.959776 
1.2750 0.946858 
1.2850 0.948681 
1.2950 0.934268 
1.3050 0.945443 
1.3150 0.943082 
1.3250 0.932771 
1.3350 0.930093 
1.3450 0.954482 
1.3550 0.925295 
1.3650 0.937547 
1.3750 0.925540 
1.3850 0.926892 
1.3950 0.928775 
1.4050 0.925590 
1.4150 0.916176 
1.4250 0.910908 
1.4350 0.927244 
1.4450 0.929356 
1.4550 0.931027 
1.4650 0.923296 
1.4750 0.919603 
1.4850 0.936482 
1.4950 0.932809 
1.5050 0.944443 
1.5150 0.933778 
1.5250 0.935288 
1.5350 0.927213 
1.5450 0.928359 
1.5550 0.924604 
1.5650 0.925425 
1.5750 0.935506 
1.5850 0.931885 
1.5950 0.922902 
1.6050 0.947547 
1.6150 0.933291 
1.6250 0.929353 
1.6350 0.941391 
1.6450 0.938748 
1.6550 0.946972 
1.6650 0.949303 
1.6750 0.948394 
1.6850 0.953831 
1.6950 0.953158 
1.7050 0.949086 
1.7150 0.956665 
1.7250 0.966483 
1.7350 0.953693 
1.7450 0.955927 
1.7550 0.963635 
1.7650 0.953933 
1.7750 0.951028 
1.7850 0.958203 
1.7950 0.958781 
1.8050 0.970614 
1.8150 0.966928 
1.8250 0.970631 
1.8350 0.979228 
1.8450 0.958610 
1.8550 0.980626 
1.8650 0.963427 
1.8750 0.982904 
1.8850 0.984773 
1.8950 0.981574 
1.9050 1.005808 
1.9150 0.987319 
1.9250 0.992988 
1.9350 0.993300 
1.9450 0.992731 
1.9550 0.993827 
1.9650 0.999261 
1.9750 1.001308 
1.9850 0.999720 
1.9950 1.014293 
2.0050 1.002301 
2.0150 1.011077 
2.0250 1.021877 
2.0350 1.014264 
2.0450 1.012617 
2.0550 1.019427 
2.0650 1.016778 
2.0750 1.009419 
2.0850 1.007089 
2.0950 1.025787 
2.1050 1.008544 
2.1150 1.022493 
2.1250 1.019382 
2.1350 1.013737 
2.1450 1.009062 
2.1550 1.011726 
2.1650 1.006749 
2.1750 1.011206 
2.1850 1.007645 
2.1950 1.013810 
2.2050 1.014377 
2.2150 1.008651 
2.2250 1.009812 
2.2350 1.012798 
2.2450 1.010162 
2.2550 1.007777 
2.2650 1.004847 
2.2750 1.010545 
2.2850 1.006245 
2.2950 1.004179 
2.3050 1.001426 
2.3150 1.009182 
2.3250 1.008417 
2.3350 0.999641 
2.3450 1.005666 
2.3550 0.997231 
2.3650 1.007840 
2.3750 0.993169 
2.3850 1.000374 
2.3950 1.002452 
2.4050 0.998328 
2.4150 1.003298 
2.4250 0.989723 
2.4350 0.996127 
2.4450 0.999194 
2.4550 1.001155 
2.4650 1.008476 
2.4750 0.994947 
2.4850 0.998931 
2.4950 0.997848 
2.5050 0.997660 
2.5150 1.006277 
2.5250 1.003891 
2.5350 0.997679 
2.5450 1.015196 
2.5550 0.977204 
2.5650 1.002963 
2.5750 0.982709 
2.5850 1.002593 
2.5950 0.999264 
2.6050 0.999439 
2.6150 1.001836 
2.6250 0.993467 
2.6350 0.997977 
2.6450 1.002260 
2.6550 0.985129 
2.6650 0.991191 
2.6750 1.012293 
2.6850 0.983344 
2.6950 0.993787 
2.7050 0.997864 
2.7150 1.003799 
2.7250 0.997769 
2.7350 1.004350 
2.7450 1.003968 
2.7550 0.996917 
2.7650 0.995451 
2.7750 0.996800 
2.7850 1.000380 
2.7950 0.994269 
2.8050 1.004111 
2.8150 1.001462 
2.8250 0.996894 
2.8350 0.999567 
2.8450 1.000147 
2.8550 1.006293 
2.8650 1.004727 
2.8750 0.994815 
2.8850 1.004057 
2.8950 0.994303 
2.9050 1.009666 
2.9150 0.996117 
2.9250 0.997745 
2.9350 1.006092 
2.9450 0.989326 
2.9550 0.999410 
2.9650 1.000198 
2.9750 1.006499 
2.9850 1.011183 
2.9950 1.000788 
3.0050 1.005346 
3.0150 1.005591 
3.0250 1.011741 
3.0350 1.002158 
3.0450 1.004686 
3.0550 1.003054 
3.0650 0.994486 
3.0750 0.995039 
3.0850 1.005013 
3.0950 1.007518 
3.1050 0.999872 
3.1150 1.004601 
3.1250 0.998518 
3.1350 0.999185 
3.1450 1.002266 
3.1550 1.000612 
3.1650 0.998104 
3.1750 1.002992 
3.1850 1.001244 
3.1950 0.998544 
3.2050 0.995807 
3.2150 0.999789 
3.2250 1.003483 
3.2350 0.994358 
3.2450 1.003343 
3.2550 1.003733 
3.2650 1.000454 
3.2750 1.001007 
3.2850 0.997548 
3.2950 0.998912 
3.3050 1.001121 
3.3150 0.996016 
3.3250 0.994697 
3.3350 1.001592 
3.3450 1.000085 
3.3550 1.001595 
3.3650 0.999690 
3.3750 1.011785 
3.3850 0.999882 
3.3950 1.005355 
3.4050 0.991606 
3.4150 1.010670 
3.4250 1.010321 
3.4350 1.005740 
3.4450 0.995849 
3.4550 1.002056 
3.4650 1.005833 
3.4750 1.007889 
3.4850 1.007456 
3.4950 0.999463 
3.5050 0.998421 
3.5150 0.995901 
3.5250 0.999874 
3.5350 0.994654 
3.5450 1.003457 
3.5550 1.005763 
3.5650 1.002754 
3.5750 1.004140 
3.5850 0.999697 
3.5950 0.999703 
3.6050 1.004692 
3.6150 1.003834 
3.6250 0.999865 
3.6350 1.007284 
3.6450 1.001168 
3.6550 0.998971 
3.6650 1.004114 
3.6750 0.995125 
3.6850 0.995932 
3.6950 1.002663 
3.7050 0.998044 
3.7150 1.002545 
3.7250 1.002314 
3.7350 0.998695 
3.7450 0.994456 
3.7550 0.998121 
3.7650 1.006447 
3.7750 1.006979 
3.7850 0.996955 
3.7950 0.995796 
3.8050 0.997229 
3.8150 0.999395 
3.8250 0.991440 
3.8350 0.997848 
3.8450 1.001841 
3.8550 0.997914 
3.8650 1.007154 
3.8750 1.001888 
3.8850 1.000809 
3.8950 0.993785 
3.9050 1.000093 
3.9150 1.000491 
3.9250 0.997227 
3.9350 1.001152 
3.9450 0.999030 
3.9550 1.000465 
3.9650 1.003856 
3.9750 1.003034 
3.9850 1.010975 
3.9950 1.004871 
4.0050 1.004480 
4.0150 0.995291 
4.0250 1.003682 
4.0350 0.998908 
4.0450 1.004414 
4.0550 1.003966 
4.0650 1.003519 
4.0750 0.999254 
4.0850 0.994026 
4.0950 0.999895 
4.1050 1.001276 
4.1150 1.010779 
4.1250 1.008974 
4.1350 1.001489 
4.1450 1.002131 
4.1550 1.003283 
4.1650 1.003321 
4.1750 1.014486 
4.1850 1.004052 
4.1950 1.003884 
4.2050 0.997146 
4.2150 1.002597 
4.2250 0.998101 
4.2350 0.999302 
4.2450 1.004448 
4.2550 1.002251 
4.2650 1.002873 
4.2750 1.000069 
4.2850 0.992886 
4.2950 1.007807 
4.3050 1.009225 
4.3150 1.006115 
4.3250 1.004643 
4.3350 0.995618 
4.3450 0.998684 
4.3550 1.004586 
4.3650 0.999739 
4.3750 1.003323 
4.3850 1.006383 
4.3950 0.999424 
4.4050 1.003295 
4.4150 1.002789 
4.4250 0.997258 
4.4350 1.005641 
4.4450 1.007635 
4.4550 1.000056 
4.4650 1.001287 
4.4750 1.002379 
4.4850 1.002912 
4.4950 0.999332 