
0.0050 0.000000 
0.0150 0.000000 
0.0250 0.000000 
0.0350 0.000000 
0.0450 0.000000 
0.0550 0.000000 
0.0650 0.000000 
0.0750 0.000000 
0.0850 0.000000 
0.0950 0.000000 
0.1050 0.000000 
0.1150 0.000000 
0.1250 0.000000 
0.1350 0.000000 
0.1450 0.000000 
0.1550 0.000000 
0.1650 0.000000 
0.1750 0.000000 
0.1850 0.000000 
0.1950 0.000000 
0.2050 0.000000 
0.2150 0.000000 
0.2250 0.000000 
0.2350 0.000000 
0.2450 0.000000 
0.2550 0.000000 
0.2650 0.000000 
0.2750 0.000000 
0.2850 0.000000 
0.2950 0.000000 
0.3050 0.000000 
0.3150 0.000000 
0.3250 0.000000 
0.3350 0.000000 
0.3450 0.000000 
0.3550 0.000000 
0.3650 0.000000 
0.3750 0.000000 
0.3850 0.000000 
0.3950 0.000000 
0.4050 0.000000 
0.4150 0.000000 
0.4250 0.000000 
0.4350 0.000000 
0.4450 0.000000 
0.4550 0.000000 
0.4650 0.000000 
0.4750 0.000000 
0.4850 0.000000 
0.4950 0.000000 
0.5050 0.000000 
0.5150 0.000000 
0.5250 0.000000 
0.5350 0.000000 
0.5450 0.000000 
0.5550 0.000000 
0.5650 0.000000 
0.5750 0.000000 
0.5850 0.000000 
0.5950 0.000000 
0.6050 0.000000 
0.6150 0.000000 
0.6250 0.000000 
0.6350 0.000000 
0.6450 0.000000 
0.6550 0.000000 
0.6650 0.000000 
0.6750 0.000000 
0.6850 0.000000 
0.6950 0.000000 
0.7050 0.000000 
0.7150 0.000000 
0.7250 0.000000 
0.7350 0.000000 
0.7450 0.000000 
0.7550 0.000000 
0.7650 0.000000 
0.7750 0.012189 
0.7850 0.033068 
0.7950 0.054925 
0.8050 0.086075 
0.8150 0.096411 
0.8250 0.117540 
0.8350 0.139694 
0.8450 0.163848 
0.8550 0.192120 
0.8650 0.205762 
0.8750 0.237490 
0.8850 0.249065 
0.8950 0.272755 
0.9050 0.302889 
0.9150 0.335626 
0.9250 0.374659 
0.9350 0.405936 
0.9450 0.466669 
0.9550 0.585825 
0.9650 0.739699 
0.9750 1.026078 
0.9850 1.419923 
0.9950 1.970257 
1.0050 2.545820 
1.0150 3.078019 
1.0250 3.458601 
1.0350 3.642688 
1.0450 3.618764 
1.0550 3.345121 
1.0650 2.820838 
1.0750 2.317446 
1.0850 1.858966 
1.0950 1.509736 
1.1050 1.311635 
1.1150 1.194389 
1.1250 1.105368 
1.1350 1.079818 
1.1450 1.049202 
1.1550 1.020147 
1.1650 1.016699 
1.1750 1.020204 
1.1850 1.024803 
1.1950 1.023615 
1.2050 1.029029 
1.2150 1.019120 
1.2250 1.032910 
1.2350 1.027619 
1.2450 1.013711 
1.2550 1.011987 
1.2650 1.008402 
1.2750 0.999788 
1.2850 0.999408 
1.2950 0.988492 
1.3050 0.960612 
1.3150 0.966767 
1.3250 0.963297 
1.3350 0.965888 
1.3450 0.960383 
1.3550 0.966862 
1.3650 0.962743 
1.3750 0.942670 
1.3850 0.938785 
1.3950 0.936667 
1.4050 0.943692 
1.4150 0.930954 
1.4250 0.925103 
1.4350 0.922426 
1.4450 0.909390 
1.4550 0.911785 
1.4650 0.911758 
1.4750 0.897264 
1.4850 0.908200 
1.4950 0.906485 
1.5050 0.895661 
1.5150 0.904138 
1.5250 0.896493 
1.5350 0.902296 
1.5450 0.894540 
1.5550 0.899403 
1.5650 0.907258 
1.5750 0.891433 
1.5850 0.890136 
1.5950 0.891264 
1.6050 0.880515 
1.6150 0.889355 
1.6250 0.892412 
1.6350 0.885247 
1.6450 0.889173 
1.6550 0.883300 
1.6650 0.881037 
1.6750 0.882829 
1.6850 0.890327 
1.6950 0.872544 
1.7050 0.876707 
1.7150 0.891928 
1.7250 0.875929 
1.7350 0.878722 
1.7450 0.885447 
1.7550 0.888008 
1.7650 0.896493 
1.7750 0.885971 
1.7850 0.881643 
1.7950 0.891068 
1.8050 0.896083 
1.8150 0.884759 
1.8250 0.901407 
1.8350 0.884731 
1.8450 0.899348 
1.8550 0.913117 
1.8650 0.915013 
1.8750 0.921717 
1.8850 0.919197 
1.8950 0.922970 
1.9050 0.931008 
1.9150 0.940791 
1.9250 0.939689 
1.9350 0.938730 
1.9450 0.965981 
1.9550 0.959697 
1.9650 0.973130 
1.9750 0.998021 
1.9850 1.043966 
1.9950 1.074978 
2.0050 1.126347 
2.0150 1.216685 
2.0250 1.296723 
2.0350 1.370098 
2.0450 1.420656 
2.0550 1.404737 
2.0650 1.370393 
2.0750 1.286594 
2.0850 1.207326 
2.0950 1.153776 
2.1050 1.091436 
2.1150 1.059178 
2.1250 1.038884 
2.1350 1.030788 
2.1450 1.023922 
2.1550 1.012361 
2.1650 1.019103 
2.1750 1.008810 
2.1850 0.999080 
2.1950 0.999911 
2.2050 1.007479 
2.2150 1.014631 
2.2250 1.000709 
2.2350 0.991768 
2.2450 0.991129 
2.2550 0.989927 
2.2650 0.995602 
2.2750 0.991950 
2.2850 0.993191 
2.2950 0.991443 
2.3050 0.983405 
2.3150 0.993048 
2.3250 0.990808 
2.3350 0.981156 
2.3450 0.985656 
2.3550 0.996759 
2.3650 0.999419 
2.3750 1.003642 
2.3850 0.984426 
2.3950 0.991888 
2.4050 0.970286 
2.4150 0.993424 
2.4250 0.978127 
2.4350 0.986509 
2.4450 0.967520 
2.4550 0.977235 
2.4650 0.970193 
2.4750 0.988730 
2.4850 0.979772 
2.4950 0.966020 
2.5050 0.979540 
2.5150 0.979392 
2.5250 0.988487 
2.5350 0.978458 
2.5450 0.984261 
2.5550 0.978877 
2.5650 0.971369 
2.5750 0.973447 
2.5850 0.981660 
2.5950 0.969023 
2.6050 0.975975 
2.6150 0.978559 
2.6250 0.976174 
2.6350 0.979128 
2.6450 0.976402 
2.6550 0.975082 
2.6650 0.973419 
2.6750 0.971385 
2.6850 0.974015 
2.6950 0.972057 
2.7050 0.972010 
2.7150 0.972341 
2.7250 0.962724 
2.7350 0.982249 
2.7450 0.982882 
2.7550 0.973921 
2.7650 0.978661 
2.7750 0.982812 
2.7850 0.975206 
2.7950 0.977536 
2.8050 0.984268 
2.8150 0.986397 
2.8250 0.979885 
2.8350 0.980386 
2.8450 0.981874 
2.8550 0.986438 
2.8650 0.987835 
2.8750 0.991751 
2.8850 0.981651 
2.8950 0.989312 
2.9050 0.986060 
2.9150 0.980541 
2.9250 0.994910 
2.9350 1.000819 
2.9450 1.008315 
2.9550 1.008872 
2.9650 1.006139 
2.9750 1.011270 
2.9850 1.019834 
2.9950 1.012037 
3.0050 1.027513 
3.0150 1.043311 
3.0250 1.039472 
3.0350 1.050873 
3.0450 1.063070 
3.0550 1.056628 
3.0650 1.044733 
3.0750 1.035780 
3.0850 1.025747 
3.0950 1.019592 
3.1050 1.006399 
3.1150 1.018464 
3.1250 1.000188 
3.1350 1.009741 
3.1450 0.998623 
3.1550 0.999989 
3.1650 1.000482 
3.1750 0.999571 
3.1850 1.005459 
3.1950 0.999079 
3.2050 0.999835 
3.2150 1.001891 
3.2250 1.004782 
3.2350 1.002447 
3.2450 1.008244 
3.2550 0.993749 
3.2650 0.990632 
3.2750 1.000250 
3.2850 0.995466 
3.2950 0.991437 
3.3050 1.004718 
3.3150 1.006000 
3.3250 1.004599 
3.3350 0.996591 
3.3450 0.999037 
3.3550 0.998995 
3.3650 1.000936 
3.3750 0.991132 
3.3850 1.003015 
3.3950 0.998276 
3.4050 0.995374 
3.4150 1.001129 
3.4250 1.013218 
3.4350 1.002728 
3.4450 0.993913 
3.4550 0.988812 
3.4650 0.990233 
3.4750 0.988322 
3.4850 0.989074 
3.4950 0.992880 
3.5050 0.995713 
3.5150 0.994344 
3.5250 0.990702 
3.5350 0.986669 
3.5450 0.993638 
3.5550 0.989451 
3.5650 1.001626 
3.5750 1.002657 
3.5850 0.998718 
3.5950 0.986713 
3.6050 0.997575 
3.6150 0.996759 
3.6250 0.998001 
3.6350 0.985470 
3.6450 0.990609 
3.6550 0.992652 
3.6650 0.989761 
3.6750 0.986280 
3.6850 0.992706 
3.6950 0.996968 
3.7050 0.986501 
3.7150 0.993197 
3.7250 0.993680 
3.7350 0.986511 
3.7450 0.993062 
3.7550 0.990102 
3.7650 0.995837 
3.7750 1.001723 
3.7850 0.998831 
3.7950 0.999132 
3.8050 1.002198 
3.8150 1.004283 
3.8250 0.996674 
3.8350 1.000502 
3.8450 0.996680 
3.8550 0.994652 
3.8650 1.000182 
3.8750 1.000011 
3.8850 1.002130 
3.8950 1.009136 
3.9050 1.005986 
3.9150 0.996580 
3.9250 1.004593 
3.9350 0.997565 
3.9450 0.994584 
3.9550 0.995317 
3.9650 1.009552 
3.9750 1.002539 
3.9850 0.997665 
3.9950 1.008447 
4.0050 1.009456 
4.0150 1.008054 
4.0250 1.004744 
4.0350 1.009975 
4.0450 1.007925 
4.0550 1.011244 
4.0650 0.999647 
4.0750 1.000598 
4.0850 1.002570 
4.0950 1.003676 
4.1050 1.000297 
4.1150 0.995831 
4.1250 1.002193 
4.1350 1.002110 
4.1450 0.996372 
4.1550 0.990971 
4.1650 1.005314 
4.1750 1.000880 
4.1850 1.008427 
4.1950 1.004007 
4.2050 1.001377 
4.2150 0.999370 
4.2250 1.000510 
4.2350 0.993141 
4.2450 1.000477 
4.2550 1.000884 
4.2650 0.997055 
4.2750 1.000269 
4.2850 0.998257 
4.2950 1.005556 
4.3050 1.004257 
4.3150 1.004589 
4.3250 1.005513 
4.3350 0.999486 
4.3450 1.000752 
4.3550 0.999871 
4.3650 1.008481 
4.3750 1.011341 
4.3850 0.999165 
4.3950 1.000884 
4.4050 0.990827 
4.4150 1.006006 
4.4250 1.001318 
4.4350 1.012721 
4.4450 1.002342 
4.4550 0.994986 
4.4650 1.001172 
4.4750 1.005744 
4.4850 0.997228 
4.4950 1.000246 