
0.0050 0.000000 
0.0150 0.000000 
0.0250 0.000000 
0.0350 0.000000 
0.0450 0.000000 
0.0550 0.000000 
0.0650 0.000000 
0.0750 0.000000 
0.0850 0.000000 
0.0950 0.000000 
0.1050 0.000000 
0.1150 0.000000 
0.1250 0.000000 
0.1350 0.000000 
0.1450 0.000000 
0.1550 0.000000 
0.1650 0.000000 
0.1750 0.000000 
0.1850 0.000451 
0.1950 0.001285 
0.2050 0.003671 
0.2150 0.005840 
0.2250 0.006703 
0.2350 0.007495 
0.2450 0.010621 
0.2550 0.012848 
0.2650 0.013324 
0.2750 0.015601 
0.2850 0.016835 
0.2950 0.023983 
0.3050 0.027077 
0.3150 0.023822 
0.3250 0.029330 
0.3350 0.026955 
0.3450 0.024962 
0.3550 0.027123 
0.3650 0.034492 
0.3750 0.036290 
0.3850 0.040410 
0.3950 0.040257 
0.4050 0.044080 
0.4150 0.042010 
0.4250 0.041830 
0.4350 0.047887 
0.4450 0.055579 
0.4550 0.055301 
0.4650 0.061961 
0.4750 0.063882 
0.4850 0.068172 
0.4950 0.064582 
0.5050 0.070705 
0.5150 0.075110 
0.5250 0.081935 
0.5350 0.079149 
0.5450 0.092816 
0.5550 0.084276 
0.5650 0.085352 
0.5750 0.094513 
0.5850 0.099589 
0.5950 0.101070 
0.6050 0.111769 
0.6150 0.123367 
0.6250 0.124943 
0.6350 0.132761 
0.6450 0.123075 
0.6550 0.140288 
0.6650 0.142413 
0.6750 0.152159 
0.6850 0.154174 
0.6950 0.154664 
0.7050 0.168771 
0.7150 0.166903 
0.7250 0.166729 
0.7350 0.183226 
0.7450 0.187064 
0.7550 0.200719 
0.7650 0.202228 
0.7750 0.212263 
0.7850 0.214456 
0.7950 0.214773 
0.8050 0.228300 
0.8150 0.239513 
0.8250 0.239104 
0.8350 0.261137 
0.8450 0.261995 
0.8550 0.278369 
0.8650 0.282652 
0.8750 0.281971 
0.8850 0.295644 
0.8950 0.306635 
0.9050 0.316160 
0.9150 0.320358 
0.9250 0.322899 
0.9350 0.316913 
0.9450 0.333322 
0.9550 0.348586 
0.9650 0.353382 
0.9750 0.400118 
0.9850 0.633653 
0.9950 2.718172 
1.0050 10.024187 
1.0150 10.664366 
1.0250 9.105407 
1.0350 7.246749 
1.0450 5.401307 
1.0550 3.862589 
1.0650 2.703406 
1.0750 1.914722 
1.0850 1.379314 
1.0950 1.065746 
1.1050 0.838774 
1.1150 0.723455 
1.1250 0.651487 
1.1350 0.608807 
1.1450 0.578860 
1.1550 0.559914 
1.1650 0.557837 
1.1750 0.545416 
1.1850 0.565304 
1.1950 0.552456 
1.2050 0.559217 
1.2150 0.557722 
1.2250 0.559733 
1.2350 0.560814 
1.2450 0.570238 
1.2550 0.572714 
1.2650 0.585335 
1.2750 0.582502 
1.2850 0.597175 
1.2950 0.593965 
1.3050 0.598454 
1.3150 0.611375 
1.3250 0.628674 
1.3350 0.626219 
1.3450 0.620883 
1.3550 0.623120 
1.3650 0.642078 
1.3750 0.632895 
1.3850 0.656502 
1.3950 0.655790 
1.4050 0.665232 
1.4150 0.670077 
1.4250 0.667488 
1.4350 0.671953 
1.4450 0.674526 
1.4550 0.672252 
1.4650 0.699959 
1.4750 0.686548 
1.4850 0.692690 
1.4950 0.716509 
1.5050 0.710403 
1.5150 0.701671 
1.5250 0.713488 
1.5350 0.719756 
1.5450 0.737548 
1.5550 0.726671 
1.5650 0.737591 
1.5750 0.742247 
1.5850 0.738117 
1.5950 0.753632 
1.6050 0.737939 
1.6150 0.762622 
1.6250 0.753476 
1.6350 0.763715 
1.6450 0.780421 
1.6550 0.788980 
1.6650 0.782102 
1.6750 0.790957 
1.6850 0.797934 
1.6950 0.793290 
1.7050 0.798518 
1.7150 0.805429 
1.7250 0.793496 
1.7350 0.806656 
1.7450 0.798719 
1.7550 0.793743 
1.7650 0.803098 
1.7750 0.810905 
1.7850 0.827429 
1.7950 0.823546 
1.8050 0.819611 
1.8150 0.833132 
1.8250 0.835600 
1.8350 0.842417 
1.8450 0.830271 
1.8550 0.829306 
1.8650 0.836643 
1.8750 0.834380 
1.8850 0.837579 
1.8950 0.838129 
1.9050 0.851185 
1.9150 0.846930 
1.9250 0.861182 
1.9350 0.879701 
1.9450 0.899304 
1.9550 0.939858 
1.9650 1.011869 
1.9750 1.136924 
1.9850 1.331009 
1.9950 1.747004 
2.0050 2.568201 
2.0150 3.156197 
2.0250 3.155966 
2.0350 2.870817 
2.0450 2.488049 
2.0550 2.083052 
2.0650 1.733815 
2.0750 1.445957 
2.0850 1.258390 
2.0950 1.113274 
2.1050 1.019829 
2.1150 0.951547 
2.1250 0.915754 
2.1350 0.897307 
2.1450 0.877397 
2.1550 0.870401 
2.1650 0.871126 
2.1750 0.857386 
2.1850 0.858594 
2.1950 0.856015 
2.2050 0.855165 
2.2150 0.853204 
2.2250 0.863205 
2.2350 0.858625 
2.2450 0.849670 
2.2550 0.858682 
2.2650 0.865012 
2.2750 0.862382 
2.2850 0.866134 
2.2950 0.867172 
2.3050 0.874245 
2.3150 0.874169 
2.3250 0.864168 
2.3350 0.869370 
2.3450 0.861515 
2.3550 0.861929 
2.3650 0.869496 
2.3750 0.874408 
2.3850 0.880927 
2.3950 0.871439 
2.4050 0.866011 
2.4150 0.879917 
2.4250 0.875626 
2.4350 0.881972 
2.4450 0.882287 
2.4550 0.873687 
2.4650 0.883916 
2.4750 0.881803 
2.4850 0.884075 
2.4950 0.877866 
2.5050 0.883207 
2.5150 0.892516 
2.5250 0.893762 
2.5350 0.897358 
2.5450 0.889472 
2.5550 0.899214 
2.5650 0.906747 
2.5750 0.902867 
2.5850 0.896107 
2.5950 0.908374 
2.6050 0.913492 
2.6150 0.911574 
2.6250 0.925304 
2.6350 0.924492 
2.6450 0.922393 
2.6550 0.916961 
2.6650 0.908683 
2.6750 0.925139 
2.6850 0.925871 
2.6950 0.925455 
2.7050 0.928551 
2.7150 0.923626 
2.7250 0.930471 
2.7350 0.937110 
2.7450 0.937814 
2.7550 0.938729 
2.7650 0.929589 
2.7750 0.937213 
2.7850 0.945459 
2.7950 0.950005 
2.8050 0.954824 
2.8150 0.959274 
2.8250 0.961574 
2.8350 0.964642 
2.8450 0.974030 
2.8550 0.980088 
2.8650 0.986134 
2.8750 0.992197 
2.8850 1.005894 
2.8950 1.007831 
2.9050 1.030681 
2.9150 1.037770 
2.9250 1.049020 
2.9350 1.072866 
2.9450 1.080001 
2.9550 1.123375 
2.9650 1.148287 
2.9750 1.191686 
2.9850 1.243875 
2.9950 1.331291 
3.0050 1.417928 
3.0150 1.496644 
3.0250 1.522545 
3.0350 1.468315 
3.0450 1.388772 
3.0550 1.312969 
3.0650 1.229457 
3.0750 1.148017 
3.0850 1.087228 
3.0950 1.035590 
3.1050 1.005463 
3.1150 0.985247 
3.1250 0.970798 
3.1350 0.968824 
3.1450 0.961262 
3.1550 0.948110 
3.1650 0.954819 
3.1750 0.957096 
3.1850 0.958391 
3.1950 0.949160 
3.2050 0.955568 
3.2150 0.950659 
3.2250 0.948644 
3.2350 0.951559 
3.2450 0.959199 
3.2550 0.965216 
3.2650 0.964831 
3.2750 0.962150 
3.2850 0.957170 
3.2950 0.954061 
3.3050 0.967947 
3.3150 0.955099 
3.3250 0.964423 
3.3350 0.947072 
3.3450 0.952247 
3.3550 0.946048 
3.3650 0.951985 
3.3750 0.945468 
3.3850 0.949299 
3.3950 0.947313 
3.4050 0.951468 
3.4150 0.956074 
3.4250 0.952812 
3.4350 0.951461 
3.4450 0.954066 
3.4550 0.956210 
3.4650 0.953874 
3.4750 0.968313 
3.4850 0.952972 
3.4950 0.955707 
3.5050 0.954595 
3.5150 0.961153 
3.5250 0.955859 
3.5350 0.956255 
3.5450 0.953489 
3.5550 0.958414 
3.5650 0.961560 
3.5750 0.967487 
3.5850 0.961165 
3.5950 0.966656 
3.6050 0.971998 
3.6150 0.982066 
3.6250 0.975255 
3.6350 0.981399 
3.6450 0.978101 
3.6550 0.981747 
3.6650 0.970787 
3.6750 0.975108 
3.6850 0.965757 
3.6950 0.981157 
3.7050 0.981167 
3.7150 0.975974 
3.7250 0.976733 
3.7350 0.983648 
3.7450 0.985183 
3.7550 0.988120 
3.7650 0.985636 
3.7750 0.988852 
3.7850 0.984412 
3.7950 0.993948 
3.8050 0.985359 
3.8150 0.988991 
3.8250 0.979901 
3.8350 0.983729 
3.8450 0.999060 
3.8550 0.991258 
3.8650 1.001090 
3.8750 1.008201 
3.8850 1.004662 
3.8950 1.011069 
3.9050 1.011462 
3.9150 1.012837 
3.9250 1.014662 
3.9350 1.018326 
3.9450 1.020063 
3.9550 1.035093 
3.9650 1.052033 
3.9750 1.058471 
3.9850 1.069064 
3.9950 1.081787 
4.0050 1.099616 
4.0150 1.123449 
4.0250 1.116390 
4.0350 1.111358 
4.0450 1.097997 
4.0550 1.079892 
4.0650 1.069789 
4.0750 1.046153 
4.0850 1.018842 
4.0950 1.006392 
4.1050 0.992253 
4.1150 0.985312 
4.1250 0.979960 
4.1350 0.974138 
4.1450 0.973421 
4.1550 0.980100 
4.1650 0.977893 
4.1750 0.981189 
4.1850 0.981852 
4.1950 0.986264 
4.2050 0.989069 
4.2150 0.981164 
4.2250 0.979715 
4.2350 0.976192 
4.2450 0.972162 
4.2550 0.979149 
4.2650 0.981229 
4.2750 0.982178 
4.2850 0.978351 
4.2950 0.977331 
4.3050 0.981323 
4.3150 0.978001 
4.3250 0.975545 
4.3350 0.972310 
4.3450 0.974387 
4.3550 0.967025 
4.3650 0.963342 
4.3750 0.971702 
4.3850 0.959012 
4.3950 0.963509 
4.4050 0.961169 
4.4150 0.962502 
4.4250 0.967889 
4.4350 0.974081 
4.4450 0.973355 
4.4550 0.978106 
4.4650 0.969556 
4.4750 0.975747 
4.4850 0.974279 
4.4950 0.973294 