
0.0050 0.000000 
0.0150 0.000000 
0.0250 0.000000 
0.0350 0.000000 
0.0450 0.000000 
0.0550 0.000000 
0.0650 0.000000 
0.0750 0.000000 
0.0850 0.000000 
0.0950 0.000000 
0.1050 0.000000 
0.1150 0.000000 
0.1250 0.000000 
0.1350 0.000000 
0.1450 0.000000 
0.1550 0.000000 
0.1650 0.000000 
0.1750 0.000000 
0.1850 0.000000 
0.1950 0.000000 
0.2050 0.000000 
0.2150 0.000000 
0.2250 0.000000 
0.2350 0.000000 
0.2450 0.000000 
0.2550 0.000000 
0.2650 0.000000 
0.2750 0.000000 
0.2850 0.000000 
0.2950 0.000000 
0.3050 0.000000 
0.3150 0.000000 
0.3250 0.000000 
0.3350 0.000000 
0.3450 0.000000 
0.3550 0.000000 
0.3650 0.000000 
0.3750 0.000000 
0.3850 0.000000 
0.3950 0.000000 
0.4050 0.000000 
0.4150 0.000000 
0.4250 0.000000 
0.4350 0.000000 
0.4450 0.000000 
0.4550 0.000000 
0.4650 0.000000 
0.4750 0.000000 
0.4850 0.000000 
0.4950 0.000000 
0.5050 0.000000 
0.5150 0.000000 
0.5250 0.000000 
0.5350 0.000000 
0.5450 0.000000 
0.5550 0.000000 
0.5650 0.000000 
0.5750 0.000000 
0.5850 0.000871 
0.5950 0.004140 
0.6050 0.006599 
0.6150 0.015196 
0.6250 0.023520 
0.6350 0.027570 
0.6450 0.034920 
0.6550 0.038933 
0.6650 0.047684 
0.6750 0.056052 
0.6850 0.065046 
0.6950 0.070235 
0.7050 0.089754 
0.7150 0.096597 
0.7250 0.098676 
0.7350 0.102898 
0.7450 0.108607 
0.7550 0.118223 
0.7650 0.120247 
0.7750 0.129137 
0.7850 0.122082 
0.7950 0.137043 
0.8050 0.144551 
0.8150 0.161068 
0.8250 0.161088 
0.8350 0.186497 
0.8450 0.208186 
0.8550 0.262335 
0.8650 0.362889 
0.8750 0.495614 
0.8850 0.762112 
0.8950 1.134415 
0.9050 1.707208 
0.9150 2.346590 
0.9250 3.056217 
0.9350 3.744457 
0.9450 4.366547 
0.9550 4.842559 
0.9650 5.109814 
0.9750 5.268569 
0.9850 5.086095 
0.9950 4.848169 
1.0050 4.318226 
1.0150 3.675570 
1.0250 3.003979 
1.0350 2.344069 
1.0450 1.800082 
1.0550 1.355163 
1.0650 1.048639 
1.0750 0.836615 
1.0850 0.711148 
1.0950 0.647530 
1.1050 0.593006 
1.1150 0.565916 
1.1250 0.554617 
1.1350 0.535251 
1.1450 0.525755 
1.1550 0.539018 
1.1650 0.543196 
1.1750 0.526470 
1.1850 0.544647 
1.1950 0.551600 
1.2050 0.556527 
1.2150 0.549789 
1.2250 0.548801 
1.2350 0.562749 
1.2450 0.559617 
1.2550 0.575637 
1.2650 0.584930 
1.2750 0.582435 
1.2850 0.584161 
1.2950 0.599302 
1.3050 0.601135 
1.3150 0.615009 
1.3250 0.623200 
1.3350 0.617143 
1.3450 0.616569 
1.3550 0.625891 
1.3650 0.625823 
1.3750 0.638791 
1.3850 0.636722 
1.3950 0.655117 
1.4050 0.659643 
1.4150 0.688655 
1.4250 0.684079 
1.4350 0.679804 
1.4450 0.677952 
1.4550 0.679644 
1.4650 0.682712 
1.4750 0.684465 
1.4850 0.696944 
1.4950 0.685960 
1.5050 0.716983 
1.5150 0.715252 
1.5250 0.719982 
1.5350 0.729768 
1.5450 0.738377 
1.5550 0.725902 
1.5650 0.729625 
1.5750 0.731459 
1.5850 0.740541 
1.5950 0.751437 
1.6050 0.745280 
1.6150 0.746390 
1.6250 0.744070 
1.6350 0.749143 
1.6450 0.753064 
1.6550 0.759776 
1.6650 0.772819 
1.6750 0.780097 
1.6850 0.776090 
1.6950 0.797422 
1.7050 0.801574 
1.7150 0.826195 
1.7250 0.851125 
1.7350 0.849138 
1.7450 0.876588 
1.7550 0.902706 
1.7650 0.922866 
1.7750 0.943473 
1.7850 0.988876 
1.7950 1.011647 
1.8050 1.023378 
1.8150 1.096583 
1.8250 1.110998 
1.8350 1.159796 
1.8450 1.203991 
1.8550 1.235786 
1.8650 1.283637 
1.8750 1.333030 
1.8850 1.385389 
1.8950 1.448694 
1.9050 1.509137 
1.9150 1.569754 
1.9250 1.595216 
1.9350 1.642005 
1.9450 1.653087 
1.9550 1.668600 
1.9650 1.672478 
1.9750 1.667319 
1.9850 1.631351 
1.9950 1.575786 
2.0050 1.531128 
2.0150 1.481698 
2.0250 1.394527 
2.0350 1.306531 
2.0450 1.226497 
2.0550 1.137136 
2.0650 1.077562 
2.0750 1.031697 
2.0850 0.980820 
2.0950 0.956816 
2.1050 0.937831 
2.1150 0.896156 
2.1250 0.882619 
2.1350 0.891303 
2.1450 0.873652 
2.1550 0.887213 
2.1650 0.880993 
2.1750 0.877502 
2.1850 0.881709 
2.1950 0.873418 
2.2050 0.894620 
2.2150 0.891477 
2.2250 0.881410 
2.2350 0.882906 
2.2450 0.888727 
2.2550 0.885476 
2.2650 0.887123 
2.2750 0.877484 
2.2850 0.877168 
2.2950 0.876371 
2.3050 0.877360 
2.3150 0.872176 
2.3250 0.878762 
2.3350 0.876544 
2.3450 0.878719 
2.3550 0.883161 
2.3650 0.882470 
2.3750 0.874012 
2.3850 0.872720 
2.3950 0.888998 
2.4050 0.883923 
2.4150 0.887420 
2.4250 0.884685 
2.4350 0.876425 
2.4450 0.885574 
2.4550 0.886570 
2.4650 0.894181 
2.4750 0.903285 
2.4850 0.897353 
2.4950 0.898012 
2.5050 0.908766 
2.5150 0.899585 
2.5250 0.911231 
2.5350 0.911622 
2.5450 0.902202 
2.5550 0.904667 
2.5650 0.901614 
2.5750 0.911930 
2.5850 0.913634 
2.5950 0.917466 
2.6050 0.931639 
2.6150 0.924586 
2.6250 0.941881 
2.6350 0.930786 
2.6450 0.928049 
2.6550 0.954088 
2.6650 0.959657 
2.6750 0.962532 
2.6850 0.975893 
2.6950 0.979067 
2.7050 0.997895 
2.7150 0.990101 
2.7250 1.010225 
2.7350 1.007570 
2.7450 1.019821 
2.7550 1.018392 
2.7650 1.031877 
2.7750 1.032447 
2.7850 1.043728 
2.7950 1.057927 
2.8050 1.072450 
2.8150 1.076666 
2.8250 1.096620 
2.8350 1.104551 
2.8450 1.116063 
2.8550 1.128422 
2.8650 1.119656 
2.8750 1.125017 
2.8850 1.137514 
2.8950 1.130756 
2.9050 1.135289 
2.9150 1.145422 
2.9250 1.148499 
2.9350 1.154877 
2.9450 1.158975 
2.9550 1.159950 
2.9650 1.140818 
2.9750 1.153976 
2.9850 1.139288 
2.9950 1.134863 
3.0050 1.127763 
3.0150 1.110103 
3.0250 1.088659 
3.0350 1.070455 
3.0450 1.040941 
3.0550 1.024607 
3.0650 1.004976 
3.0750 1.005996 
3.0850 0.991237 
3.0950 0.975025 
3.1050 0.967952 
3.1150 0.964767 
3.1250 0.958018 
3.1350 0.961077 
3.1450 0.944458 
3.1550 0.950902 
3.1650 0.961871 
3.1750 0.956099 
3.1850 0.964486 
3.1950 0.958207 
3.2050 0.959304 
3.2150 0.958612 
3.2250 0.967551 
3.2350 0.960388 
3.2450 0.964971 
3.2550 0.974622 
3.2650 0.962735 
3.2750 0.965807 
3.2850 0.977319 
3.2950 0.975344 
3.3050 0.956794 
3.3150 0.962194 
3.3250 0.954880 
3.3350 0.961971 
3.3450 0.960864 
3.3550 0.956730 
3.3650 0.970106 
3.3750 0.971366 
3.3850 0.970396 
3.3950 0.972883 
3.4050 0.973245 
3.4150 0.969547 
3.4250 0.968319 
3.4350 0.964134 
3.4450 0.957293 
3.4550 0.955492 
3.4650 0.959156 
3.4750 0.969568 
3.4850 0.962716 
3.4950 0.975138 
3.5050 0.968675 
3.5150 0.973125 
3.5250 0.977842 
3.5350 0.975733 
3.5450 0.981984 
3.5550 0.979899 
3.5650 0.972596 
3.5750 0.975023 
3.5850 0.976960 
3.5950 0.977267 
3.6050 0.980634 
3.6150 0.976482 
3.6250 0.980069 
3.6350 0.988671 
3.6450 0.985704 
3.6550 0.988861 
3.6650 0.990134 
3.6750 1.000198 
3.6850 1.021141 
3.6950 1.005857 
3.7050 1.005847 
3.7150 1.007242 
3.7250 1.014691 
3.7350 1.009367 
3.7450 1.019969 
3.7550 1.013885 
3.7650 1.011014 
3.7750 1.030726 
3.7850 1.025566 
3.7950 1.035106 
3.8050 1.032165 
3.8150 1.041795 
3.8250 1.031762 
3.8350 1.028428 
3.8450 1.023042 
3.8550 1.018262 
3.8650 1.024440 
3.8750 1.027848 
3.8850 1.019988 
3.8950 1.012694 
3.9050 1.023729 
3.9150 1.026034 
3.9250 1.030594 
3.9350 1.038652 
3.9450 1.034483 
3.9550 1.035310 
3.9650 1.033975 
3.9750 1.035014 
3.9850 1.042252 
3.9950 1.034207 
4.0050 1.033166 
4.0150 1.026441 
4.0250 1.035201 
4.0350 1.026745 
4.0450 1.013276 
4.0550 1.002890 
4.0650 0.998910 
4.0750 0.989324 
4.0850 0.985942 
4.0950 0.987214 
4.1050 0.987293 
4.1150 0.977141 
4.1250 0.987426 
4.1350 0.980282 
4.1450 0.978622 
4.1550 0.981149 
4.1650 0.995722 
4.1750 0.990635 
4.1850 0.983038 
4.1950 0.985877 
4.2050 1.004734 
4.2150 0.996914 
4.2250 0.987511 
4.2350 0.985909 
4.2450 0.974419 
4.2550 0.991394 
4.2650 0.995410 
4.2750 0.988722 
4.2850 0.981506 
4.2950 0.976853 
4.3050 0.977846 
4.3150 0.977367 
4.3250 0.984031 
4.3350 0.981763 
4.3450 0.983838 
4.3550 0.986905 
4.3650 0.981315 
4.3750 0.981871 
4.3850 0.981449 
4.3950 0.981262 
4.4050 0.988360 
4.4150 0.987849 
4.4250 0.991825 
4.4350 0.992543 
4.4450 0.990004 
4.4550 0.992182 
4.4650 0.993527 
4.4750 0.999148 
4.4850 0.999822 
4.4950 0.988559 