
0.0050 0.000000 
0.0150 0.000000 
0.0250 0.000000 
0.0350 0.000000 
0.0450 0.000000 
0.0550 0.000000 
0.0650 0.000000 
0.0750 0.000000 
0.0850 0.000000 
0.0950 0.000000 
0.1050 0.000000 
0.1150 0.000000 
0.1250 0.000000 
0.1350 0.000000 
0.1450 0.000000 
0.1550 0.000000 
0.1650 0.000000 
0.1750 0.000000 
0.1850 0.000000 
0.1950 0.000000 
0.2050 0.000000 
0.2150 0.000000 
0.2250 0.000000 
0.2350 0.000000 
0.2450 0.000000 
0.2550 0.000000 
0.2650 0.000000 
0.2750 0.000000 
0.2850 0.000000 
0.2950 0.000000 
0.3050 0.000000 
0.3150 0.000000 
0.3250 0.000000 
0.3350 0.000000 
0.3450 0.000000 
0.3550 0.000000 
0.3650 0.000000 
0.3750 0.000000 
0.3850 0.000000 
0.3950 0.000000 
0.4050 0.000000 
0.4150 0.000000 
0.4250 0.000000 
0.4350 0.000000 
0.4450 0.001523 
0.4550 0.012289 
0.4650 0.027700 
0.4750 0.045860 
0.4850 0.058733 
0.4950 0.066638 
0.5050 0.084812 
0.5150 0.099488 
0.5250 0.102621 
0.5350 0.125782 
0.5450 0.136265 
0.5550 0.145456 
0.5650 0.147111 
0.5750 0.178245 
0.5850 0.186693 
0.5950 0.199141 
0.6050 0.215534 
0.6150 0.223801 
0.6250 0.223647 
0.6350 0.230725 
0.6450 0.253398 
0.6550 0.275255 
0.6650 0.279328 
0.6750 0.293988 
0.6850 0.303507 
0.6950 0.319972 
0.7050 0.331028 
0.7150 0.334757 
0.7250 0.355046 
0.7350 0.357193 
0.7450 0.375042 
0.7550 0.375968 
0.7650 0.404234 
0.7750 0.418927 
0.7850 0.424466 
0.7950 0.430402 
0.8050 0.443911 
0.8150 0.443824 
0.8250 0.458704 
0.8350 0.490868 
0.8450 0.485396 
0.8550 0.520984 
0.8650 0.519918 
0.8750 0.535715 
0.8850 0.558952 
0.8950 0.566637 
0.9050 0.584599 
0.9150 0.585973 
0.9250 0.605275 
0.9350 0.617151 
0.9450 0.639687 
0.9550 0.656042 
0.9650 0.676387 
0.9750 0.696230 
0.9850 0.725361 
0.9950 0.769157 
1.0050 0.786643 
1.0150 0.823688 
1.0250 0.820265 
1.0350 0.836344 
1.0450 0.853585 
1.0550 0.882621 
1.0650 0.881897 
1.0750 0.909182 
1.0850 0.929994 
1.0950 0.927925 
1.1050 0.941634 
1.1150 0.940797 
1.1250 0.954908 
1.1350 0.963512 
1.1450 0.982319 
1.1550 0.997774 
1.1650 0.989026 
1.1750 1.001985 
1.1850 1.003930 
1.1950 1.010125 
1.2050 1.014093 
1.2150 1.010415 
1.2250 1.012436 
1.2350 1.033905 
1.2450 1.002336 
1.2550 1.035372 
1.2650 1.030591 
1.2750 1.049239 
1.2850 1.033536 
1.2950 1.038960 
1.3050 1.044695 
1.3150 1.053781 
1.3250 1.052878 
1.3350 1.062918 
1.3450 1.058661 
1.3550 1.060134 
1.3650 1.073653 
1.3750 1.059852 
1.3850 1.059560 
1.3950 1.090413 
1.4050 1.077881 
1.4150 1.082112 
1.4250 1.084009 
1.4350 1.075173 
1.4450 1.089318 
1.4550 1.076402 
1.4650 1.081606 
1.4750 1.099588 
1.4850 1.081632 
1.4950 1.092236 
1.5050 1.102588 
1.5150 1.100067 
1.5250 1.095564 
1.5350 1.110642 
1.5450 1.116904 
1.5550 1.103870 
1.5650 1.111132 
1.5750 1.093420 
1.5850 1.093008 
1.5950 1.081947 
1.6050 1.064322 
1.6150 1.066793 
1.6250 1.057095 
1.6350 1.058588 
1.6450 1.060581 
1.6550 1.054812 
1.6650 1.031313 
1.6750 1.038635 
1.6850 1.026711 
1.6950 1.034779 
1.7050 1.014703 
1.7150 1.042168 
1.7250 1.024162 
1.7350 1.026300 
1.7450 1.025966 
1.7550 1.015075 
1.7650 1.004550 
1.7750 1.007760 
1.7850 1.004810 
1.7950 1.005223 
1.8050 0.995363 
1.8150 0.992200 
1.8250 0.987153 
1.8350 0.995241 
1.8450 0.999075 
1.8550 0.984401 
1.8650 0.980786 
1.8750 0.990421 
1.8850 0.988218 
1.8950 0.990725 
1.9050 0.996614 
1.9150 0.984509 
1.9250 0.978476 
1.9350 0.978730 
1.9450 0.980827 
1.9550 0.973594 
1.9650 0.975609 
1.9750 0.976088 
1.9850 0.975789 
1.9950 0.986499 
2.0050 0.978735 
2.0150 0.975247 
2.0250 0.966731 
2.0350 0.985168 
2.0450 0.988635 
2.0550 0.972526 
2.0650 0.978338 
2.0750 0.979647 
2.0850 0.966189 
2.0950 0.971377 
2.1050 0.975623 
2.1150 0.976395 
2.1250 0.981059 
2.1350 0.977796 
2.1450 0.984283 
2.1550 0.982263 
2.1650 0.994236 
2.1750 0.985943 
2.1850 0.981128 
2.1950 0.990918 
2.2050 0.984922 
2.2150 0.987585 
2.2250 0.986421 
2.2350 0.989244 
2.2450 0.991395 
2.2550 0.992542 
2.2650 0.991414 
2.2750 0.980192 
2.2850 1.001906 
2.2950 0.980159 
2.3050 0.981959 
2.3150 0.989467 
2.3250 0.989227 
2.3350 1.004949 
2.3450 0.994440 
2.3550 0.998465 
2.3650 0.999781 
2.3750 0.988455 
2.3850 0.988548 
2.3950 0.987498 
2.4050 0.991575 
2.4150 1.002944 
2.4250 0.999451 
2.4350 1.002271 
2.4450 1.001956 
2.4550 0.995898 
2.4650 1.000743 
2.4750 1.000300 
2.4850 1.006396 
2.4950 1.005933 
2.5050 0.997523 
2.5150 0.999140 
2.5250 1.008021 
2.5350 0.993498 
2.5450 1.007975 
2.5550 1.009792 
2.5650 1.002697 
2.5750 0.999043 
2.5850 1.012018 
2.5950 0.998276 
2.6050 1.002623 
2.6150 1.015109 
2.6250 1.010533 
2.6350 1.008781 
2.6450 1.004684 
2.6550 1.008957 
2.6650 1.009958 
2.6750 1.006956 
2.6850 1.007002 
2.6950 1.003621 
2.7050 1.011422 
2.7150 1.008397 
2.7250 1.003573 
2.7350 1.004319 
2.7450 0.999078 
2.7550 1.006816 
2.7650 1.007078 
2.7750 1.006782 
2.7850 1.011033 
2.7950 1.009992 
2.8050 1.011854 
2.8150 0.996268 
2.8250 1.003885 
2.8350 0.996943 
2.8450 1.005106 
2.8550 0.999195 
2.8650 1.006219 
2.8750 1.006412 
2.8850 0.992557 
2.8950 1.001451 
2.9050 0.996538 
2.9150 1.001485 
2.9250 1.007480 
2.9350 1.010288 
2.9450 1.001027 
2.9550 1.001581 
2.9650 0.999881 
2.9750 0.995060 
2.9850 0.996172 
2.9950 0.996249 
3.0050 1.005773 
3.0150 0.998245 
3.0250 1.005240 
3.0350 0.998073 
3.0450 1.003394 
3.0550 1.004790 
3.0650 0.994569 
3.0750 0.998487 
3.0850 1.009975 
3.0950 1.002987 
3.1050 0.998715 
3.1150 1.000346 
3.1250 1.004484 
3.1350 1.003931 
3.1450 1.009880 
3.1550 0.995436 
3.1650 1.000833 
3.1750 0.991895 
3.1850 0.998559 
3.1950 1.005182 
3.2050 0.996474 
3.2150 0.984893 
3.2250 1.001043 
3.2350 1.004668 
3.2450 1.003791 
3.2550 0.995588 
3.2650 0.991182 
3.2750 0.998579 
3.2850 0.996117 
3.2950 1.002961 
3.3050 1.000215 
3.3150 0.993823 
3.3250 0.995906 
3.3350 1.003156 
3.3450 1.004508 
3.3550 1.006158 
3.3650 1.001317 
3.3750 1.007756 
3.3850 1.001549 
3.3950 1.001601 
3.4050 1.004064 
3.4150 1.002255 
3.4250 0.998659 
3.4350 0.996578 
3.4450 1.001137 
3.4550 0.999680 
3.4650 0.996576 
3.4750 0.998881 
3.4850 0.996387 
3.4950 1.003182 
3.5050 0.997909 
3.5150 1.000233 
3.5250 0.993201 
3.5350 1.000412 
3.5450 1.003723 
3.5550 0.999484 
3.5650 0.996300 
3.5750 1.001030 
3.5850 1.001104 
3.5950 1.000227 
3.6050 1.001347 
3.6150 1.011997 
3.6250 1.003475 
3.6350 1.005001 
3.6450 1.008278 
3.6550 1.001031 
3.6650 0.998023 
3.6750 1.004854 
3.6850 0.996675 
3.6950 0.999445 
3.7050 0.997721 
3.7150 1.003166 
3.7250 0.995126 
3.7350 0.996382 
3.7450 0.999526 
3.7550 1.002722 
3.7650 0.999631 
3.7750 0.999366 
3.7850 1.009859 
3.7950 1.000192 
3.8050 0.994667 
3.8150 0.995336 
3.8250 1.005798 
3.8350 1.001305 
3.8450 1.004199 
3.8550 0.999090 
3.8650 0.999873 
3.8750 1.000166 
3.8850 0.992949 
3.8950 1.012518 
3.9050 1.007826 
3.9150 1.002130 
3.9250 1.003285 
3.9350 1.001891 
3.9450 0.989272 
3.9550 1.016038 
3.9650 0.993867 
3.9750 1.007382 
3.9850 1.000155 
3.9950 1.000952 
4.0050 1.002857 
4.0150 0.991797 
4.0250 0.997348 
4.0350 1.005459 
4.0450 1.002680 
4.0550 0.992848 
4.0650 1.005961 
4.0750 1.001563 
4.0850 1.000392 
4.0950 1.012304 
4.1050 0.993190 
4.1150 1.012774 
4.1250 1.006859 
4.1350 1.008730 
4.1450 1.004297 
4.1550 1.001986 
4.1650 1.001843 
4.1750 0.992089 
4.1850 1.005074 
4.1950 1.001396 
4.2050 0.999201 
4.2150 1.007428 
4.2250 0.992755 
4.2350 1.004978 
4.2450 0.995117 
4.2550 1.000099 
4.2650 1.008850 
4.2750 1.009075 
4.2850 1.001671 
4.2950 1.000676 
4.3050 1.000580 
4.3150 0.994457 
4.3250 1.005335 
4.3350 1.010913 
4.3450 1.001244 
4.3550 0.991326 
4.3650 0.994349 
4.3750 0.997574 
4.3850 1.010188 
4.3950 1.001546 
4.4050 1.016192 
4.4150 0.999882 
4.4250 1.002343 
4.4350 0.997886 
4.4450 0.998319 
4.4550 1.002726 
4.4650 1.004659 
4.4750 0.997905 
4.4850 0.997533 
4.4950 0.993945 