
0.0050 0.000000 
0.0150 0.000000 
0.0250 0.000000 
0.0350 0.000000 
0.0450 0.000000 
0.0550 0.000000 
0.0650 0.000000 
0.0750 0.000000 
0.0850 0.000000 
0.0950 0.000000 
0.1050 0.000000 
0.1150 0.000000 
0.1250 0.000000 
0.1350 0.000000 
0.1450 0.000000 
0.1550 0.000000 
0.1650 0.000000 
0.1750 0.000000 
0.1850 0.000000 
0.1950 0.000000 
0.2050 0.000000 
0.2150 0.000000 
0.2250 0.000000 
0.2350 0.000000 
0.2450 0.000000 
0.2550 0.000000 
0.2650 0.000000 
0.2750 0.000000 
0.2850 0.000000 
0.2950 0.000000 
0.3050 0.000000 
0.3150 0.000000 
0.3250 0.000000 
0.3350 0.000000 
0.3450 0.000000 
0.3550 0.000000 
0.3650 0.000000 
0.3750 0.000000 
0.3850 0.000000 
0.3950 0.000000 
0.4050 0.000000 
0.4150 0.000000 
0.4250 0.000000 
0.4350 0.000000 
0.4450 0.000000 
0.4550 0.000000 
0.4650 0.000000 
0.4750 0.000000 
0.4850 0.000000 
0.4950 0.000000 
0.5050 0.000000 
0.5150 0.000000 
0.5250 0.000000 
0.5350 0.000000 
0.5450 0.000000 
0.5550 0.000000 
0.5650 0.000000 
0.5750 0.000000 
0.5850 0.000291 
0.5950 0.010421 
0.6050 0.029066 
0.6150 0.041583 
0.6250 0.051255 
0.6350 0.072403 
0.6450 0.082094 
0.6550 0.104989 
0.6650 0.117996 
0.6750 0.133769 
0.6850 0.139899 
0.6950 0.153073 
0.7050 0.182041 
0.7150 0.181892 
0.7250 0.202515 
0.7350 0.220960 
0.7450 0.228406 
0.7550 0.258647 
0.7650 0.266745 
0.7750 0.280236 
0.7850 0.306722 
0.7950 0.329975 
0.8050 0.332986 
0.8150 0.365171 
0.8250 0.395445 
0.8350 0.397772 
0.8450 0.432896 
0.8550 0.464713 
0.8650 0.518639 
0.8750 0.549926 
0.8850 0.603511 
0.8950 0.661901 
0.9050 0.726443 
0.9150 0.792189 
0.9250 0.877059 
0.9350 0.909462 
0.9450 0.993294 
0.9550 1.020688 
0.9650 1.070917 
0.9750 1.104913 
0.9850 1.131128 
0.9950 1.158874 
1.0050 1.194975 
1.0150 1.182924 
1.0250 1.181002 
1.0350 1.160834 
1.0450 1.131098 
1.0550 1.108792 
1.0650 1.089624 
1.0750 1.076759 
1.0850 1.057686 
1.0950 1.064189 
1.1050 1.054602 
1.1150 1.040750 
1.1250 1.044350 
1.1350 1.041876 
1.1450 1.037881 
1.1550 1.032921 
1.1650 1.049129 
1.1750 1.040964 
1.1850 1.039846 
1.1950 1.045956 
1.2050 1.052318 
1.2150 1.049590 
1.2250 1.059162 
1.2350 1.058564 
1.2450 1.061607 
1.2550 1.060251 
1.2650 1.080296 
1.2750 1.055998 
1.2850 1.079151 
1.2950 1.080272 
1.3050 1.077648 
1.3150 1.077011 
1.3250 1.096928 
1.3350 1.080879 
1.3450 1.112843 
1.3550 1.097607 
1.3650 1.075341 
1.3750 1.104168 
1.3850 1.119579 
1.3950 1.116598 
1.4050 1.125870 
1.4150 1.120837 
1.4250 1.093892 
1.4350 1.097180 
1.4450 1.105740 
1.4550 1.089073 
1.4650 1.080616 
1.4750 1.057978 
1.4850 1.072836 
1.4950 1.064828 
1.5050 1.054883 
1.5150 1.056621 
1.5250 1.057328 
1.5350 1.025323 
1.5450 1.040867 
1.5550 1.017504 
1.5650 1.031918 
1.5750 1.022947 
1.5850 1.024271 
1.5950 1.017708 
1.6050 1.008940 
1.6150 1.013234 
1.6250 0.988415 
1.6350 1.004167 
1.6450 0.996784 
1.6550 0.984071 
1.6650 0.990949 
1.6750 0.984031 
1.6850 0.992450 
1.6950 0.974772 
1.7050 0.992413 
1.7150 0.969761 
1.7250 0.977474 
1.7350 0.976681 
1.7450 0.969093 
1.7550 0.975023 
1.7650 0.985145 
1.7750 0.965752 
1.7850 0.975717 
1.7950 0.974817 
1.8050 0.983202 
1.8150 0.965563 
1.8250 0.965623 
1.8350 0.974387 
1.8450 0.969212 
1.8550 0.980993 
1.8650 0.970801 
1.8750 0.969874 
1.8850 0.965876 
1.8950 0.968185 
1.9050 0.973565 
1.9150 0.970189 
1.9250 0.977766 
1.9350 0.966942 
1.9450 0.973097 
1.9550 0.983339 
1.9650 0.977087 
1.9750 0.970292 
1.9850 0.975445 
1.9950 0.983330 
2.0050 0.974560 
2.0150 0.994625 
2.0250 0.982384 
2.0350 0.980717 
2.0450 0.984080 
2.0550 0.984668 
2.0650 0.988269 
2.0750 0.984259 
2.0850 0.994918 
2.0950 0.995156 
2.1050 0.987679 
2.1150 0.996514 
2.1250 0.986448 
2.1350 0.988842 
2.1450 0.986235 
2.1550 0.987459 
2.1650 0.997710 
2.1750 0.993172 
2.1850 0.999079 
2.1950 0.995044 
2.2050 0.999456 
2.2150 0.994298 
2.2250 0.998174 
2.2350 0.999301 
2.2450 0.995202 
2.2550 1.009975 
2.2650 1.002357 
2.2750 1.006413 
2.2850 1.005160 
2.2950 0.994198 
2.3050 1.003020 
2.3150 1.000211 
2.3250 1.024150 
2.3350 1.014429 
2.3450 1.010404 
2.3550 1.001912 
2.3650 1.013117 
2.3750 1.000115 
2.3850 1.011125 
2.3950 1.002594 
2.4050 1.001775 
2.4150 1.002909 
2.4250 1.016018 
2.4350 1.011327 
2.4450 1.007724 
2.4550 1.001573 
2.4650 1.016591 
2.4750 1.002717 
2.4850 1.010489 
2.4950 1.006790 
2.5050 1.004996 
2.5150 0.998493 
2.5250 1.011915 
2.5350 1.003277 
2.5450 1.009755 
2.5550 1.012268 
2.5650 0.997431 
2.5750 1.010861 
2.5850 1.004181 
2.5950 0.999692 
2.6050 1.004394 
2.6150 1.014423 
2.6250 1.004605 
2.6350 1.013972 
2.6450 1.009920 
2.6550 1.001068 
2.6650 0.999532 
2.6750 1.004559 
2.6850 1.010441 
2.6950 1.009871 
2.7050 1.006460 
2.7150 1.003988 
2.7250 0.999714 
2.7350 1.000817 
2.7450 1.002815 
2.7550 0.998344 
2.7650 1.014282 
2.7750 0.997108 
2.7850 1.011340 
2.7950 0.995615 
2.8050 0.993931 
2.8150 1.004044 
2.8250 1.003068 
2.8350 0.988408 
2.8450 0.998434 
2.8550 1.006862 
2.8650 0.996311 
2.8750 0.998591 
2.8850 0.993328 
2.8950 1.005025 
2.9050 1.005397 
2.9150 0.994063 
2.9250 0.999587 
2.9350 0.997964 
2.9450 0.994755 
2.9550 0.996893 
2.9650 0.997314 
2.9750 0.996727 
2.9850 1.001242 
2.9950 1.004671 
3.0050 0.996581 
3.0150 0.997621 
3.0250 1.006597 
3.0350 0.997876 
3.0450 0.992835 
3.0550 0.993929 
3.0650 0.990524 
3.0750 1.011140 
3.0850 1.003932 
3.0950 1.003180 
3.1050 1.002571 
3.1150 0.989859 
3.1250 0.999175 
3.1350 1.002130 
3.1450 1.002321 
3.1550 1.001968 
3.1650 1.008561 
3.1750 1.000487 
3.1850 1.002023 
3.1950 0.995840 
3.2050 0.998582 
3.2150 0.997821 
3.2250 1.002104 
3.2350 0.997610 
3.2450 1.000602 
3.2550 0.998058 
3.2650 1.006505 
3.2750 1.006178 
3.2850 1.008821 
3.2950 1.000287 
3.3050 1.000707 
3.3150 1.008993 
3.3250 1.000459 
3.3350 1.000514 
3.3450 1.000494 
3.3550 1.009294 
3.3650 1.000072 
3.3750 1.000762 
3.3850 0.999957 
3.3950 0.993187 
3.4050 0.997885 
3.4150 1.002957 
3.4250 0.998534 
3.4350 1.004371 
3.4450 0.994334 
3.4550 1.000942 
3.4650 0.999662 
3.4750 1.002425 
3.4850 1.001934 
3.4950 1.000001 
3.5050 1.006962 
3.5150 1.006559 
3.5250 0.998490 
3.5350 1.006945 
3.5450 1.003843 
3.5550 0.989739 
3.5650 0.997692 
3.5750 1.015767 
3.5850 1.001462 
3.5950 1.002249 
3.6050 1.005262 
3.6150 1.002059 
3.6250 0.995641 
3.6350 1.004248 
3.6450 0.994644 
3.6550 1.008472 
3.6650 1.004534 
3.6750 0.998267 
3.6850 1.011044 
3.6950 1.001529 
3.7050 0.993196 
3.7150 0.992391 
3.7250 0.995908 
3.7350 0.995718 
3.7450 1.005100 
3.7550 0.993770 
3.7650 1.007719 
3.7750 0.997734 
3.7850 1.008820 
3.7950 0.999673 
3.8050 1.007233 
3.8150 0.997982 
3.8250 1.008392 
3.8350 0.997335 
3.8450 1.000795 
3.8550 1.006346 
3.8650 1.000271 
3.8750 1.010717 
3.8850 1.002989 
3.8950 0.996310 
3.9050 0.992448 
3.9150 1.000142 
3.9250 1.002740 
3.9350 0.998152 
3.9450 1.003236 
3.9550 1.002282 
3.9650 1.001699 
3.9750 1.007102 
3.9850 1.000563 
3.9950 1.004893 
4.0050 0.997986 
4.0150 0.999915 
4.0250 1.000770 
4.0350 0.996936 
4.0450 0.991852 
4.0550 0.999767 
4.0650 1.010674 
4.0750 1.004209 
4.0850 1.000015 
4.0950 1.004762 
4.1050 1.006361 
4.1150 1.006351 
4.1250 1.006817 
4.1350 0.998344 
4.1450 1.005164 
4.1550 1.008925 
4.1650 1.005232 
4.1750 1.006700 
4.1850 1.002131 
4.1950 0.997970 
4.2050 0.999953 
4.2150 0.999492 
4.2250 1.004965 
4.2350 0.998817 
4.2450 1.006705 
4.2550 0.996460 
4.2650 1.002652 
4.2750 1.002811 
4.2850 1.002011 
4.2950 0.999082 
4.3050 1.006781 
4.3150 1.008634 
4.3250 1.000488 
4.3350 1.003808 
4.3450 1.003016 
4.3550 1.009851 
4.3650 1.002169 
4.3750 0.998141 
4.3850 1.005389 
4.3950 0.997556 
4.4050 1.002091 
4.4150 1.005502 
4.4250 0.994744 
4.4350 1.002825 
4.4450 0.997934 
4.4550 1.006183 
4.4650 1.006787 
4.4750 0.994635 
4.4850 1.005736 
4.4950 1.001616 