
0.0050 0.000000 
0.0150 0.000000 
0.0250 0.000000 
0.0350 0.000000 
0.0450 0.000000 
0.0550 0.000000 
0.0650 0.000000 
0.0750 0.000000 
0.0850 0.000000 
0.0950 0.000000 
0.1050 0.000000 
0.1150 0.000000 
0.1250 0.000000 
0.1350 0.000000 
0.1450 0.000000 
0.1550 0.000000 
0.1650 0.000000 
0.1750 0.000000 
0.1850 0.000000 
0.1950 0.000000 
0.2050 0.001223 
0.2150 0.010512 
0.2250 0.023834 
0.2350 0.040685 
0.2450 0.048308 
0.2550 0.059956 
0.2650 0.071694 
0.2750 0.085040 
0.2850 0.091264 
0.2950 0.112776 
0.3050 0.107203 
0.3150 0.126605 
0.3250 0.143013 
0.3350 0.149388 
0.3450 0.158579 
0.3550 0.163929 
0.3650 0.170147 
0.3750 0.171304 
0.3850 0.197878 
0.3950 0.189077 
0.4050 0.203894 
0.4150 0.218005 
0.4250 0.218512 
0.4350 0.222306 
0.4450 0.256195 
0.4550 0.256212 
0.4650 0.263881 
0.4750 0.268020 
0.4850 0.279855 
0.4950 0.282652 
0.5050 0.291218 
0.5150 0.288417 
0.5250 0.320307 
0.5350 0.313582 
0.5450 0.315667 
0.5550 0.323031 
0.5650 0.327431 
0.5750 0.357376 
0.5850 0.347399 
0.5950 0.358740 
0.6050 0.375465 
0.6150 0.360706 
0.6250 0.389649 
0.6350 0.376200 
0.6450 0.396767 
0.6550 0.395427 
0.6650 0.411130 
0.6750 0.412768 
0.6850 0.423916 
0.6950 0.418961 
0.7050 0.435258 
0.7150 0.456574 
0.7250 0.448090 
0.7350 0.466110 
0.7450 0.469830 
0.7550 0.486189 
0.7650 0.479875 
0.7750 0.503591 
0.7850 0.503613 
0.7950 0.514556 
0.8050 0.521844 
0.8150 0.528641 
0.8250 0.544562 
0.8350 0.559492 
0.8450 0.556537 
0.8550 0.582634 
0.8650 0.563631 
0.8750 0.594017 
0.8850 0.627859 
0.8950 0.610414 
0.9050 0.646533 
0.9150 0.658963 
0.9250 0.691756 
0.9350 0.697519 
0.9450 0.743010 
0.9550 0.734646 
0.9650 0.772900 
0.9750 0.781358 
0.9850 0.795786 
0.9950 0.820804 
1.0050 0.859405 
1.0150 0.860888 
1.0250 0.856771 
1.0350 0.863193 
1.0450 0.870471 
1.0550 0.882218 
1.0650 0.880056 
1.0750 0.889434 
1.0850 0.892354 
1.0950 0.897245 
1.1050 0.892248 
1.1150 0.911431 
1.1250 0.897453 
1.1350 0.916253 
1.1450 0.884824 
1.1550 0.926003 
1.1650 0.912964 
1.1750 0.924826 
1.1850 0.916910 
1.1950 0.916550 
1.2050 0.927450 
1.2150 0.932275 
1.2250 0.935976 
1.2350 0.928290 
1.2450 0.938063 
1.2550 0.927083 
1.2650 0.932462 
1.2750 0.937222 
1.2850 0.957910 
1.2950 0.930183 
1.3050 0.949497 
1.3150 0.955930 
1.3250 0.968771 
1.3350 0.958793 
1.3450 0.940270 
1.3550 0.970010 
1.3650 0.950114 
1.3750 0.961911 
1.3850 0.964234 
1.3950 0.966156 
1.4050 0.968720 
1.4150 0.981200 
1.4250 0.955770 
1.4350 0.979706 
1.4450 0.981219 
1.4550 0.981011 
1.4650 0.982553 
1.4750 0.974988 
1.4850 0.985690 
1.4950 0.977577 
1.5050 0.988630 
1.5150 0.981394 
1.5250 0.992501 
1.5350 0.983554 
1.5450 1.006054 
1.5550 0.997299 
1.5650 0.994220 
1.5750 0.995083 
1.5850 1.011773 
1.5950 0.996991 
1.6050 0.994044 
1.6150 1.004193 
1.6250 1.002709 
1.6350 1.015030 
1.6450 1.014641 
1.6550 1.014514 
1.6650 1.007157 
1.6750 1.020688 
1.6850 1.030360 
1.6950 1.021729 
1.7050 1.020463 
1.7150 1.021850 
1.7250 1.029459 
1.7350 1.028860 
1.7450 1.033748 
1.7550 1.036927 
1.7650 1.043263 
1.7750 1.036536 
1.7850 1.044861 
1.7950 1.027683 
1.8050 1.039893 
1.8150 1.039874 
1.8250 1.028107 
1.8350 1.024754 
1.8450 1.025650 
1.8550 1.017050 
1.8650 1.016237 
1.8750 1.015388 
1.8850 1.016859 
1.8950 1.020252 
1.9050 1.006077 
1.9150 1.016361 
1.9250 1.004482 
1.9350 1.002837 
1.9450 1.004502 
1.9550 0.998416 
1.9650 1.003087 
1.9750 1.006110 
1.9850 0.997740 
1.9950 1.011252 
2.0050 0.998764 
2.0150 1.001537 
2.0250 0.998797 
2.0350 0.993439 
2.0450 1.002715 
2.0550 0.990779 
2.0650 1.006971 
2.0750 0.999536 
2.0850 1.002827 
2.0950 0.997154 
2.1050 0.997584 
2.1150 0.990899 
2.1250 0.996581 
2.1350 0.993285 
2.1450 0.988943 
2.1550 0.991027 
2.1650 0.996131 
2.1750 0.988811 
2.1850 0.998375 
2.1950 0.993565 
2.2050 0.992557 
2.2150 0.995572 
2.2250 0.987842 
2.2350 0.990391 
2.2450 0.997258 
2.2550 0.985152 
2.2650 1.007262 
2.2750 0.986240 
2.2850 0.998989 
2.2950 0.994571 
2.3050 0.990673 
2.3150 0.989726 
2.3250 0.994006 
2.3350 0.998397 
2.3450 0.987478 
2.3550 0.983330 
2.3650 0.990638 
2.3750 1.000727 
2.3850 0.990841 
2.3950 0.987213 
2.4050 0.995698 
2.4150 0.992114 
2.4250 0.993953 
2.4350 1.001674 
2.4450 0.998040 
2.4550 0.992799 
2.4650 0.994224 
2.4750 0.991804 
2.4850 1.002130 
2.4950 0.995586 
2.5050 1.003427 
2.5150 0.983470 
2.5250 0.994039 
2.5350 1.002906 
2.5450 0.998973 
2.5550 1.006112 
2.5650 0.999431 
2.5750 0.995989 
2.5850 0.997897 
2.5950 0.999066 
2.6050 0.997503 
2.6150 0.998600 
2.6250 0.992653 
2.6350 1.000962 
2.6450 1.003423 
2.6550 1.003644 
2.6650 0.997447 
2.6750 0.991264 
2.6850 0.994934 
2.6950 1.004795 
2.7050 1.001467 
2.7150 0.998792 
2.7250 0.999652 
2.7350 1.006413 
2.7450 0.991977 
2.7550 0.997444 
2.7650 1.013726 
2.7750 0.998464 
2.7850 1.001117 
2.7950 1.001610 
2.8050 0.986036 
2.8150 1.004257 
2.8250 0.999648 
2.8350 1.002734 
2.8450 0.995368 
2.8550 1.006083 
2.8650 1.009979 
2.8750 1.001773 
2.8850 0.999552 
2.8950 0.992236 
2.9050 1.005280 
2.9150 1.007850 
2.9250 1.000669 
2.9350 1.008860 
2.9450 1.004657 
2.9550 0.998513 
2.9650 1.018425 
2.9750 1.002130 
2.9850 1.011526 
2.9950 1.000846 
3.0050 1.007451 
3.0150 0.996600 
3.0250 1.006031 
3.0350 1.002158 
3.0450 1.001962 
3.0550 0.996112 
3.0650 1.005673 
3.0750 0.997681 
3.0850 1.003211 
3.0950 1.010502 
3.1050 1.002323 
3.1150 1.006660 
3.1250 1.003170 
3.1350 1.011842 
3.1450 1.004550 
3.1550 0.994324 
3.1650 0.993484 
3.1750 1.005578 
3.1850 1.011581 
3.1950 1.006760 
3.2050 0.998421 
3.2150 0.999497 
3.2250 1.011305 
3.2350 1.001892 
3.2450 1.005055 
3.2550 1.000028 
3.2650 1.007736 
3.2750 1.003958 
3.2850 1.003510 
3.2950 0.994032 
3.3050 1.001897 
3.3150 1.010205 
3.3250 0.999610 
3.3350 0.996104 
3.3450 1.003153 
3.3550 0.996140 
3.3650 0.994760 
3.3750 0.991791 
3.3850 0.994803 
3.3950 1.008705 
3.4050 1.003738 
3.4150 1.006739 
3.4250 0.991118 
3.4350 0.990004 
3.4450 1.001634 
3.4550 0.991956 
3.4650 0.992528 
3.4750 1.003262 
3.4850 1.007751 
3.4950 0.990726 
3.5050 1.004864 
3.5150 0.994855 
3.5250 1.001912 
3.5350 1.001622 
3.5450 0.997063 
3.5550 0.994431 
3.5650 0.999635 
3.5750 1.005958 
3.5850 1.001390 
3.5950 0.997943 
3.6050 1.002913 
3.6150 1.004567 
3.6250 1.005882 
3.6350 1.009472 
3.6450 1.002388 
3.6550 1.006366 
3.6650 1.001127 
3.6750 1.003829 
3.6850 1.001968 
3.6950 1.003890 
3.7050 0.994650 
3.7150 0.997042 
3.7250 1.002108 
3.7350 0.989626 
3.7450 1.007726 
3.7550 1.004249 
3.7650 0.998881 
3.7750 1.002583 
3.7850 1.002695 
3.7950 1.003415 
3.8050 1.001726 
3.8150 0.992780 
3.8250 1.000453 
3.8350 0.992985 
3.8450 1.003198 
3.8550 1.003062 
3.8650 1.008084 
3.8750 0.991865 
3.8850 0.995305 
3.8950 0.998550 
3.9050 0.995406 
3.9150 0.997018 
3.9250 1.000583 
3.9350 1.011043 
3.9450 0.990226 
3.9550 1.006867 
3.9650 1.001850 
3.9750 0.999720 
3.9850 1.005801 
3.9950 1.000931 
4.0050 1.001916 
4.0150 1.007627 
4.0250 0.994394 
4.0350 0.999416 
4.0450 0.998302 
4.0550 0.996075 
4.0650 1.000215 
4.0750 1.001564 
4.0850 1.000287 
4.0950 0.996970 
4.1050 1.001692 
4.1150 1.005706 
4.1250 1.000202 
4.1350 1.002544 
4.1450 1.003265 
4.1550 1.006289 
4.1650 1.001268 
4.1750 0.996147 
4.1850 0.998022 
4.1950 0.996359 
4.2050 1.002171 
4.2150 1.008747 
4.2250 1.008691 
4.2350 1.000514 
4.2450 1.002131 
4.2550 0.994128 
4.2650 1.002231 
4.2750 1.000789 
4.2850 1.000333 
4.2950 0.994561 
4.3050 1.006204 
4.3150 0.998224 
4.3250 0.996058 
4.3350 0.999348 
4.3450 0.998114 
4.3550 1.003486 
4.3650 1.001288 
4.3750 1.002385 
4.3850 1.007496 
4.3950 0.994247 
4.4050 1.001198 
4.4150 1.004281 
4.4250 0.991960 
4.4350 1.001417 
4.4450 0.996260 
4.4550 0.996657 
4.4650 1.002264 
4.4750 1.003813 
4.4850 0.999269 
4.4950 1.003006 