
0.0050 0.000000 
0.0150 0.000000 
0.0250 0.000000 
0.0350 0.000000 
0.0450 0.000000 
0.0550 0.000000 
0.0650 0.000000 
0.0750 0.000000 
0.0850 0.000000 
0.0950 0.000000 
0.1050 0.000000 
0.1150 0.000000 
0.1250 0.000000 
0.1350 0.000000 
0.1450 0.000000 
0.1550 0.000000 
0.1650 0.000000 
0.1750 0.000000 
0.1850 0.001352 
0.1950 0.014561 
0.2050 0.022433 
0.2150 0.047498 
0.2250 0.059212 
0.2350 0.058172 
0.2450 0.085652 
0.2550 0.099488 
0.2650 0.094852 
0.2750 0.097276 
0.2850 0.118732 
0.2950 0.133903 
0.3050 0.145333 
0.3150 0.153639 
0.3250 0.155212 
0.3350 0.151151 
0.3450 0.173752 
0.3550 0.175349 
0.3650 0.186583 
0.3750 0.199480 
0.3850 0.212373 
0.3950 0.212203 
0.4050 0.229172 
0.4150 0.237583 
0.4250 0.242017 
0.4350 0.255399 
0.4450 0.259431 
0.4550 0.270922 
0.4650 0.271353 
0.4750 0.285329 
0.4850 0.282128 
0.4950 0.297555 
0.5050 0.299782 
0.5150 0.312137 
0.5250 0.322731 
0.5350 0.313899 
0.5450 0.329683 
0.5550 0.333738 
0.5650 0.345013 
0.5750 0.361216 
0.5850 0.359303 
0.5950 0.347034 
0.6050 0.376870 
0.6150 0.394690 
0.6250 0.399710 
0.6350 0.414610 
0.6450 0.402302 
0.6550 0.419565 
0.6650 0.411642 
0.6750 0.429773 
0.6850 0.438067 
0.6950 0.431198 
0.7050 0.445391 
0.7150 0.453838 
0.7250 0.452783 
0.7350 0.470276 
0.7450 0.490273 
0.7550 0.487316 
0.7650 0.497783 
0.7750 0.485252 
0.7850 0.495590 
0.7950 0.512414 
0.8050 0.521209 
0.8150 0.521329 
0.8250 0.537442 
0.8350 0.551947 
0.8450 0.552305 
0.8550 0.571380 
0.8650 0.577315 
0.8750 0.568224 
0.8850 0.584263 
0.8950 0.599375 
0.9050 0.593918 
0.9150 0.626471 
0.9250 0.623787 
0.9350 0.634920 
0.9450 0.649514 
0.9550 0.671656 
0.9650 0.685482 
0.9750 0.703047 
0.9850 0.735916 
0.9950 0.779435 
1.0050 0.865935 
1.0150 0.922692 
1.0250 0.913401 
1.0350 0.930232 
1.0450 0.941929 
1.0550 0.918741 
1.0650 0.932648 
1.0750 0.932022 
1.0850 0.927244 
1.0950 0.916322 
1.1050 0.929210 
1.1150 0.911201 
1.1250 0.919055 
1.1350 0.918206 
1.1450 0.932491 
1.1550 0.929326 
1.1650 0.906742 
1.1750 0.932592 
1.1850 0.929938 
1.1950 0.919619 
1.2050 0.921433 
1.2150 0.920409 
1.2250 0.933260 
1.2350 0.937062 
1.2450 0.939501 
1.2550 0.929394 
1.2650 0.934013 
1.2750 0.929795 
1.2850 0.946158 
1.2950 0.944018 
1.3050 0.949300 
1.3150 0.953140 
1.3250 0.949000 
1.3350 0.946520 
1.3450 0.947123 
1.3550 0.965980 
1.3650 0.965118 
1.3750 0.959242 
1.3850 0.975510 
1.3950 0.957958 
1.4050 0.954384 
1.4150 0.961597 
1.4250 0.977094 
1.4350 0.979230 
1.4450 0.981692 
1.4550 0.959715 
1.4650 0.963674 
1.4750 0.980370 
1.4850 0.986610 
1.4950 0.974608 
1.5050 0.985453 
1.5150 0.983478 
1.5250 0.981473 
1.5350 0.975267 
1.5450 1.002351 
1.5550 0.989227 
1.5650 0.992965 
1.5750 0.999040 
1.5850 0.995235 
1.5950 0.991370 
1.6050 0.999896 
1.6150 1.015348 
1.6250 0.991516 
1.6350 0.998840 
1.6450 1.004830 
1.6550 1.002749 
1.6650 1.014953 
1.6750 1.011154 
1.6850 1.015713 
1.6950 1.021780 
1.7050 1.012449 
1.7150 1.015127 
1.7250 1.041392 
1.7350 1.023150 
1.7450 1.024743 
1.7550 1.015173 
1.7650 1.023664 
1.7750 1.040193 
1.7850 1.034477 
1.7950 1.030396 
1.8050 1.037669 
1.8150 1.029756 
1.8250 1.031945 
1.8350 1.033924 
1.8450 1.017039 
1.8550 1.031510 
1.8650 1.032269 
1.8750 1.017894 
1.8850 1.014910 
1.8950 1.011732 
1.9050 1.015449 
1.9150 1.016763 
1.9250 1.015000 
1.9350 1.021380 
1.9450 1.010739 
1.9550 1.009297 
1.9650 1.005435 
1.9750 0.999621 
1.9850 1.011686 
1.9950 1.006841 
2.0050 0.999360 
2.0150 1.005226 
2.0250 0.996434 
2.0350 1.004650 
2.0450 0.992896 
2.0550 1.001174 
2.0650 1.002296 
2.0750 0.989982 
2.0850 1.001269 
2.0950 1.007229 
2.1050 1.002739 
2.1150 0.993322 
2.1250 0.986327 
2.1350 1.002090 
2.1450 0.987072 
2.1550 0.994001 
2.1650 0.992184 
2.1750 0.995804 
2.1850 1.001779 
2.1950 0.985117 
2.2050 0.989612 
2.2150 0.996304 
2.2250 0.995716 
2.2350 1.000333 
2.2450 0.992119 
2.2550 0.986516 
2.2650 0.995339 
2.2750 0.990184 
2.2850 0.986533 
2.2950 0.992001 
2.3050 0.990228 
2.3150 0.992531 
2.3250 0.989595 
2.3350 0.995469 
2.3450 0.989483 
2.3550 0.995017 
2.3650 0.997432 
2.3750 0.991298 
2.3850 0.992382 
2.3950 0.985393 
2.4050 1.000425 
2.4150 1.003935 
2.4250 1.000826 
2.4350 0.996830 
2.4450 0.994754 
2.4550 0.990641 
2.4650 0.994987 
2.4750 0.994049 
2.4850 0.999963 
2.4950 0.986576 
2.5050 0.991824 
2.5150 1.000737 
2.5250 1.002536 
2.5350 0.998185 
2.5450 0.992927 
2.5550 0.999353 
2.5650 0.993465 
2.5750 1.000172 
2.5850 1.002263 
2.5950 0.998704 
2.6050 0.992810 
2.6150 0.994383 
2.6250 0.995063 
2.6350 0.999016 
2.6450 0.994890 
2.6550 0.997719 
2.6650 0.995714 
2.6750 0.995291 
2.6850 0.987611 
2.6950 1.000449 
2.7050 0.999475 
2.7150 0.993376 
2.7250 0.994789 
2.7350 1.001786 
2.7450 0.999265 
2.7550 1.004706 
2.7650 0.989823 
2.7750 0.999142 
2.7850 0.986228 
2.7950 1.004761 
2.8050 1.012433 
2.8150 0.985942 
2.8250 1.008032 
2.8350 0.996641 
2.8450 0.999696 
2.8550 1.008359 
2.8650 1.002846 
2.8750 1.012866 
2.8850 0.990127 
2.8950 1.000358 
2.9050 1.009813 
2.9150 1.005151 
2.9250 1.005405 
2.9350 1.002043 
2.9450 1.002101 
2.9550 1.011564 
2.9650 1.000515 
2.9750 1.003481 
2.9850 1.000096 
2.9950 0.994793 
3.0050 1.005460 
3.0150 1.010894 
3.0250 1.003148 
3.0350 1.005370 
3.0450 1.007550 
3.0550 1.007309 
3.0650 1.015606 
3.0750 0.999266 
3.0850 1.015435 
3.0950 1.003871 
3.1050 1.007886 
3.1150 0.997079 
3.1250 1.010367 
3.1350 1.007941 
3.1450 1.003137 
3.1550 1.000016 
3.1650 1.002860 
3.1750 1.002292 
3.1850 0.995310 
3.1950 1.004138 
3.2050 0.996634 
3.2150 1.001598 
3.2250 1.006903 
3.2350 1.005911 
3.2450 1.000048 
3.2550 0.991279 
3.2650 0.998044 
3.2750 1.003149 
3.2850 1.004968 
3.2950 1.004258 
3.3050 1.001587 
3.3150 1.000040 
3.3250 1.002079 
3.3350 0.998566 
3.3450 1.001721 
3.3550 0.995885 
3.3650 1.005409 
3.3750 0.991563 
3.3850 0.992201 
3.3950 1.003743 
3.4050 1.001377 
3.4150 0.994692 
3.4250 0.999608 
3.4350 1.006014 
3.4450 1.001584 
3.4550 1.003665 
3.4650 1.002896 
3.4750 1.005453 
3.4850 1.008511 
3.4950 0.992708 
3.5050 0.997494 
3.5150 0.999989 
3.5250 1.002373 
3.5350 1.000727 
3.5450 0.993058 
3.5550 1.000879 
3.5650 1.000883 
3.5750 0.995431 
3.5850 0.994209 
3.5950 1.001869 
3.6050 1.005049 
3.6150 0.994251 
3.6250 1.000668 
3.6350 1.003001 
3.6450 1.000652 
3.6550 1.003371 
3.6650 1.005701 
3.6750 0.998592 
3.6850 0.995190 
3.6950 1.011066 
3.7050 1.003008 
3.7150 1.004295 
3.7250 0.990419 
3.7350 1.006665 
3.7450 0.996032 
3.7550 0.994545 
3.7650 0.996610 
3.7750 1.002901 
3.7850 1.001227 
3.7950 1.011935 
3.8050 0.997702 
3.8150 0.996794 
3.8250 1.005910 
3.8350 1.006435 
3.8450 1.001463 
3.8550 0.995274 
3.8650 0.997792 
3.8750 1.010916 
3.8850 0.999708 
3.8950 0.990864 
3.9050 0.992645 
3.9150 1.006457 
3.9250 0.997358 
3.9350 0.999543 
3.9450 0.999658 
3.9550 0.996117 
3.9650 1.003403 
3.9750 1.005122 
3.9850 0.998588 
3.9950 0.995214 
4.0050 1.005377 
4.0150 0.995461 
4.0250 0.998177 
4.0350 1.001325 
4.0450 1.002299 
4.0550 1.008354 
4.0650 1.006466 
4.0750 1.008260 
4.0850 0.998445 
4.0950 0.998119 
4.1050 1.001213 
4.1150 1.005456 
4.1250 1.004080 
4.1350 1.001985 
4.1450 1.000871 
4.1550 1.004992 
4.1650 1.004308 
4.1750 1.000471 
4.1850 0.998042 
4.1950 1.001274 
4.2050 0.999323 
4.2150 1.000446 
4.2250 0.995893 
4.2350 0.998817 
4.2450 0.996306 
4.2550 0.994189 
4.2650 1.004277 
4.2750 1.000049 
4.2850 0.999016 
4.2950 1.007070 
4.3050 1.007556 
4.3150 0.993922 
4.3250 1.000192 
4.3350 0.997413 
4.3450 1.006068 
4.3550 0.993054 
4.3650 1.004404 
4.3750 0.998395 
4.3850 0.994599 
4.3950 0.993409 
4.4050 1.000421 
4.4150 1.001065 
4.4250 1.003194 
4.4350 1.003018 
4.4450 0.999551 
4.4550 0.999404 
4.4650 0.998375 
4.4750 1.005820 
4.4850 0.998639 
4.4950 0.998875 