
0.0050 0.000000 
0.0150 0.000000 
0.0250 0.000000 
0.0350 0.000000 
0.0450 0.000000 
0.0550 0.000000 
0.0650 0.000000 
0.0750 0.000000 
0.0850 0.000000 
0.0950 0.000000 
0.1050 0.000000 
0.1150 0.000000 
0.1250 0.000000 
0.1350 0.000000 
0.1450 0.000000 
0.1550 0.000000 
0.1650 0.000000 
0.1750 0.000000 
0.1850 0.000000 
0.1950 0.000000 
0.2050 0.000000 
0.2150 0.000000 
0.2250 0.000000 
0.2350 0.000000 
0.2450 0.000000 
0.2550 0.000000 
0.2650 0.000000 
0.2750 0.000000 
0.2850 0.000000 
0.2950 0.000000 
0.3050 0.000000 
0.3150 0.000000 
0.3250 0.000000 
0.3350 0.000000 
0.3450 0.000000 
0.3550 0.000000 
0.3650 0.000000 
0.3750 0.000000 
0.3850 0.000000 
0.3950 0.000000 
0.4050 0.000000 
0.4150 0.000000 
0.4250 0.000000 
0.4350 0.000000 
0.4450 0.000000 
0.4550 0.000000 
0.4650 0.000000 
0.4750 0.000357 
0.4850 0.009964 
0.4950 0.022270 
0.5050 0.037620 
0.5150 0.054686 
0.5250 0.063189 
0.5350 0.077721 
0.5450 0.089546 
0.5550 0.106454 
0.5650 0.116757 
0.5750 0.133056 
0.5850 0.141979 
0.5950 0.153889 
0.6050 0.174253 
0.6150 0.172962 
0.6250 0.187755 
0.6350 0.206770 
0.6450 0.212286 
0.6550 0.229444 
0.6650 0.245835 
0.6750 0.259350 
0.6850 0.265025 
0.6950 0.280205 
0.7050 0.289287 
0.7150 0.303708 
0.7250 0.307878 
0.7350 0.335895 
0.7450 0.342837 
0.7550 0.355231 
0.7650 0.361742 
0.7750 0.364351 
0.7850 0.392807 
0.7950 0.401173 
0.8050 0.418849 
0.8150 0.440899 
0.8250 0.455401 
0.8350 0.472718 
0.8450 0.487512 
0.8550 0.499273 
0.8650 0.521494 
0.8750 0.531530 
0.8850 0.555103 
0.8950 0.579294 
0.9050 0.604742 
0.9150 0.635688 
0.9250 0.640549 
0.9350 0.684033 
0.9450 0.733543 
0.9550 0.771851 
0.9650 0.787117 
0.9750 0.827068 
0.9850 0.894157 
0.9950 0.934293 
1.0050 0.984915 
1.0150 1.018925 
1.0250 1.058095 
1.0350 1.077982 
1.0450 1.122288 
1.0550 1.140790 
1.0650 1.144057 
1.0750 1.175576 
1.0850 1.162748 
1.0950 1.163468 
1.1050 1.173358 
1.1150 1.175270 
1.1250 1.172980 
1.1350 1.149392 
1.1450 1.157645 
1.1550 1.133414 
1.1650 1.116772 
1.1750 1.100195 
1.1850 1.100810 
1.1950 1.078147 
1.2050 1.075182 
1.2150 1.056891 
1.2250 1.065569 
1.2350 1.053936 
1.2450 1.026387 
1.2550 1.032721 
1.2650 1.058108 
1.2750 1.036391 
1.2850 1.035993 
1.2950 1.037379 
1.3050 1.040511 
1.3150 1.025620 
1.3250 1.040513 
1.3350 1.036774 
1.3450 1.032965 
1.3550 1.037777 
1.3650 1.040517 
1.3750 1.014420 
1.3850 1.047298 
1.3950 1.051931 
1.4050 1.037181 
1.4150 1.041217 
1.4250 1.033876 
1.4350 1.052272 
1.4450 1.033201 
1.4550 1.050295 
1.4650 1.065991 
1.4750 1.043799 
1.4850 1.046508 
1.4950 1.045870 
1.5050 1.057038 
1.5150 1.070877 
1.5250 1.058896 
1.5350 1.053466 
1.5450 1.052859 
1.5550 1.036501 
1.5650 1.043865 
1.5750 1.022350 
1.5850 1.028796 
1.5950 1.026594 
1.6050 1.018144 
1.6150 1.004087 
1.6250 1.013270 
1.6350 1.006778 
1.6450 1.010021 
1.6550 1.003575 
1.6650 0.992796 
1.6750 1.004272 
1.6850 1.007553 
1.6950 0.991600 
1.7050 0.994918 
1.7150 0.999391 
1.7250 0.975197 
1.7350 0.979979 
1.7450 0.982357 
1.7550 0.987579 
1.7650 0.985919 
1.7750 0.986732 
1.7850 0.968492 
1.7950 0.974436 
1.8050 0.990111 
1.8150 0.988247 
1.8250 0.973673 
1.8350 0.993518 
1.8450 0.976527 
1.8550 0.965797 
1.8650 0.983626 
1.8750 0.985228 
1.8850 0.977522 
1.8950 0.974722 
1.9050 0.972803 
1.9150 0.982858 
1.9250 0.974881 
1.9350 0.973565 
1.9450 0.979289 
1.9550 0.974862 
1.9650 0.970608 
1.9750 0.977127 
1.9850 0.964856 
1.9950 0.968426 
2.0050 0.986790 
2.0150 0.977622 
2.0250 0.979430 
2.0350 0.976981 
2.0450 0.995195 
2.0550 0.991736 
2.0650 0.991869 
2.0750 0.985371 
2.0850 0.985943 
2.0950 0.994626 
2.1050 0.989181 
2.1150 1.000191 
2.1250 0.995656 
2.1350 1.003691 
2.1450 0.996553 
2.1550 0.995865 
2.1650 0.997512 
2.1750 1.006413 
2.1850 1.004242 
2.1950 1.001235 
2.2050 0.998371 
2.2150 1.000471 
2.2250 1.005280 
2.2350 0.996968 
2.2450 1.002092 
2.2550 1.001031 
2.2650 1.000583 
2.2750 0.994242 
2.2850 1.003813 
2.2950 1.007158 
2.3050 1.003206 
2.3150 1.000764 
2.3250 1.003968 
2.3350 0.999422 
2.3450 1.001073 
2.3550 1.007211 
2.3650 1.007768 
2.3750 0.999359 
2.3850 1.010982 
2.3950 1.015478 
2.4050 1.006431 
2.4150 1.009103 
2.4250 0.998887 
2.4350 1.003956 
2.4450 1.003774 
2.4550 1.000703 
2.4650 0.998801 
2.4750 1.002545 
2.4850 1.015443 
2.4950 1.000589 
2.5050 0.999366 
2.5150 1.001451 
2.5250 1.005618 
2.5350 1.008032 
2.5450 1.007337 
2.5550 1.009223 
2.5650 1.000730 
2.5750 0.994694 
2.5850 0.999253 
2.5950 0.998506 
2.6050 1.003443 
2.6150 1.008800 
2.6250 1.009132 
2.6350 1.011507 
2.6450 1.006752 
2.6550 0.993017 
2.6650 1.008835 
2.6750 1.005518 
2.6850 0.995094 
2.6950 1.002289 
2.7050 0.999886 
2.7150 1.008334 
2.7250 0.996452 
2.7350 1.016854 
2.7450 1.000853 
2.7550 1.000361 
2.7650 0.991895 
2.7750 1.003887 
2.7850 1.008055 
2.7950 0.997052 
2.8050 1.011457 
2.8150 1.003983 
2.8250 1.002463 
2.8350 0.996430 
2.8450 0.996630 
2.8550 1.001472 
2.8650 1.003712 
2.8750 1.002011 
2.8850 1.009332 
2.8950 1.008510 
2.9050 1.002601 
2.9150 1.005533 
2.9250 1.006223 
2.9350 0.995779 
2.9450 0.995772 
2.9550 1.002391 
2.9650 0.991056 
2.9750 1.007563 
2.9850 1.009721 
2.9950 0.996363 
3.0050 1.002585 
3.0150 0.993168 
3.0250 1.000660 
3.0350 0.995594 
3.0450 0.997777 
3.0550 1.005209 
3.0650 0.998448 
3.0750 1.005912 
3.0850 1.006427 
3.0950 0.996135 
3.1050 0.994612 
3.1150 1.001389 
3.1250 0.997588 
3.1350 1.011268 
3.1450 0.996284 
3.1550 0.997685 
3.1650 0.997321 
3.1750 0.997363 
3.1850 0.999821 
3.1950 0.998356 
3.2050 0.999516 
3.2150 0.997342 
3.2250 0.997145 
3.2350 1.006545 
3.2450 0.995199 
3.2550 1.002314 
3.2650 0.997022 
3.2750 0.996830 
3.2850 1.005645 
3.2950 1.003739 
3.3050 1.006711 
3.3150 0.997693 
3.3250 1.013731 
3.3350 0.994463 
3.3450 0.997758 
3.3550 0.995630 
3.3650 1.003351 
3.3750 0.996657 
3.3850 1.008194 
3.3950 1.002886 
3.4050 0.995022 
3.4150 0.996395 
3.4250 0.993116 
3.4350 0.998171 
3.4450 0.999548 
3.4550 1.000942 
3.4650 1.005092 
3.4750 1.003041 
3.4850 1.002965 
3.4950 0.995914 
3.5050 1.001252 
3.5150 1.003907 
3.5250 1.002446 
3.5350 0.994799 
3.5450 1.010068 
3.5550 1.005306 
3.5650 0.996780 
3.5750 1.003399 
3.5850 0.997359 
3.5950 1.001750 
3.6050 0.999568 
3.6150 1.011903 
3.6250 1.001895 
3.6350 1.005189 
3.6450 1.001426 
3.6550 1.001475 
3.6650 1.004114 
3.6750 1.003830 
3.6850 1.011764 
3.6950 1.008080 
3.7050 0.999845 
3.7150 1.004479 
3.7250 1.004542 
3.7350 1.000435 
3.7450 1.009394 
3.7550 1.005502 
3.7650 1.001335 
3.7750 0.994471 
3.7850 0.994198 
3.7950 0.988381 
3.8050 1.000085 
3.8150 0.999014 
3.8250 1.006916 
3.8350 1.002242 
3.8450 1.007826 
3.8550 1.003484 
3.8650 0.998965 
3.8750 1.005861 
3.8850 1.003672 
3.8950 1.001405 
3.9050 1.004803 
3.9150 1.004556 
3.9250 1.005421 
3.9350 0.998087 
3.9450 1.003583 
3.9550 1.001914 
3.9650 0.998160 
3.9750 1.001140 
3.9850 0.998696 
3.9950 0.992858 
4.0050 0.987499 
4.0150 0.997485 
4.0250 0.998964 
4.0350 1.000265 
4.0450 0.999148 
4.0550 0.994726 
4.0650 1.001878 
4.0750 1.011556 
4.0850 1.002549 
4.0950 1.005410 
4.1050 1.003735 
4.1150 1.005727 
4.1250 0.998563 
4.1350 0.994103 
4.1450 0.999777 
4.1550 1.000483 
4.1650 1.005602 
4.1750 0.995778 
4.1850 0.998594 
4.1950 1.003211 
4.2050 1.004144 
4.2150 1.005175 
4.2250 1.002697 
4.2350 1.007544 
4.2450 1.002694 
4.2550 0.998551 
4.2650 1.000044 
4.2750 1.007414 
4.2850 1.005624 
4.2950 0.992210 
4.3050 0.995255 
4.3150 1.001218 
4.3250 0.995800 
4.3350 1.002209 
4.3450 1.006620 
4.3550 0.998378 
4.3650 1.008108 
4.3750 1.003636 
4.3850 1.005564 
4.3950 1.003357 
4.4050 1.000382 
4.4150 1.003913 
4.4250 1.005881 
4.4350 0.999854 
4.4450 1.001707 
4.4550 1.006778 
4.4650 1.005579 
4.4750 1.001480 
4.4850 1.001291 
4.4950 0.999484 