
0.0050 0.000000 
0.0150 0.000000 
0.0250 0.000000 
0.0350 0.000000 
0.0450 0.000000 
0.0550 0.000000 
0.0650 0.000000 
0.0750 0.000000 
0.0850 0.000000 
0.0950 0.000000 
0.1050 0.000000 
0.1150 0.000000 
0.1250 0.000000 
0.1350 0.000000 
0.1450 0.000000 
0.1550 0.000000 
0.1650 0.000000 
0.1750 0.000000 
0.1850 0.000000 
0.1950 0.000000 
0.2050 0.000000 
0.2150 0.000000 
0.2250 0.002234 
0.2350 0.006781 
0.2450 0.011649 
0.2550 0.012519 
0.2650 0.010786 
0.2750 0.016213 
0.2850 0.013881 
0.2950 0.014275 
0.3050 0.016578 
0.3150 0.020342 
0.3250 0.023100 
0.3350 0.024940 
0.3450 0.025940 
0.3550 0.030692 
0.3650 0.037270 
0.3750 0.035839 
0.3850 0.034261 
0.3950 0.045824 
0.4050 0.052018 
0.4150 0.050780 
0.4250 0.059757 
0.4350 0.053533 
0.4450 0.063953 
0.4550 0.064425 
0.4650 0.071620 
0.4750 0.079229 
0.4850 0.079359 
0.4950 0.088222 
0.5050 0.092706 
0.5150 0.088123 
0.5250 0.093248 
0.5350 0.099769 
0.5450 0.104652 
0.5550 0.105383 
0.5650 0.122317 
0.5750 0.112086 
0.5850 0.128188 
0.5950 0.125909 
0.6050 0.130584 
0.6150 0.130551 
0.6250 0.130926 
0.6350 0.145876 
0.6450 0.139416 
0.6550 0.149761 
0.6650 0.155197 
0.6750 0.168029 
0.6850 0.160629 
0.6950 0.166166 
0.7050 0.172993 
0.7150 0.179037 
0.7250 0.187731 
0.7350 0.183689 
0.7450 0.187179 
0.7550 0.195084 
0.7650 0.199447 
0.7750 0.205675 
0.7850 0.223346 
0.7950 0.222053 
0.8050 0.229992 
0.8150 0.228232 
0.8250 0.234976 
0.8350 0.250941 
0.8450 0.264111 
0.8550 0.292014 
0.8650 0.328038 
0.8750 0.415413 
0.8850 0.572715 
0.8950 0.858520 
0.9050 1.333727 
0.9150 2.052673 
0.9250 2.951868 
0.9350 3.911115 
0.9450 4.802742 
0.9550 5.421514 
0.9650 5.684301 
0.9750 5.644215 
0.9850 5.280845 
0.9950 4.788384 
1.0050 4.125890 
1.0150 3.453714 
1.0250 2.824110 
1.0350 2.244828 
1.0450 1.747141 
1.0550 1.382717 
1.0650 1.119402 
1.0750 0.889196 
1.0850 0.756804 
1.0950 0.686541 
1.1050 0.606896 
1.1150 0.567675 
1.1250 0.545293 
1.1350 0.522403 
1.1450 0.512349 
1.1550 0.509113 
1.1650 0.503371 
1.1750 0.513114 
1.1850 0.525645 
1.1950 0.509416 
1.2050 0.530053 
1.2150 0.530622 
1.2250 0.526030 
1.2350 0.535948 
1.2450 0.537005 
1.2550 0.535734 
1.2650 0.554378 
1.2750 0.555668 
1.2850 0.572077 
1.2950 0.574726 
1.3050 0.571319 
1.3150 0.582175 
1.3250 0.606134 
1.3350 0.588059 
1.3450 0.612572 
1.3550 0.600447 
1.3650 0.613069 
1.3750 0.619923 
1.3850 0.625384 
1.3950 0.637130 
1.4050 0.642999 
1.4150 0.643417 
1.4250 0.660899 
1.4350 0.660295 
1.4450 0.666551 
1.4550 0.665330 
1.4650 0.676769 
1.4750 0.685680 
1.4850 0.687804 
1.4950 0.703718 
1.5050 0.702802 
1.5150 0.711082 
1.5250 0.699101 
1.5350 0.711581 
1.5450 0.715997 
1.5550 0.726506 
1.5650 0.721170 
1.5750 0.730049 
1.5850 0.734453 
1.5950 0.735538 
1.6050 0.732034 
1.6150 0.755748 
1.6250 0.738237 
1.6350 0.766587 
1.6450 0.768482 
1.6550 0.776442 
1.6650 0.781999 
1.6750 0.792333 
1.6850 0.802748 
1.6950 0.800646 
1.7050 0.825917 
1.7150 0.827739 
1.7250 0.844194 
1.7350 0.850762 
1.7450 0.866164 
1.7550 0.886695 
1.7650 0.915607 
1.7750 0.942607 
1.7850 0.976578 
1.7950 1.006508 
1.8050 1.050682 
1.8150 1.087500 
1.8250 1.113385 
1.8350 1.173528 
1.8450 1.207047 
1.8550 1.249831 
1.8650 1.292798 
1.8750 1.363100 
1.8850 1.410904 
1.8950 1.480159 
1.9050 1.519407 
1.9150 1.579301 
1.9250 1.624063 
1.9350 1.654234 
1.9450 1.677157 
1.9550 1.703779 
1.9650 1.694087 
1.9750 1.672856 
1.9850 1.633331 
1.9950 1.577285 
2.0050 1.513273 
2.0150 1.419579 
2.0250 1.336891 
2.0350 1.270171 
2.0450 1.189311 
2.0550 1.119257 
2.0650 1.067590 
2.0750 1.023297 
2.0850 0.984385 
2.0950 0.953349 
2.1050 0.909943 
2.1150 0.898863 
2.1250 0.885394 
2.1350 0.877574 
2.1450 0.858195 
2.1550 0.876745 
2.1650 0.861613 
2.1750 0.857818 
2.1850 0.864813 
2.1950 0.859325 
2.2050 0.875900 
2.2150 0.861653 
2.2250 0.857789 
2.2350 0.853080 
2.2450 0.868437 
2.2550 0.855081 
2.2650 0.873388 
2.2750 0.866890 
2.2850 0.867817 
2.2950 0.869928 
2.3050 0.869314 
2.3150 0.858146 
2.3250 0.862697 
2.3350 0.865453 
2.3450 0.861879 
2.3550 0.868317 
2.3650 0.874303 
2.3750 0.882901 
2.3850 0.878848 
2.3950 0.889212 
2.4050 0.889610 
2.4150 0.889721 
2.4250 0.895576 
2.4350 0.900261 
2.4450 0.900571 
2.4550 0.903073 
2.4650 0.913114 
2.4750 0.904528 
2.4850 0.904851 
2.4950 0.901986 
2.5050 0.911291 
2.5150 0.916648 
2.5250 0.909842 
2.5350 0.916613 
2.5450 0.926924 
2.5550 0.921731 
2.5650 0.928343 
2.5750 0.924612 
2.5850 0.918032 
2.5950 0.925109 
2.6050 0.926028 
2.6150 0.953780 
2.6250 0.943965 
2.6350 0.952718 
2.6450 0.961373 
2.6550 0.960431 
2.6650 0.965848 
2.6750 0.974230 
2.6850 0.968633 
2.6950 0.985539 
2.7050 0.997421 
2.7150 0.999359 
2.7250 0.992969 
2.7350 1.004319 
2.7450 1.024151 
2.7550 1.023233 
2.7650 1.029897 
2.7750 1.038671 
2.7850 1.054719 
2.7950 1.062362 
2.8050 1.066050 
2.8150 1.072049 
2.8250 1.085240 
2.8350 1.093815 
2.8450 1.101336 
2.8550 1.103476 
2.8650 1.114463 
2.8750 1.124720 
2.8850 1.125303 
2.8950 1.130048 
2.9050 1.123162 
2.9150 1.132632 
2.9250 1.130199 
2.9350 1.135066 
2.9450 1.135399 
2.9550 1.134718 
2.9650 1.139231 
2.9750 1.128137 
2.9850 1.142640 
2.9950 1.135776 
3.0050 1.124035 
3.0150 1.105821 
3.0250 1.087076 
3.0350 1.066116 
3.0450 1.049534 
3.0550 1.027154 
3.0650 1.017726 
3.0750 1.011502 
3.0850 0.987550 
3.0950 0.988564 
3.1050 0.971863 
3.1150 0.965344 
3.1250 0.962451 
3.1350 0.954776 
3.1450 0.950249 
3.1550 0.959548 
3.1650 0.953225 
3.1750 0.953190 
3.1850 0.946013 
3.1950 0.953336 
3.2050 0.953407 
3.2150 0.953745 
3.2250 0.948379 
3.2350 0.958723 
3.2450 0.955693 
3.2550 0.950187 
3.2650 0.952992 
3.2750 0.957659 
3.2850 0.956388 
3.2950 0.960005 
3.3050 0.960417 
3.3150 0.963071 
3.3250 0.954032 
3.3350 0.961407 
3.3450 0.965620 
3.3550 0.962746 
3.3650 0.960422 
3.3750 0.970201 
3.3850 0.965520 
3.3950 0.973840 
3.4050 0.971688 
3.4150 0.971751 
3.4250 0.967070 
3.4350 0.967396 
3.4450 0.970178 
3.4550 0.966161 
3.4650 0.983716 
3.4750 0.983523 
3.4850 0.991725 
3.4950 0.981133 
3.5050 0.981486 
3.5150 0.990450 
3.5250 0.989270 
3.5350 0.990299 
3.5450 0.983697 
3.5550 0.984254 
3.5650 0.979842 
3.5750 0.986818 
3.5850 0.993231 
3.5950 0.990092 
3.6050 0.988155 
3.6150 0.997682 
3.6250 1.004301 
3.6350 0.995189 
3.6450 1.005016 
3.6550 0.997824 
3.6650 1.000800 
3.6750 1.000711 
3.6850 1.014270 
3.6950 1.007292 
3.7050 1.008133 
3.7150 1.004801 
3.7250 1.016436 
3.7350 1.023681 
3.7450 1.008343 
3.7550 1.004955 
3.7650 1.007310 
3.7750 1.011172 
3.7850 1.017272 
3.7950 1.016962 
3.8050 1.013551 
3.8150 1.017602 
3.8250 1.017181 
3.8350 1.008086 
3.8450 1.018771 
3.8550 1.014024 
3.8650 1.019238 
3.8750 1.018709 
3.8850 1.029301 
3.8950 1.016911 
3.9050 1.013149 
3.9150 1.016595 
3.9250 1.023969 
3.9350 1.023804 
3.9450 1.024551 
3.9550 1.028929 
3.9650 1.036392 
3.9750 1.034002 
3.9850 1.021600 
3.9950 1.034421 
4.0050 1.028488 
4.0150 1.014978 
4.0250 1.022938 
4.0350 1.009084 
4.0450 1.011626 
4.0550 1.005674 
4.0650 0.996532 
4.0750 0.986217 
4.0850 0.980916 
4.0950 0.993753 
4.1050 0.980186 
4.1150 0.974397 
4.1250 0.968927 
4.1350 0.978814 
4.1450 0.971378 
4.1550 0.969187 
4.1650 0.978899 
4.1750 0.978299 
4.1850 0.976455 
4.1950 0.978168 
4.2050 0.971145 
4.2150 0.981001 
4.2250 0.979796 
4.2350 0.996252 
4.2450 0.972243 
4.2550 0.982245 
4.2650 0.981409 
4.2750 0.978115 
4.2850 0.972541 
4.2950 0.980339 
4.3050 0.982058 
4.3150 0.985198 
4.3250 0.985692 
4.3350 0.977698 
4.3450 0.979113 
4.3550 0.982269 
4.3650 0.980061 
4.3750 0.986369 
4.3850 0.979556 
4.3950 0.973359 
4.4050 0.995605 
4.4150 0.991995 
4.4250 0.996079 
4.4350 0.997655 
4.4450 0.995490 
4.4550 1.003955 
4.4650 0.997972 
4.4750 0.994215 
4.4850 0.999918 
4.4950 0.996554 