
0.0050 0.000000 
0.0150 0.000000 
0.0250 0.000000 
0.0350 0.000000 
0.0450 0.000000 
0.0550 0.000000 
0.0650 0.000000 
0.0750 0.000000 
0.0850 0.000000 
0.0950 0.000000 
0.1050 0.000000 
0.1150 0.000000 
0.1250 0.000000 
0.1350 0.000000 
0.1450 0.000000 
0.1550 0.000000 
0.1650 0.000000 
0.1750 0.000000 
0.1850 0.000000 
0.1950 0.000000 
0.2050 0.000000 
0.2150 0.000000 
0.2250 0.000000 
0.2350 0.000000 
0.2450 0.000000 
0.2550 0.000000 
0.2650 0.000000 
0.2750 0.000000 
0.2850 0.000000 
0.2950 0.000000 
0.3050 0.000000 
0.3150 0.000000 
0.3250 0.000000 
0.3350 0.000000 
0.3450 0.000000 
0.3550 0.000000 
0.3650 0.000000 
0.3750 0.000000 
0.3850 0.000000 
0.3950 0.000000 
0.4050 0.000000 
0.4150 0.000000 
0.4250 0.000000 
0.4350 0.000000 
0.4450 0.000000 
0.4550 0.000000 
0.4650 0.000000 
0.4750 0.000179 
0.4850 0.010837 
0.4950 0.023468 
0.5050 0.032749 
0.5150 0.052050 
0.5250 0.058987 
0.5350 0.075818 
0.5450 0.085340 
0.5550 0.095747 
0.5650 0.106690 
0.5750 0.115335 
0.5850 0.129494 
0.5950 0.132618 
0.6050 0.143081 
0.6150 0.161634 
0.6250 0.167226 
0.6350 0.188301 
0.6450 0.182505 
0.6550 0.207382 
0.6650 0.216432 
0.6750 0.218287 
0.6850 0.232875 
0.6950 0.237623 
0.7050 0.253096 
0.7150 0.268020 
0.7250 0.273618 
0.7350 0.283462 
0.7450 0.296128 
0.7550 0.302600 
0.7650 0.308014 
0.7750 0.336898 
0.7850 0.329598 
0.7950 0.329011 
0.8050 0.372217 
0.8150 0.366007 
0.8250 0.394413 
0.8350 0.404604 
0.8450 0.412038 
0.8550 0.430751 
0.8650 0.454350 
0.8750 0.478971 
0.8850 0.507754 
0.8950 0.543320 
0.9050 0.598059 
0.9150 0.632057 
0.9250 0.701887 
0.9350 0.765676 
0.9450 0.849940 
0.9550 0.949847 
0.9650 1.058731 
0.9750 1.198519 
0.9850 1.290666 
0.9950 1.438357 
1.0050 1.571590 
1.0150 1.695241 
1.0250 1.790130 
1.0350 1.847369 
1.0450 1.917222 
1.0550 1.968384 
1.0650 2.008263 
1.0750 1.998233 
1.0850 1.975972 
1.0950 1.949365 
1.1050 1.878097 
1.1150 1.806113 
1.1250 1.707359 
1.1350 1.614693 
1.1450 1.505691 
1.1550 1.399748 
1.1650 1.298106 
1.1750 1.231068 
1.1850 1.155008 
1.1950 1.073721 
1.2050 1.037099 
1.2150 0.985983 
1.2250 0.942104 
1.2350 0.937684 
1.2450 0.917643 
1.2550 0.899484 
1.2650 0.895638 
1.2750 0.874054 
1.2850 0.876308 
1.2950 0.868052 
1.3050 0.868094 
1.3150 0.867358 
1.3250 0.875133 
1.3350 0.886691 
1.3450 0.882090 
1.3550 0.857907 
1.3650 0.875715 
1.3750 0.867942 
1.3850 0.872050 
1.3950 0.874264 
1.4050 0.880395 
1.4150 0.878478 
1.4250 0.887129 
1.4350 0.888225 
1.4450 0.886057 
1.4550 0.893598 
1.4650 0.911234 
1.4750 0.914916 
1.4850 0.897853 
1.4950 0.907514 
1.5050 0.925554 
1.5150 0.918281 
1.5250 0.925099 
1.5350 0.926379 
1.5450 0.911837 
1.5550 0.911317 
1.5650 0.905512 
1.5750 0.915123 
1.5850 0.912007 
1.5950 0.911232 
1.6050 0.909828 
1.6150 0.906591 
1.6250 0.901292 
1.6350 0.906712 
1.6450 0.901995 
1.6550 0.908996 
1.6650 0.909964 
1.6750 0.917447 
1.6850 0.902389 
1.6950 0.914614 
1.7050 0.918081 
1.7150 0.902535 
1.7250 0.911824 
1.7350 0.917906 
1.7450 0.916429 
1.7550 0.912828 
1.7650 0.915413 
1.7750 0.915227 
1.7850 0.918919 
1.7950 0.922617 
1.8050 0.923908 
1.8150 0.926126 
1.8250 0.925792 
1.8350 0.920994 
1.8450 0.941433 
1.8550 0.943233 
1.8650 0.933288 
1.8750 0.934839 
1.8850 0.934107 
1.8950 0.935187 
1.9050 0.942802 
1.9150 0.955646 
1.9250 0.965295 
1.9350 0.968046 
1.9450 0.967474 
1.9550 0.977221 
1.9650 0.985348 
1.9750 0.987249 
1.9850 0.987712 
1.9950 0.998062 
2.0050 1.009886 
2.0150 1.027444 
2.0250 1.033311 
2.0350 1.047811 
2.0450 1.054650 
2.0550 1.073438 
2.0650 1.101024 
2.0750 1.115125 
2.0850 1.113109 
2.0950 1.136808 
2.1050 1.149282 
2.1150 1.163860 
2.1250 1.160084 
2.1350 1.156104 
2.1450 1.157061 
2.1550 1.140007 
2.1650 1.140397 
2.1750 1.133831 
2.1850 1.117976 
2.1950 1.105692 
2.2050 1.078209 
2.2150 1.070228 
2.2250 1.050987 
2.2350 1.032070 
2.2450 1.016710 
2.2550 1.021951 
2.2650 1.009375 
2.2750 1.005286 
2.2850 0.999138 
2.2950 0.999672 
2.3050 0.984332 
2.3150 0.983117 
2.3250 0.981177 
2.3350 0.988258 
2.3450 0.987114 
2.3550 0.981588 
2.3650 0.997324 
2.3750 0.987231 
2.3850 0.977474 
2.3950 0.977934 
2.4050 0.979456 
2.4150 0.984256 
2.4250 0.976928 
2.4350 0.971661 
2.4450 0.979721 
2.4550 0.989073 
2.4650 0.990825 
2.4750 0.972083 
2.4850 0.980700 
2.4950 0.975510 
2.5050 0.985478 
2.5150 0.980649 
2.5250 0.973726 
2.5350 0.973265 
2.5450 0.970086 
2.5550 0.985401 
2.5650 0.975368 
2.5750 0.973115 
2.5850 0.984008 
2.5950 0.980256 
2.6050 0.978797 
2.6150 0.974441 
2.6250 0.977933 
2.6350 0.983442 
2.6450 0.975110 
2.6550 0.980749 
2.6650 0.984134 
2.6750 0.974900 
2.6850 0.984299 
2.6950 0.980749 
2.7050 0.971093 
2.7150 0.983897 
2.7250 0.983870 
2.7350 0.979029 
2.7450 0.980328 
2.7550 0.976714 
2.7650 0.968457 
2.7750 0.986355 
2.7850 0.983342 
2.7950 0.981818 
2.8050 0.985396 
2.8150 0.982692 
2.8250 0.980218 
2.8350 0.974716 
2.8450 0.964053 
2.8550 0.989133 
2.8650 0.983806 
2.8750 0.975453 
2.8850 0.989534 
2.8950 0.990789 
2.9050 0.996833 
2.9150 0.986819 
2.9250 0.994442 
2.9350 0.984330 
2.9450 0.993768 
2.9550 0.987315 
2.9650 0.990277 
2.9750 0.991726 
2.9850 0.994195 
2.9950 0.997820 
3.0050 0.998374 
3.0150 1.002443 
3.0250 1.007049 
3.0350 1.013513 
3.0450 1.012970 
3.0550 1.017301 
3.0650 1.029612 
3.0750 1.027632 
3.0850 1.030819 
3.0950 1.034954 
3.1050 1.034932 
3.1150 1.020579 
3.1250 1.037212 
3.1350 1.031727 
3.1450 1.038321 
3.1550 1.029208 
3.1650 1.028745 
3.1750 1.025025 
3.1850 1.021892 
3.1950 1.011124 
3.2050 1.015552 
3.2150 1.015085 
3.2250 1.011385 
3.2350 1.013339 
3.2450 1.005925 
3.2550 1.001158 
3.2650 1.008364 
3.2750 0.997586 
3.2850 1.006452 
3.2950 1.004726 
3.3050 0.992970 
3.3150 1.004891 
3.3250 0.998915 
3.3350 0.995206 
3.3450 1.001364 
3.3550 1.006209 
3.3650 0.990439 
3.3750 0.994452 
3.3850 0.994096 
3.3950 0.993993 
3.4050 0.996178 
3.4150 0.992038 
3.4250 0.993290 
3.4350 0.989382 
3.4450 0.991207 
3.4550 0.994531 
3.4650 0.995367 
3.4750 0.986280 
3.4850 0.998400 
3.4950 0.995449 
3.5050 0.990027 
3.5150 0.997556 
3.5250 0.992788 
3.5350 0.999057 
3.5450 0.991200 
3.5550 1.001216 
3.5650 0.980705 
3.5750 0.980287 
3.5850 0.993040 
3.5950 0.993208 
3.6050 0.983291 
3.6150 0.990726 
3.6250 0.989059 
3.6350 1.000695 
3.6450 0.991688 
3.6550 0.993355 
3.6650 1.002854 
3.6750 1.000524 
3.6850 0.999159 
3.6950 0.987384 
3.7050 0.992965 
3.7150 0.996696 
3.7250 1.002957 
3.7350 0.989649 
3.7450 0.998978 
3.7550 0.992335 
3.7650 0.989930 
3.7750 0.998822 
3.7850 0.995260 
3.7950 0.992190 
3.8050 1.007481 
3.8150 0.994641 
3.8250 0.987818 
3.8350 0.997603 
3.8450 0.996057 
3.8550 0.996517 
3.8650 1.006269 
3.8750 0.993742 
3.8850 0.998937 
3.8950 0.995673 
3.9050 0.991593 
3.9150 0.999552 
3.9250 0.998207 
3.9350 0.999934 
3.9450 0.994519 
3.9550 0.995447 
3.9650 0.998355 
3.9750 1.000151 
3.9850 0.997665 
3.9950 0.995899 
4.0050 1.003796 
4.0150 1.012145 
4.0250 1.001812 
4.0350 1.006307 
4.0450 1.007608 
4.0550 0.999494 
4.0650 1.000994 
4.0750 1.012648 
4.0850 1.006738 
4.0950 1.007771 
4.1050 1.008091 
4.1150 1.004271 
4.1250 1.006962 
4.1350 1.001592 
4.1450 1.009891 
4.1550 1.000380 
4.1650 1.001966 
4.1750 0.997889 
4.1850 1.006382 
4.1950 1.002763 
4.2050 0.997960 
4.2150 1.006190 
4.2250 1.004155 
4.2350 1.001060 
4.2450 1.007551 
4.2550 0.998169 
4.2650 1.001548 
4.2750 0.989003 
4.2850 1.003029 
4.2950 1.001453 
4.3050 1.008271 
4.3150 0.999394 
4.3250 1.006957 
4.3350 1.004203 
4.3450 1.004946 
4.3550 0.999458 
4.3650 0.997975 
4.3750 1.004477 
4.3850 0.993233 
4.3950 1.002383 
4.4050 0.995430 
4.4150 1.006587 
4.4250 0.996697 
4.4350 0.994645 
4.4450 1.007828 
4.4550 0.991664 
4.4650 0.999754 
4.4750 0.994349 
4.4850 1.002474 
4.4950 0.992499 