
0.0050 0.000000 
0.0150 0.000000 
0.0250 0.000000 
0.0350 0.000000 
0.0450 0.000000 
0.0550 0.000000 
0.0650 0.000000 
0.0750 0.000000 
0.0850 0.000000 
0.0950 0.000000 
0.1050 0.000000 
0.1150 0.000000 
0.1250 0.000000 
0.1350 0.000000 
0.1450 0.000000 
0.1550 0.000000 
0.1650 0.000000 
0.1750 0.000000 
0.1850 0.000000 
0.1950 0.000000 
0.2050 0.000000 
0.2150 0.000000 
0.2250 0.000000 
0.2350 0.000000 
0.2450 0.000000 
0.2550 0.000000 
0.2650 0.000000 
0.2750 0.000000 
0.2850 0.000000 
0.2950 0.000000 
0.3050 0.000000 
0.3150 0.000000 
0.3250 0.000000 
0.3350 0.000000 
0.3450 0.000000 
0.3550 0.000000 
0.3650 0.000000 
0.3750 0.000000 
0.3850 0.000000 
0.3950 0.000000 
0.4050 0.000000 
0.4150 0.000000 
0.4250 0.000000 
0.4350 0.000000 
0.4450 0.000000 
0.4550 0.000000 
0.4650 0.000000 
0.4750 0.000000 
0.4850 0.000000 
0.4950 0.000000 
0.5050 0.000000 
0.5150 0.000000 
0.5250 0.000000 
0.5350 0.000000 
0.5450 0.000000 
0.5550 0.000000 
0.5650 0.000000 
0.5750 0.000000 
0.5850 0.000000 
0.5950 0.000000 
0.6050 0.000000 
0.6150 0.000000 
0.6250 0.000000 
0.6350 0.000000 
0.6450 0.000000 
0.6550 0.000000 
0.6650 0.000000 
0.6750 0.000000 
0.6850 0.000000 
0.6950 0.000000 
0.7050 0.000000 
0.7150 0.000000 
0.7250 0.000000 
0.7350 0.000000 
0.7450 0.000000 
0.7550 0.000000 
0.7650 0.000000 
0.7750 0.000000 
0.7850 0.000000 
0.7950 0.000000 
0.8050 0.000000 
0.8150 0.000000 
0.8250 0.000000 
0.8350 0.000000 
0.8450 0.000000 
0.8550 0.000000 
0.8650 0.000000 
0.8750 0.000000 
0.8850 0.000000 
0.8950 0.000000 
0.9050 0.000000 
0.9150 0.000000 
0.9250 0.000000 
0.9350 0.043099 
0.9450 0.122257 
0.9550 0.207082 
0.9650 0.310644 
0.9750 0.427212 
0.9850 0.576379 
0.9950 0.858834 
1.0050 1.224826 
1.0150 1.372954 
1.0250 1.457584 
1.0350 1.476429 
1.0450 1.524772 
1.0550 1.578828 
1.0650 1.631874 
1.0750 1.626518 
1.0850 1.588494 
1.0950 1.550927 
1.1050 1.551693 
1.1150 1.506714 
1.1250 1.501414 
1.1350 1.471865 
1.1450 1.473962 
1.1550 1.444347 
1.1650 1.434637 
1.1750 1.417108 
1.1850 1.417723 
1.1950 1.397058 
1.2050 1.372912 
1.2150 1.338701 
1.2250 1.350936 
1.2350 1.348055 
1.2450 1.317878 
1.2550 1.304904 
1.2650 1.312434 
1.2750 1.272670 
1.2850 1.277412 
1.2950 1.261459 
1.3050 1.256798 
1.3150 1.226318 
1.3250 1.228690 
1.3350 1.215813 
1.3450 1.216959 
1.3550 1.194722 
1.3650 1.194316 
1.3750 1.183986 
1.3850 1.180891 
1.3950 1.159914 
1.4050 1.156790 
1.4150 1.129342 
1.4250 1.140372 
1.4350 1.124899 
1.4450 1.134448 
1.4550 1.109958 
1.4650 1.096523 
1.4750 1.096001 
1.4850 1.086230 
1.4950 1.064942 
1.5050 1.082791 
1.5150 1.076963 
1.5250 1.053634 
1.5350 1.053132 
1.5450 1.045841 
1.5550 1.035348 
1.5650 1.038410 
1.5750 1.029669 
1.5850 1.019853 
1.5950 1.021241 
1.6050 1.009791 
1.6150 0.999222 
1.6250 1.004758 
1.6350 1.008450 
1.6450 0.973476 
1.6550 0.994081 
1.6650 0.982795 
1.6750 0.977964 
1.6850 0.974863 
1.6950 0.969179 
1.7050 0.974081 
1.7150 0.960151 
1.7250 0.944600 
1.7350 0.961667 
1.7450 0.942712 
1.7550 0.955849 
1.7650 0.939899 
1.7750 0.931539 
1.7850 0.927867 
1.7950 0.929279 
1.8050 0.934413 
1.8150 0.920902 
1.8250 0.934872 
1.8350 0.918806 
1.8450 0.920321 
1.8550 0.929326 
1.8650 0.921791 
1.8750 0.920533 
1.8850 0.919696 
1.8950 0.918642 
1.9050 0.909841 
1.9150 0.922099 
1.9250 0.922602 
1.9350 0.916522 
1.9450 0.914765 
1.9550 0.928627 
1.9650 0.921565 
1.9750 0.923659 
1.9850 0.947812 
1.9950 0.934636 
2.0050 0.952188 
2.0150 0.937679 
2.0250 0.942005 
2.0350 0.950697 
2.0450 0.962772 
2.0550 0.956518 
2.0650 0.961290 
2.0750 0.961651 
2.0850 0.969837 
2.0950 0.974722 
2.1050 0.974689 
2.1150 0.982697 
2.1250 0.986327 
2.1350 0.985760 
2.1450 0.999979 
2.1550 0.983612 
2.1650 1.012787 
2.1750 1.003741 
2.1850 1.004047 
2.1950 0.999055 
2.2050 0.984573 
2.2150 1.004522 
2.2250 1.007277 
2.2350 1.008325 
2.2450 0.998857 
2.2550 1.005882 
2.2650 1.003224 
2.2750 1.013212 
2.2850 1.014585 
2.2950 1.010174 
2.3050 1.012512 
2.3150 1.020849 
2.3250 1.015290 
2.3350 1.011940 
2.3450 1.014267 
2.3550 1.023217 
2.3650 1.016731 
2.3750 1.012783 
2.3850 1.015175 
2.3950 1.011695 
2.4050 1.018976 
2.4150 1.015403 
2.4250 1.014185 
2.4350 1.021367 
2.4450 1.023840 
2.4550 1.015396 
2.4650 1.019573 
2.4750 1.013976 
2.4850 1.019089 
2.4950 1.018541 
2.5050 1.019534 
2.5150 1.017595 
2.5250 1.003586 
2.5350 1.009280 
2.5450 1.008512 
2.5550 1.027926 
2.5650 1.013162 
2.5750 1.012787 
2.5850 1.016846 
2.5950 0.999001 
2.6050 1.004887 
2.6150 1.012919 
2.6250 1.009262 
2.6350 1.012480 
2.6450 1.016546 
2.6550 0.996592 
2.6650 1.003831 
2.6750 1.009577 
2.6850 1.006015 
2.6950 1.002352 
2.7050 1.011833 
2.7150 1.007735 
2.7250 1.001566 
2.7350 0.998442 
2.7450 1.015835 
2.7550 1.003186 
2.7650 0.997461 
2.7750 1.008385 
2.7850 0.996666 
2.7950 0.994085 
2.8050 1.003350 
2.8150 0.987035 
2.8250 0.998045 
2.8350 1.001376 
2.8450 1.002311 
2.8550 1.004137 
2.8650 0.998280 
2.8750 1.011499 
2.8850 0.999167 
2.8950 1.009248 
2.9050 0.998098 
2.9150 1.001925 
2.9250 0.996050 
2.9350 1.000149 
2.9450 0.993246 
2.9550 1.002565 
2.9650 1.003341 
2.9750 0.997043 
2.9850 0.988609 
2.9950 0.991224 
3.0050 1.000850 
3.0150 0.996713 
3.0250 0.998795 
3.0350 0.995904 
3.0450 0.997946 
3.0550 0.995245 
3.0650 0.997025 
3.0750 1.006886 
3.0850 0.999470 
3.0950 0.995416 
3.1050 1.001828 
3.1150 0.997244 
3.1250 0.991486 
3.1350 1.001830 
3.1450 0.996447 
3.1550 0.992318 
3.1650 1.000131 
3.1750 1.006547 
3.1850 1.004950 
3.1950 0.986633 
3.2050 0.998688 
3.2150 0.993937 
3.2250 1.010086 
3.2350 0.989891 
3.2450 0.995014 
3.2550 1.004968 
3.2650 0.998699 
3.2750 0.996777 
3.2850 0.996273 
3.2950 0.998055 
3.3050 0.999517 
3.3150 0.998777 
3.3250 0.992948 
3.3350 0.998848 
3.3450 1.009289 
3.3550 0.996752 
3.3650 1.007366 
3.3750 1.000306 
3.3850 0.995612 
3.3950 1.000619 
3.4050 0.997006 
3.4150 0.998073 
3.4250 0.992841 
3.4350 0.995383 
3.4450 1.002627 
3.4550 0.993961 
3.4650 1.008178 
3.4750 1.013034 
3.4850 1.003382 
3.4950 1.005262 
3.5050 0.999812 
3.5150 1.008627 
3.5250 0.998636 
3.5350 0.995671 
3.5450 0.997232 
3.5550 0.987165 
3.5650 0.997884 
3.5750 0.998111 
3.5850 1.004469 
3.5950 1.003106 
3.6050 0.997622 
3.6150 0.998771 
3.6250 1.004702 
3.6350 1.003801 
3.6450 1.001544 
3.6550 1.002505 
3.6650 0.999843 
3.6750 1.004574 
3.6850 1.003360 
3.6950 1.003843 
3.7050 0.999313 
3.7150 0.994095 
3.7250 0.996665 
3.7350 1.007100 
3.7450 1.001125 
3.7550 1.006709 
3.7650 1.003403 
3.7750 0.995831 
3.7850 1.006221 
3.7950 1.013017 
3.8050 1.005368 
3.8150 1.004462 
3.8250 1.002801 
3.8350 0.998740 
3.8450 1.001552 
3.8550 1.004016 
3.8650 1.007619 
3.8750 0.996280 
3.8850 1.001910 
3.8950 1.004524 
3.9050 1.001101 
3.9150 0.999268 
3.9250 1.006555 
3.9350 0.999804 
3.9450 0.996449 
3.9550 0.993479 
3.9650 1.005518 
3.9750 1.001334 
3.9850 0.995411 
3.9950 1.002708 
4.0050 0.991536 
4.0150 0.998806 
4.0250 0.999219 
4.0350 1.001516 
4.0450 0.996653 
4.0550 1.001265 
4.0650 0.997711 
4.0750 1.000765 
4.0850 0.997607 
4.0950 0.999080 
4.1050 1.003360 
4.1150 0.999947 
4.1250 1.000699 
4.1350 1.006433 
4.1450 0.995980 
4.1550 0.995151 
4.1650 0.992086 
4.1750 1.003872 
4.1850 1.004747 
4.1950 1.002660 
4.2050 0.996515 
4.2150 1.007489 
4.2250 0.994821 
4.2350 1.005585 
4.2450 0.999571 
4.2550 1.001788 
4.2650 1.001890 
4.2750 1.002351 
4.2850 1.011135 
4.2950 1.004541 
4.3050 1.003343 
4.3150 1.003657 
4.3250 0.995207 
4.3350 1.005761 
4.3450 1.000614 
4.3550 0.997317 
4.3650 1.002601 
4.3750 1.002209 
4.3850 1.008940 
4.3950 0.994110 
4.4050 1.010152 
4.4150 1.004320 
4.4250 0.996253 
4.4350 0.995552 
4.4450 1.010291 
4.4550 0.996619 
4.4650 0.992837 
4.4750 1.007159 
4.4850 0.997743 
4.4950 1.003139 