
0.0050 0.000000 
0.0150 0.000000 
0.0250 0.000000 
0.0350 0.000000 
0.0450 0.000000 
0.0550 0.000000 
0.0650 0.000000 
0.0750 0.000000 
0.0850 0.000000 
0.0950 0.000000 
0.1050 0.000000 
0.1150 0.000000 
0.1250 0.000000 
0.1350 0.000000 
0.1450 0.000000 
0.1550 0.000000 
0.1650 0.000000 
0.1750 0.000000 
0.1850 0.000000 
0.1950 0.000000 
0.2050 0.000000 
0.2150 0.000000 
0.2250 0.000000 
0.2350 0.000000 
0.2450 0.000000 
0.2550 0.000000 
0.2650 0.000000 
0.2750 0.000000 
0.2850 0.000000 
0.2950 0.000000 
0.3050 0.000000 
0.3150 0.000000 
0.3250 0.000000 
0.3350 0.000000 
0.3450 0.000000 
0.3550 0.000000 
0.3650 0.000000 
0.3750 0.000000 
0.3850 0.000000 
0.3950 0.000000 
0.4050 0.000000 
0.4150 0.000000 
0.4250 0.000000 
0.4350 0.000000 
0.4450 0.000190 
0.4550 0.008751 
0.4650 0.012392 
0.4750 0.019629 
0.4850 0.025346 
0.4950 0.028950 
0.5050 0.040139 
0.5150 0.042167 
0.5250 0.053331 
0.5350 0.061701 
0.5450 0.067743 
0.5550 0.075864 
0.5650 0.079642 
0.5750 0.089787 
0.5850 0.088265 
0.5950 0.102069 
0.6050 0.106293 
0.6150 0.113282 
0.6250 0.118689 
0.6350 0.125534 
0.6450 0.143500 
0.6550 0.144181 
0.6650 0.146248 
0.6750 0.155434 
0.6850 0.168201 
0.6950 0.178157 
0.7050 0.193743 
0.7150 0.199855 
0.7250 0.213309 
0.7350 0.216908 
0.7450 0.231832 
0.7550 0.250307 
0.7650 0.244053 
0.7750 0.264753 
0.7850 0.279834 
0.7950 0.276764 
0.8050 0.294178 
0.8150 0.299052 
0.8250 0.315468 
0.8350 0.319564 
0.8450 0.338477 
0.8550 0.350277 
0.8650 0.354324 
0.8750 0.379790 
0.8850 0.391883 
0.8950 0.393905 
0.9050 0.417813 
0.9150 0.422675 
0.9250 0.434708 
0.9350 0.468809 
0.9450 0.474243 
0.9550 0.491072 
0.9650 0.518681 
0.9750 0.561196 
0.9850 0.714374 
0.9950 2.168799 
1.0050 7.858289 
1.0150 6.992576 
1.0250 4.669789 
1.0350 2.991979 
1.0450 2.007605 
1.0550 1.475399 
1.0650 1.190966 
1.0750 1.049873 
1.0850 0.947124 
1.0950 0.876845 
1.1050 0.844870 
1.1150 0.828073 
1.1250 0.819002 
1.1350 0.794987 
1.1450 0.795225 
1.1550 0.788812 
1.1650 0.808425 
1.1750 0.793589 
1.1850 0.810744 
1.1950 0.793496 
1.2050 0.817447 
1.2150 0.818750 
1.2250 0.812372 
1.2350 0.814732 
1.2450 0.822740 
1.2550 0.829671 
1.2650 0.841414 
1.2750 0.830558 
1.2850 0.841250 
1.2950 0.844926 
1.3050 0.851749 
1.3150 0.852109 
1.3250 0.866310 
1.3350 0.858887 
1.3450 0.874857 
1.3550 0.886500 
1.3650 0.877153 
1.3750 0.890100 
1.3850 0.886099 
1.3950 0.904365 
1.4050 0.894123 
1.4150 0.900735 
1.4250 0.905697 
1.4350 0.907021 
1.4450 0.918250 
1.4550 0.903748 
1.4650 0.917061 
1.4750 0.919314 
1.4850 0.936828 
1.4950 0.933666 
1.5050 0.940132 
1.5150 0.945048 
1.5250 0.938647 
1.5350 0.941562 
1.5450 0.946871 
1.5550 0.943382 
1.5650 0.941356 
1.5750 0.930139 
1.5850 0.948584 
1.5950 0.937784 
1.6050 0.933343 
1.6150 0.950527 
1.6250 0.940965 
1.6350 0.936742 
1.6450 0.924524 
1.6550 0.937995 
1.6650 0.940225 
1.6750 0.936719 
1.6850 0.937714 
1.6950 0.924187 
1.7050 0.934911 
1.7150 0.932364 
1.7250 0.940639 
1.7350 0.932969 
1.7450 0.943642 
1.7550 0.939546 
1.7650 0.949916 
1.7750 0.944724 
1.7850 0.939446 
1.7950 0.936416 
1.8050 0.938625 
1.8150 0.939821 
1.8250 0.934358 
1.8350 0.949435 
1.8450 0.949350 
1.8550 0.957278 
1.8650 0.947624 
1.8750 0.963724 
1.8850 0.950649 
1.8950 0.964849 
1.9050 0.975403 
1.9150 0.989104 
1.9250 0.995562 
1.9350 1.008002 
1.9450 1.019436 
1.9550 1.050506 
1.9650 1.077695 
1.9750 1.106946 
1.9850 1.176405 
1.9950 1.275318 
2.0050 1.437422 
2.0150 1.488821 
2.0250 1.405286 
2.0350 1.303508 
2.0450 1.178114 
2.0550 1.118592 
2.0650 1.063783 
2.0750 1.036062 
2.0850 1.018072 
2.0950 1.014407 
2.1050 0.999776 
2.1150 0.986616 
2.1250 0.981381 
2.1350 0.972792 
2.1450 0.959145 
2.1550 0.983136 
2.1650 0.978882 
2.1750 0.973763 
2.1850 0.969590 
2.1950 0.974293 
2.2050 0.958607 
2.2150 0.970570 
2.2250 0.956308 
2.2350 0.973605 
2.2450 0.968935 
2.2550 0.968059 
2.2650 0.972058 
2.2750 0.960244 
2.2850 0.968056 
2.2950 0.972674 
2.3050 0.957487 
2.3150 0.976804 
2.3250 0.968788 
2.3350 0.978704 
2.3450 0.965573 
2.3550 0.966926 
2.3650 0.979073 
2.3750 0.969309 
2.3850 0.967833 
2.3950 0.977577 
2.4050 0.976577 
2.4150 0.965958 
2.4250 0.974285 
2.4350 0.969695 
2.4450 0.966401 
2.4550 0.973510 
2.4650 0.968008 
2.4750 0.982271 
2.4850 0.982592 
2.4950 0.981129 
2.5050 0.990801 
2.5150 0.985781 
2.5250 0.984729 
2.5350 0.979908 
2.5450 0.977812 
2.5550 0.981219 
2.5650 0.986333 
2.5750 0.996985 
2.5850 0.992077 
2.5950 0.987240 
2.6050 0.990448 
2.6150 0.976271 
2.6250 0.984316 
2.6350 0.990191 
2.6450 0.978374 
2.6550 0.976853 
2.6650 0.992090 
2.6750 0.985096 
2.6850 0.992801 
2.6950 0.993279 
2.7050 0.984937 
2.7150 0.992809 
2.7250 0.978725 
2.7350 0.986156 
2.7450 0.993502 
2.7550 0.994744 
2.7650 0.993565 
2.7750 0.999696 
2.7850 0.985337 
2.7950 0.994268 
2.8050 1.001429 
2.8150 0.999214 
2.8250 1.014388 
2.8350 0.995555 
2.8450 0.999215 
2.8550 1.004676 
2.8650 0.987656 
2.8750 0.996718 
2.8850 1.000085 
2.8950 0.998498 
2.9050 0.996332 
2.9150 1.008114 
2.9250 1.004673 
2.9350 1.008015 
2.9450 1.019232 
2.9550 1.025916 
2.9650 1.035295 
2.9750 1.014289 
2.9850 1.037365 
2.9950 1.037905 
3.0050 1.042651 
3.0150 1.054372 
3.0250 1.038229 
3.0350 1.037913 
3.0450 1.021592 
3.0550 1.016013 
3.0650 1.005395 
3.0750 0.999878 
3.0850 1.005983 
3.0950 0.999754 
3.1050 0.987010 
3.1150 0.998534 
3.1250 0.995043 
3.1350 0.990783 
3.1450 0.999302 
3.1550 0.991397 
3.1650 0.998023 
3.1750 0.991976 
3.1850 0.989860 
3.1950 0.997259 
3.2050 0.990977 
3.2150 0.984282 
3.2250 0.989296 
3.2350 0.980321 
3.2450 0.987899 
3.2550 0.994485 
3.2650 0.985838 
3.2750 0.993330 
3.2850 0.999813 
3.2950 0.990943 
3.3050 0.989089 
3.3150 0.998467 
3.3250 0.999636 
3.3350 0.999361 
3.3450 0.991162 
3.3550 0.992291 
3.3650 0.992981 
3.3750 0.994959 
3.3850 0.991948 
3.3950 0.985226 
3.4050 0.988165 
3.4150 0.998173 
3.4250 0.996087 
3.4350 0.989830 
3.4450 0.991033 
3.4550 0.992723 
3.4650 0.986530 
3.4750 0.999521 
3.4850 1.003677 
3.4950 0.993932 
3.5050 0.997762 
3.5150 0.997459 
3.5250 0.998466 
3.5350 0.999638 
3.5450 0.994772 
3.5550 0.997054 
3.5650 0.991286 
3.5750 0.998231 
3.5850 1.001868 
3.5950 1.001821 
3.6050 0.995700 
3.6150 1.001610 
3.6250 0.992409 
3.6350 0.998765 
3.6450 1.003538 
3.6550 1.006577 
3.6650 1.002130 
3.6750 1.000524 
3.6850 1.005009 
3.6950 1.003403 
3.7050 0.995643 
3.7150 0.994486 
3.7250 1.000638 
3.7350 0.994435 
3.7450 0.990299 
3.7550 1.000672 
3.7650 1.006038 
3.7750 1.004849 
3.7850 1.004119 
3.7950 1.003708 
3.8050 0.997117 
3.8150 1.001659 
3.8250 1.005529 
3.8350 1.001841 
3.8450 1.000795 
3.8550 1.006968 
3.8650 0.997372 
3.8750 0.987031 
3.8850 1.006336 
3.8950 0.998441 
3.9050 1.003970 
3.9150 0.998110 
3.9250 0.994764 
3.9350 0.995022 
3.9450 1.010934 
3.9550 0.997047 
3.9650 0.998635 
3.9750 0.993371 
3.9850 1.000306 
3.9950 1.003565 
4.0050 1.002728 
4.0150 0.998977 
4.0250 1.002152 
4.0350 1.001134 
4.0450 0.996801 
4.0550 1.000738 
4.0650 0.992597 
4.0750 0.998603 
4.0850 0.997565 
4.0950 0.999791 
4.1050 0.987980 
4.1150 0.995998 
4.1250 0.998667 
4.1350 0.985414 
4.1450 0.994659 
4.1550 1.004457 
4.1650 0.998207 
4.1750 0.998196 
4.1850 1.003786 
4.1950 0.996135 
4.2050 0.999017 
4.2150 0.996589 
4.2250 0.995711 
4.2350 0.996050 
4.2450 0.995883 
4.2550 1.006131 
4.2650 1.004036 
4.2750 0.992384 
4.2850 1.006203 
4.2950 1.006592 
4.3050 1.002647 
4.3150 0.995250 
4.3250 1.001952 
4.3350 1.009294 
4.3450 1.005143 
4.3550 1.002779 
4.3650 0.996544 
4.3750 0.998767 
4.3850 0.997682 
4.3950 1.000378 
4.4050 1.008151 
4.4150 1.001743 
4.4250 0.998766 
4.4350 1.001726 
4.4450 0.995856 
4.4550 1.011118 
4.4650 0.999275 
4.4750 1.005132 
4.4850 0.999288 
4.4950 1.000246 