
0.0050 0.000000 
0.0150 0.000000 
0.0250 0.000000 
0.0350 0.000000 
0.0450 0.000000 
0.0550 0.000000 
0.0650 0.000000 
0.0750 0.000000 
0.0850 0.000000 
0.0950 0.000000 
0.1050 0.000000 
0.1150 0.000000 
0.1250 0.000000 
0.1350 0.000000 
0.1450 0.000000 
0.1550 0.000000 
0.1650 0.000000 
0.1750 0.000000 
0.1850 0.000000 
0.1950 0.000000 
0.2050 0.000000 
0.2150 0.000000 
0.2250 0.000000 
0.2350 0.000000 
0.2450 0.000000 
0.2550 0.000000 
0.2650 0.000000 
0.2750 0.000000 
0.2850 0.000000 
0.2950 0.000000 
0.3050 0.000000 
0.3150 0.000000 
0.3250 0.000000 
0.3350 0.000000 
0.3450 0.000000 
0.3550 0.000000 
0.3650 0.000000 
0.3750 0.000000 
0.3850 0.000000 
0.3950 0.000000 
0.4050 0.000000 
0.4150 0.000000 
0.4250 0.000000 
0.4350 0.000000 
0.4450 0.000000 
0.4550 0.000000 
0.4650 0.000000 
0.4750 0.000000 
0.4850 0.000000 
0.4950 0.000000 
0.5050 0.000000 
0.5150 0.000000 
0.5250 0.000000 
0.5350 0.000000 
0.5450 0.000000 
0.5550 0.000000 
0.5650 0.000000 
0.5750 0.000000 
0.5850 0.000000 
0.5950 0.000000 
0.6050 0.000000 
0.6150 0.000000 
0.6250 0.000000 
0.6350 0.000000 
0.6450 0.000000 
0.6550 0.000000 
0.6650 0.000000 
0.6750 0.000000 
0.6850 0.000000 
0.6950 0.000000 
0.7050 0.000000 
0.7150 0.000000 
0.7250 0.000000 
0.7350 0.000000 
0.7450 0.000000 
0.7550 0.000000 
0.7650 0.000000 
0.7750 0.013177 
0.7850 0.040441 
0.7950 0.068950 
0.8050 0.096227 
0.8150 0.122002 
0.8250 0.144886 
0.8350 0.171814 
0.8450 0.214231 
0.8550 0.235046 
0.8650 0.259910 
0.8750 0.282166 
0.8850 0.319993 
0.8950 0.357075 
0.9050 0.388353 
0.9150 0.422116 
0.9250 0.460127 
0.9350 0.494596 
0.9450 0.541412 
0.9550 0.597334 
0.9650 0.637888 
0.9750 0.696754 
0.9850 0.768274 
0.9950 0.825344 
1.0050 0.929538 
1.0150 0.990626 
1.0250 1.052274 
1.0350 1.089924 
1.0450 1.130853 
1.0550 1.156466 
1.0650 1.187443 
1.0750 1.215151 
1.0850 1.235041 
1.0950 1.239854 
1.1050 1.241802 
1.1150 1.262605 
1.1250 1.273564 
1.1350 1.278622 
1.1450 1.293199 
1.1550 1.314096 
1.1650 1.306232 
1.1750 1.309607 
1.1850 1.329336 
1.1950 1.326038 
1.2050 1.315292 
1.2150 1.359201 
1.2250 1.343137 
1.2350 1.320493 
1.2450 1.346795 
1.2550 1.323326 
1.2650 1.315131 
1.2750 1.287526 
1.2850 1.290692 
1.2950 1.282345 
1.3050 1.258040 
1.3150 1.256621 
1.3250 1.229527 
1.3350 1.248093 
1.3450 1.216070 
1.3550 1.213490 
1.3650 1.195880 
1.3750 1.194103 
1.3850 1.184280 
1.3950 1.159852 
1.4050 1.166510 
1.4150 1.146472 
1.4250 1.144026 
1.4350 1.129954 
1.4450 1.134389 
1.4550 1.120166 
1.4650 1.109341 
1.4750 1.095074 
1.4850 1.114398 
1.4950 1.080531 
1.5050 1.081543 
1.5150 1.065524 
1.5250 1.066342 
1.5350 1.057693 
1.5450 1.046780 
1.5550 1.052259 
1.5650 1.046921 
1.5750 1.037746 
1.5850 1.025833 
1.5950 1.017387 
1.6050 1.024793 
1.6150 1.010061 
1.6250 1.010695 
1.6350 0.994662 
1.6450 0.999639 
1.6550 0.979428 
1.6650 0.984487 
1.6750 0.973631 
1.6850 0.976384 
1.6950 0.987922 
1.7050 0.965465 
1.7150 0.977630 
1.7250 0.948462 
1.7350 0.963291 
1.7450 0.963514 
1.7550 0.950155 
1.7650 0.952288 
1.7750 0.949536 
1.7850 0.933034 
1.7950 0.939461 
1.8050 0.936637 
1.8150 0.946974 
1.8250 0.936745 
1.8350 0.941941 
1.8450 0.935182 
1.8550 0.935128 
1.8650 0.941349 
1.8750 0.928825 
1.8850 0.930980 
1.8950 0.935277 
1.9050 0.934236 
1.9150 0.945074 
1.9250 0.939822 
1.9350 0.925088 
1.9450 0.951749 
1.9550 0.939027 
1.9650 0.937478 
1.9750 0.943688 
1.9850 0.933781 
1.9950 0.946114 
2.0050 0.946819 
2.0150 0.960110 
2.0250 0.946730 
2.0350 0.961320 
2.0450 0.956296 
2.0550 0.978929 
2.0650 0.955332 
2.0750 0.967334 
2.0850 0.973525 
2.0950 0.980636 
2.1050 0.966043 
2.1150 0.980758 
2.1250 0.979451 
2.1350 0.982598 
2.1450 0.973407 
2.1550 0.987855 
2.1650 0.987644 
2.1750 0.984921 
2.1850 0.997672 
2.1950 0.990100 
2.2050 0.989961 
2.2150 0.995842 
2.2250 1.000940 
2.2350 0.993871 
2.2450 0.999009 
2.2550 0.998416 
2.2650 1.007337 
2.2750 1.004046 
2.2850 1.007741 
2.2950 1.011701 
2.3050 1.008619 
2.3150 1.017452 
2.3250 1.008379 
2.3350 1.010842 
2.3450 1.005557 
2.3550 1.002421 
2.3650 1.014852 
2.3750 1.016130 
2.3850 1.014602 
2.3950 1.023044 
2.4050 1.005435 
2.4150 1.021172 
2.4250 1.003575 
2.4350 1.013539 
2.4450 1.001326 
2.4550 1.006900 
2.4650 1.010869 
2.4750 1.010661 
2.4850 1.019433 
2.4950 1.023064 
2.5050 1.016189 
2.5150 1.010288 
2.5250 1.027487 
2.5350 1.011471 
2.5450 1.020705 
2.5550 1.010394 
2.5650 1.012262 
2.5750 1.024274 
2.5850 1.023163 
2.5950 1.010959 
2.6050 1.002787 
2.6150 1.014324 
2.6250 1.024634 
2.6350 1.005732 
2.6450 1.011471 
2.6550 1.006413 
2.6650 1.004729 
2.6750 1.002386 
2.6850 0.995954 
2.6950 0.998355 
2.7050 1.006619 
2.7150 0.993660 
2.7250 1.004452 
2.7350 1.010258 
2.7450 1.011723 
2.7550 1.006382 
2.7650 1.006707 
2.7750 1.011127 
2.7850 0.999828 
2.7950 1.000479 
2.8050 1.009141 
2.8150 0.998121 
2.8250 0.999255 
2.8350 0.996279 
2.8450 1.001409 
2.8550 0.989761 
2.8650 0.998847 
2.8750 0.989491 
2.8850 0.998100 
2.8950 0.993860 
2.9050 0.990828 
2.9150 1.002952 
2.9250 1.005288 
2.9350 1.004490 
2.9450 1.005237 
2.9550 0.992784 
2.9650 0.999563 
2.9750 1.003941 
2.9850 1.003591 
2.9950 1.001559 
3.0050 1.001846 
3.0150 0.999095 
3.0250 1.000349 
3.0350 0.994439 
3.0450 1.003169 
3.0550 1.004201 
3.0650 0.994625 
3.0750 0.993343 
3.0850 0.995062 
3.0950 0.993344 
3.1050 1.003287 
3.1150 0.990216 
3.1250 1.000051 
3.1350 0.995556 
3.1450 1.001178 
3.1550 1.012078 
3.1650 0.995781 
3.1750 1.000460 
3.1850 0.981885 
3.1950 0.989684 
3.2050 0.996287 
3.2150 1.003141 
3.2250 0.997702 
3.2350 1.001972 
3.2450 1.007058 
3.2550 1.000317 
3.2650 0.998568 
3.2750 1.001242 
3.2850 1.000568 
3.2950 0.998756 
3.3050 0.994367 
3.3150 1.001769 
3.3250 0.998247 
3.3350 1.003413 
3.3450 0.997093 
3.3550 0.998842 
3.3650 0.997606 
3.3750 1.002916 
3.3850 1.006047 
3.3950 0.999435 
3.4050 0.998739 
3.4150 1.003934 
3.4250 0.994489 
3.4350 1.001856 
3.4450 1.006922 
3.4550 1.003987 
3.4650 0.998354 
3.4750 1.004518 
3.4850 0.998964 
3.4950 0.989405 
3.5050 1.000276 
3.5150 0.998407 
3.5250 1.004120 
3.5350 1.000485 
3.5450 0.997498 
3.5550 0.997270 
3.5650 0.996108 
3.5750 1.004642 
3.5850 0.997168 
3.5950 1.005556 
3.6050 0.998334 
3.6150 1.009252 
3.6250 1.006708 
3.6350 0.997118 
3.6450 0.994128 
3.6550 1.005290 
3.6650 1.005608 
3.6750 1.004388 
3.6850 1.007260 
3.6950 1.005278 
3.7050 1.003631 
3.7150 1.004133 
3.7250 1.000362 
3.7350 0.991939 
3.7450 1.006242 
3.7550 0.997324 
3.7650 0.997905 
3.7750 0.994585 
3.7850 1.004729 
3.7950 0.993768 
3.8050 1.004379 
3.8150 0.998251 
3.8250 1.004277 
3.8350 1.002309 
3.8450 1.001196 
3.8550 0.998314 
3.8650 1.000426 
3.8750 1.005662 
3.8850 0.996890 
3.8950 1.000132 
3.9050 0.998647 
3.9150 1.008707 
3.9250 1.001149 
3.9350 0.996957 
3.9450 0.996189 
3.9550 1.000962 
3.9650 0.999196 
3.9750 0.996514 
3.9850 1.011683 
3.9950 1.006028 
4.0050 1.003924 
4.0150 0.997017 
4.0250 1.001833 
4.0350 0.991233 
4.0450 1.004076 
4.0550 1.010337 
4.0650 0.998132 
4.0750 1.000829 
4.0850 1.001795 
4.0950 0.990954 
4.1050 0.996941 
4.1150 1.005103 
4.1250 0.994374 
4.1350 1.003186 
4.1450 0.995629 
4.1550 1.003448 
4.1650 1.000528 
4.1750 1.005389 
4.1850 1.012924 
4.1950 1.000173 
4.2050 1.000889 
4.2150 0.993748 
4.2250 1.001097 
4.2350 1.003100 
4.2450 1.007310 
4.2550 1.006996 
4.2650 0.998139 
4.2750 1.002070 
4.2850 0.993445 
4.2950 0.995637 
4.3050 1.001634 
4.3150 0.995429 
4.3250 0.993980 
4.3350 1.001518 
4.3450 1.000063 
4.3550 1.002130 
4.3650 0.998132 
4.3750 0.999510 
4.3850 0.998911 
4.3950 0.995103 
4.4050 1.003704 
4.4150 1.007498 
4.4250 1.002710 
4.4350 0.999931 
4.4450 1.005075 
4.4550 0.999595 
4.4650 1.005599 
4.4750 0.994808 
4.4850 1.005697 
4.4950 1.003501 