
0.0050 0.000000 
0.0150 0.000000 
0.0250 0.000000 
0.0350 0.000000 
0.0450 0.000000 
0.0550 0.000000 
0.0650 0.000000 
0.0750 0.000000 
0.0850 0.000000 
0.0950 0.000000 
0.1050 0.000000 
0.1150 0.000000 
0.1250 0.000000 
0.1350 0.000000 
0.1450 0.000000 
0.1550 0.000000 
0.1650 0.000000 
0.1750 0.000000 
0.1850 0.000000 
0.1950 0.000000 
0.2050 0.000000 
0.2150 0.000000 
0.2250 0.000000 
0.2350 0.000000 
0.2450 0.000000 
0.2550 0.000000 
0.2650 0.000000 
0.2750 0.000000 
0.2850 0.000000 
0.2950 0.000000 
0.3050 0.000000 
0.3150 0.000000 
0.3250 0.000000 
0.3350 0.000000 
0.3450 0.000000 
0.3550 0.000000 
0.3650 0.000000 
0.3750 0.000000 
0.3850 0.000000 
0.3950 0.000000 
0.4050 0.000000 
0.4150 0.000000 
0.4250 0.000000 
0.4350 0.000000 
0.4450 0.000000 
0.4550 0.000000 
0.4650 0.000000 
0.4750 0.000000 
0.4850 0.000000 
0.4950 0.000000 
0.5050 0.000000 
0.5150 0.000000 
0.5250 0.000000 
0.5350 0.000000 
0.5450 0.000000 
0.5550 0.000000 
0.5650 0.000000 
0.5750 0.000000 
0.5850 0.000000 
0.5950 0.000000 
0.6050 0.000000 
0.6150 0.000000 
0.6250 0.000000 
0.6350 0.000000 
0.6450 0.000000 
0.6550 0.000000 
0.6650 0.000000 
0.6750 0.000000 
0.6850 0.000000 
0.6950 0.000000 
0.7050 0.000000 
0.7150 0.000000 
0.7250 0.000000 
0.7350 0.000000 
0.7450 0.000000 
0.7550 0.000000 
0.7650 0.000000 
0.7750 0.011969 
0.7850 0.038814 
0.7950 0.061455 
0.8050 0.087344 
0.8150 0.115213 
0.8250 0.136321 
0.8350 0.168450 
0.8450 0.193473 
0.8550 0.224787 
0.8650 0.245241 
0.8750 0.269804 
0.8850 0.312294 
0.8950 0.336613 
0.9050 0.375740 
0.9150 0.406569 
0.9250 0.440878 
0.9350 0.495871 
0.9450 0.538256 
0.9550 0.615536 
0.9650 0.718948 
0.9750 0.794380 
0.9850 0.925735 
0.9950 1.077161 
1.0050 1.245094 
1.0150 1.378244 
1.0250 1.497000 
1.0350 1.585800 
1.0450 1.620783 
1.0550 1.610745 
1.0650 1.600895 
1.0750 1.538091 
1.0850 1.444929 
1.0950 1.401736 
1.1050 1.358011 
1.1150 1.317667 
1.1250 1.272806 
1.1350 1.271258 
1.1450 1.257001 
1.1550 1.269350 
1.1650 1.266846 
1.1750 1.273531 
1.1850 1.247355 
1.1950 1.264440 
1.2050 1.271828 
1.2150 1.270320 
1.2250 1.272805 
1.2350 1.284990 
1.2450 1.271489 
1.2550 1.242704 
1.2650 1.246138 
1.2750 1.218469 
1.2850 1.213273 
1.2950 1.193925 
1.3050 1.195142 
1.3150 1.184725 
1.3250 1.187925 
1.3350 1.157007 
1.3450 1.168042 
1.3550 1.152022 
1.3650 1.142988 
1.3750 1.130298 
1.3850 1.109288 
1.3950 1.114212 
1.4050 1.104791 
1.4150 1.109195 
1.4250 1.095569 
1.4350 1.081954 
1.4450 1.079395 
1.4550 1.064961 
1.4650 1.069603 
1.4750 1.060293 
1.4850 1.057316 
1.4950 1.047126 
1.5050 1.037242 
1.5150 1.028389 
1.5250 1.022564 
1.5350 1.014867 
1.5450 1.020476 
1.5550 1.003832 
1.5650 1.012223 
1.5750 1.010804 
1.5850 0.984892 
1.5950 0.992494 
1.6050 0.993672 
1.6150 0.970830 
1.6250 0.987469 
1.6350 0.980926 
1.6450 0.977473 
1.6550 0.955228 
1.6650 0.959766 
1.6750 0.953849 
1.6850 0.965031 
1.6950 0.965400 
1.7050 0.961809 
1.7150 0.943917 
1.7250 0.949551 
1.7350 0.956006 
1.7450 0.937328 
1.7550 0.930543 
1.7650 0.948078 
1.7750 0.927593 
1.7850 0.942317 
1.7950 0.934180 
1.8050 0.929349 
1.8150 0.929420 
1.8250 0.924763 
1.8350 0.936961 
1.8450 0.941433 
1.8550 0.929188 
1.8650 0.932097 
1.8750 0.922401 
1.8850 0.934152 
1.8950 0.941588 
1.9050 0.949797 
1.9150 0.930575 
1.9250 0.953713 
1.9350 0.931887 
1.9450 0.950607 
1.9550 0.944446 
1.9650 0.946391 
1.9750 0.957920 
1.9850 0.963737 
1.9950 0.975364 
2.0050 0.977330 
2.0150 0.984448 
2.0250 0.992341 
2.0350 0.996378 
2.0450 1.011155 
2.0550 0.996143 
2.0650 1.007344 
2.0750 1.006207 
2.0850 1.007048 
2.0950 1.003680 
2.1050 1.014471 
2.1150 1.009443 
2.1250 1.004261 
2.1350 1.011336 
2.1450 1.016034 
2.1550 1.010220 
2.1650 1.001893 
2.1750 1.003662 
2.1850 1.014372 
2.1950 1.004583 
2.2050 1.002944 
2.2150 1.016637 
2.2250 1.013769 
2.2350 1.009243 
2.2450 1.000151 
2.2550 0.999250 
2.2650 1.010205 
2.2750 1.012837 
2.2850 1.009985 
2.2950 1.000492 
2.3050 1.020855 
2.3150 1.019076 
2.3250 1.009335 
2.3350 1.011135 
2.3450 1.023635 
2.3550 1.017265 
2.3650 1.018177 
2.3750 1.013431 
2.3850 1.006001 
2.3950 1.000560 
2.4050 1.012579 
2.4150 1.010731 
2.4250 1.007735 
2.4350 1.007045 
2.4450 1.003039 
2.4550 1.012332 
2.4650 1.012117 
2.4750 1.008036 
2.4850 1.006877 
2.4950 1.006036 
2.5050 1.009911 
2.5150 1.017459 
2.5250 1.015774 
2.5350 1.011235 
2.5450 0.997865 
2.5550 1.005744 
2.5650 1.011529 
2.5750 1.004089 
2.5850 1.005702 
2.5950 1.005556 
2.6050 1.002557 
2.6150 1.002228 
2.6250 1.008025 
2.6350 1.009625 
2.6450 1.011827 
2.6550 1.005415 
2.6650 1.006718 
2.6750 1.009162 
2.6850 1.003022 
2.6950 1.003431 
2.7050 1.012244 
2.7150 0.991959 
2.7250 1.003166 
2.7350 1.002255 
2.7450 0.997490 
2.7550 0.999430 
2.7650 1.004975 
2.7750 1.003917 
2.7850 1.000166 
2.7950 1.003109 
2.8050 0.997711 
2.8150 0.994598 
2.8250 0.993172 
2.8350 0.989041 
2.8450 0.995248 
2.8550 0.995242 
2.8650 0.995773 
2.8750 0.998918 
2.8850 0.991164 
2.8950 0.997227 
2.9050 1.002277 
2.9150 1.002394 
2.9250 0.995202 
2.9350 0.996158 
2.9450 1.006195 
2.9550 0.987083 
2.9650 1.002159 
2.9750 1.001642 
2.9850 1.003276 
2.9950 1.003701 
3.0050 0.996638 
3.0150 0.992544 
3.0250 0.998286 
3.0350 1.003708 
3.0450 1.004405 
3.0550 0.998855 
3.0650 0.996745 
3.0750 1.004939 
3.0850 0.993038 
3.0950 0.998870 
3.1050 1.002846 
3.1150 1.007099 
3.1250 1.003827 
3.1350 1.002349 
3.1450 0.993674 
3.1550 1.000721 
3.1650 1.001482 
3.1750 1.003477 
3.1850 0.994720 
3.1950 1.001086 
3.2050 0.998662 
3.2150 1.003327 
3.2250 1.000301 
3.2350 1.009744 
3.2450 0.988084 
3.2550 1.013586 
3.2650 0.997520 
3.2750 0.998579 
3.2850 1.005202 
3.2950 1.001248 
3.3050 1.001147 
3.3150 0.992430 
3.3250 1.006066 
3.3350 0.997078 
3.3450 0.996940 
3.3550 0.994687 
3.3650 1.009170 
3.3750 0.999698 
3.3850 1.001347 
3.3950 0.992608 
3.4050 1.002683 
3.4150 1.002181 
3.4250 0.998510 
3.4350 1.002952 
3.4450 1.003893 
3.4550 1.007848 
3.4650 1.003241 
3.4750 1.005330 
3.4850 0.999676 
3.4950 0.993932 
3.5050 1.001374 
3.5150 1.008360 
3.5250 1.002639 
3.5350 1.001937 
3.5450 1.004398 
3.5550 0.996260 
3.5650 0.994741 
3.5750 0.997752 
3.5850 0.998647 
3.5950 1.006318 
3.6050 1.005405 
3.6150 1.002012 
3.6250 0.997152 
3.6350 1.004789 
3.6450 1.003538 
3.6550 1.006179 
3.6650 1.001897 
3.6750 1.003829 
3.6850 1.012436 
3.6950 1.002640 
3.7050 1.009864 
3.7150 1.000795 
3.7250 1.004082 
3.7350 1.003252 
3.7450 1.003021 
3.7550 0.999715 
3.7650 0.999131 
3.7750 1.007546 
3.7850 1.000299 
3.7950 1.000665 
3.8050 1.001479 
3.8150 1.001727 
3.8250 0.998642 
3.8350 1.003379 
3.8450 1.005378 
3.8550 1.003373 
3.8650 0.993897 
3.8750 0.999371 
3.8850 0.994182 
3.8950 1.001450 
3.9050 0.999239 
3.9150 1.005451 
3.9250 1.009584 
3.9350 0.994804 
3.9450 0.996948 
3.9550 1.007170 
3.9650 1.001656 
3.9750 1.001506 
3.9850 0.999962 
3.9950 1.000781 
4.0050 1.005996 
4.0150 0.998188 
4.0250 0.996222 
4.0350 1.002766 
4.0450 1.000163 
4.0550 1.000443 
4.0650 1.001415 
4.0750 0.998246 
4.0850 1.002256 
4.0950 0.996552 
4.1050 0.998254 
4.1150 1.006184 
4.1250 1.006174 
4.1350 0.996689 
4.1450 1.008982 
4.1550 1.009440 
4.1650 1.007265 
4.1750 1.003195 
4.1850 1.000720 
4.1950 1.000030 
4.2050 1.000381 
4.2150 0.998741 
4.2250 1.001786 
4.2350 0.999625 
4.2450 1.007269 
4.2550 1.004603 
4.2650 1.004036 
4.2750 1.002171 
4.2850 1.001991 
4.2950 0.992350 
4.3050 1.003144 
4.3150 1.001278 
4.3250 1.001794 
4.3350 0.995519 
4.3450 1.003785 
4.3550 0.998476 
4.3650 0.999465 
4.3750 1.010813 
4.3850 1.004998 
4.3950 0.998957 
4.4050 0.999353 
4.4150 0.999243 
4.4250 1.004644 
4.4350 1.005506 
4.4450 1.000918 
4.4550 1.005126 
4.4650 1.006231 
4.4750 0.997962 
4.4850 1.002016 
4.4950 0.993698 