
0.0050 0.000000 
0.0150 0.000000 
0.0250 0.000000 
0.0350 0.000000 
0.0450 0.000000 
0.0550 0.000000 
0.0650 0.000000 
0.0750 0.000000 
0.0850 0.000000 
0.0950 0.000000 
0.1050 0.000000 
0.1150 0.000000 
0.1250 0.000000 
0.1350 0.000000 
0.1450 0.000000 
0.1550 0.000000 
0.1650 0.000000 
0.1750 0.000000 
0.1850 0.000000 
0.1950 0.000000 
0.2050 0.000000 
0.2150 0.011680 
0.2250 0.028675 
0.2350 0.040685 
0.2450 0.061327 
0.2550 0.066875 
0.2650 0.087238 
0.2750 0.089629 
0.2850 0.108099 
0.2950 0.111348 
0.3050 0.122676 
0.3150 0.123393 
0.3250 0.144051 
0.3350 0.157953 
0.3450 0.154908 
0.3550 0.166546 
0.3650 0.180332 
0.3750 0.197902 
0.3850 0.212373 
0.3950 0.211347 
0.4050 0.215175 
0.4150 0.225754 
0.4250 0.228273 
0.4350 0.233402 
0.4450 0.250485 
0.4550 0.258632 
0.4650 0.261695 
0.4750 0.277834 
0.4850 0.279506 
0.4950 0.296356 
0.5050 0.305829 
0.5150 0.322348 
0.5250 0.308509 
0.5350 0.323099 
0.5450 0.321273 
0.5550 0.333585 
0.5650 0.354630 
0.5750 0.361216 
0.5850 0.363659 
0.5950 0.372587 
0.6050 0.375887 
0.6150 0.389994 
0.6250 0.387474 
0.6350 0.401495 
0.6450 0.404937 
0.6550 0.398412 
0.6650 0.425193 
0.6750 0.423852 
0.6850 0.451101 
0.6950 0.453712 
0.7050 0.443943 
0.7150 0.473704 
0.7250 0.469561 
0.7350 0.460901 
0.7450 0.483992 
0.7550 0.484949 
0.7650 0.494447 
0.7750 0.495135 
0.7850 0.510444 
0.7950 0.515947 
0.8050 0.529774 
0.8150 0.530208 
0.8250 0.540847 
0.8350 0.553272 
0.8450 0.568327 
0.8550 0.564607 
0.8650 0.579974 
0.8750 0.586523 
0.8850 0.592925 
0.8950 0.617933 
0.9050 0.611519 
0.9150 0.622282 
0.9250 0.638155 
0.9350 0.640751 
0.9450 0.657809 
0.9550 0.674511 
0.9650 0.691928 
0.9750 0.709864 
0.9850 0.712038 
0.9950 0.748258 
1.0050 0.756707 
1.0150 0.763312 
1.0250 0.783925 
1.0350 0.798460 
1.0450 0.811411 
1.0550 0.823149 
1.0650 0.838831 
1.0750 0.842088 
1.0850 0.857386 
1.0950 0.853796 
1.1050 0.871954 
1.1150 0.876405 
1.1250 0.868119 
1.1350 0.882142 
1.1450 0.897411 
1.1550 0.901858 
1.1650 0.904912 
1.1750 0.903630 
1.1850 0.911152 
1.1950 0.920761 
1.2050 0.911735 
1.2150 0.920690 
1.2250 0.933609 
1.2350 0.917100 
1.2450 0.934088 
1.2550 0.944009 
1.2650 0.929832 
1.2750 0.951609 
1.2850 0.956250 
1.2950 0.950607 
1.3050 0.942958 
1.3150 0.963587 
1.3250 0.956600 
1.3350 0.969659 
1.3450 0.955942 
1.3550 0.968688 
1.3650 0.968182 
1.3750 0.959242 
1.3850 0.977482 
1.3950 0.968910 
1.4050 0.981233 
1.4150 0.961717 
1.4250 0.982185 
1.4350 0.972509 
1.4450 0.978857 
1.4550 0.979427 
1.4650 0.991759 
1.4750 0.978865 
1.4850 0.992128 
1.4950 0.987798 
1.5050 1.010582 
1.5150 1.002638 
1.5250 0.998939 
1.5350 0.991285 
1.5450 1.005888 
1.5550 0.997738 
1.5650 1.003003 
1.5750 1.010425 
1.5850 1.017806 
1.5950 1.020706 
1.6050 1.031337 
1.6150 1.009691 
1.6250 1.011641 
1.6350 1.029288 
1.6450 1.019261 
1.6550 1.014565 
1.6650 1.028031 
1.6750 1.025379 
1.6850 1.005931 
1.6950 1.027826 
1.7050 1.031232 
1.7150 1.027975 
1.7250 1.021390 
1.7350 1.040329 
1.7450 1.045103 
1.7550 1.040577 
1.7650 1.042149 
1.7750 1.036199 
1.7850 1.049072 
1.7950 1.039151 
1.8050 1.041123 
1.8150 1.033568 
1.8250 1.042054 
1.8350 1.042443 
1.8450 1.032641 
1.8550 1.030220 
1.8650 1.027185 
1.8750 1.033156 
1.8850 1.017629 
1.8950 1.019937 
1.9050 1.024552 
1.9150 1.010785 
1.9250 1.010962 
1.9350 1.010342 
1.9450 1.013155 
1.9550 1.013536 
1.9650 1.009826 
1.9750 1.013724 
1.9850 1.004024 
1.9950 1.000588 
2.0050 1.006008 
2.0150 1.021975 
2.0250 1.002721 
2.0350 1.007085 
2.0450 1.008481 
2.0550 1.001632 
2.0650 0.991123 
2.0750 1.004807 
2.0850 1.002048 
2.0950 1.007514 
2.1050 0.994986 
2.1150 1.002454 
2.1250 0.998994 
2.1350 0.994966 
2.1450 0.992848 
2.1550 1.001496 
2.1650 0.995065 
2.1750 0.997847 
2.1850 0.999158 
2.1950 0.986946 
2.2050 0.992441 
2.2150 1.004985 
2.2250 0.996446 
2.2350 0.994942 
2.2450 0.989073 
2.2550 0.984431 
2.2650 0.988094 
2.2750 0.998374 
2.2850 0.983055 
2.2950 0.991219 
2.3050 0.999794 
2.3150 0.984003 
2.3250 0.994558 
2.3350 0.980974 
2.3450 1.002604 
2.3550 0.977705 
2.3650 0.997685 
2.3750 1.003138 
2.3850 0.999012 
2.3950 0.983750 
2.4050 0.987239 
2.4150 0.997883 
2.4250 0.991521 
2.4350 0.997848 
2.4450 0.994055 
2.4550 0.993635 
2.4650 0.995715 
2.4750 1.000231 
2.4850 0.999069 
2.4950 0.994730 
2.5050 1.002028 
2.5150 0.993055 
2.5250 0.994378 
2.5350 0.992958 
2.5450 0.997596 
2.5550 0.994034 
2.5650 1.000931 
2.5750 0.990279 
2.5850 0.996740 
2.5950 0.998276 
2.6050 1.001080 
2.6150 0.996573 
2.6250 0.995910 
2.6350 0.990028 
2.6450 0.999932 
2.6550 0.998299 
2.6650 1.002579 
2.6750 1.001459 
2.6850 1.000920 
2.6950 0.999370 
2.7050 1.001498 
2.7150 1.011986 
2.7250 1.003197 
2.7350 1.013946 
2.7450 0.997645 
2.7550 1.005823 
2.7650 0.999780 
2.7750 1.000744 
2.7850 0.999951 
2.7950 0.993902 
2.8050 1.012067 
2.8150 1.005532 
2.8250 0.994746 
2.8350 0.998209 
2.8450 0.993475 
2.8550 0.999645 
2.8650 1.014068 
2.8750 1.002993 
2.8850 1.011644 
2.8950 1.007003 
2.9050 1.001365 
2.9150 0.999637 
2.9250 1.004966 
2.9350 0.996828 
2.9450 1.018419 
2.9550 1.003809 
2.9650 0.996852 
2.9750 1.005551 
2.9850 0.993364 
2.9950 1.005842 
3.0050 1.005716 
3.0150 1.003605 
3.0250 0.996223 
3.0350 0.996552 
3.0450 1.003731 
3.0550 1.003054 
3.0650 0.994542 
3.0750 1.010056 
3.0850 1.002186 
3.0950 0.996881 
3.1050 0.999541 
3.1150 0.996969 
3.1250 1.009190 
3.1350 1.001094 
3.1450 1.009717 
3.1550 0.999772 
3.1650 1.003076 
3.1750 1.003019 
3.1850 1.007500 
3.1950 1.003763 
3.2050 1.000930 
3.2150 1.003008 
3.2250 1.002157 
3.2350 1.001364 
3.2450 0.994830 
3.2550 1.004652 
3.2650 1.007264 
3.2750 0.991737 
3.2850 1.004031 
3.2950 0.998756 
3.3050 0.999672 
3.3150 1.001305 
3.3250 0.995571 
3.3350 1.003798 
3.3450 0.991699 
3.3550 0.999479 
3.3650 1.005256 
3.3750 1.005095 
3.3850 0.998037 
3.3950 0.999636 
3.4050 1.013634 
3.4150 0.999626 
3.4250 0.995263 
3.4350 0.999292 
3.4450 1.005135 
3.4550 1.000125 
3.4650 0.996725 
3.4750 0.994648 
3.4850 0.991920 
3.4950 0.994789 
3.5050 1.004936 
3.5150 0.994319 
3.5250 1.002834 
3.5350 1.002929 
3.5450 1.006377 
3.5550 0.997414 
3.5650 1.003834 
3.5750 1.007753 
3.5850 1.002989 
3.5950 0.996230 
3.6050 1.000042 
3.6150 1.002746 
3.6250 0.999487 
3.6350 1.002177 
3.6450 1.007527 
3.6550 1.000563 
3.6650 0.999096 
3.6750 0.994263 
3.6850 1.003593 
3.6950 1.001644 
3.7050 0.992919 
3.7150 0.999851 
3.7250 1.003186 
3.7350 1.003206 
3.7450 0.999869 
3.7550 0.994271 
3.7650 0.992747 
3.7750 0.993837 
3.7850 1.000074 
3.7950 1.000598 
3.8050 0.995319 
3.8150 1.001211 
3.8250 0.998373 
3.8350 1.000859 
3.8450 0.991985 
3.8550 0.996472 
3.8650 1.007774 
3.8750 1.002108 
3.8850 1.007855 
3.8950 0.992511 
3.9050 0.998800 
3.9150 1.004687 
3.9250 1.004092 
3.9350 1.003869 
3.9450 0.998965 
3.9550 1.001741 
3.9650 1.003942 
3.9750 1.005509 
3.9850 1.008312 
3.9950 1.001081 
4.0050 1.001276 
4.0150 1.008608 
4.0250 0.998262 
4.0350 1.003996 
4.0450 0.995447 
4.0550 1.004388 
4.0650 0.998174 
4.0750 1.002193 
4.0850 0.993460 
4.0950 1.002632 
4.1050 0.996274 
4.1150 0.993046 
4.1250 1.001239 
4.1350 0.990772 
4.1450 1.006258 
4.1550 0.993709 
4.1650 1.010860 
4.1750 1.005081 
4.1850 1.006484 
4.1950 0.999989 
4.2050 1.001866 
4.2150 1.005358 
4.2250 1.001726 
4.2350 1.002151 
4.2450 1.006362 
4.2550 0.993847 
4.2650 1.000887 
4.2750 1.006093 
4.2850 0.994683 
4.2950 1.002110 
4.3050 1.002766 
4.3150 1.003835 
4.3250 1.004266 
4.3350 1.006807 
4.3450 1.006285 
4.3550 1.002582 
4.3650 0.997818 
4.3750 0.997124 
4.3850 0.997038 
4.3950 0.997458 
4.4050 0.994128 
4.4150 1.001356 
4.4250 1.004180 
4.4350 0.998427 
4.4450 0.997799 
4.4550 1.004512 
4.4650 0.996765 
4.4750 1.001308 
4.4850 1.002359 
4.4950 0.996097 