
0.0050 0.000000 
0.0150 0.000000 
0.0250 0.000000 
0.0350 0.000000 
0.0450 0.000000 
0.0550 0.000000 
0.0650 0.000000 
0.0750 0.000000 
0.0850 0.000000 
0.0950 0.000000 
0.1050 0.000000 
0.1150 0.000000 
0.1250 0.000000 
0.1350 0.000000 
0.1450 0.000000 
0.1550 0.000000 
0.1650 0.000000 
0.1750 0.000000 
0.1850 0.000000 
0.1950 0.000000 
0.2050 0.000000 
0.2150 0.000000 
0.2250 0.000000 
0.2350 0.000000 
0.2450 0.000000 
0.2550 0.000000 
0.2650 0.000000 
0.2750 0.000000 
0.2850 0.000000 
0.2950 0.000000 
0.3050 0.000000 
0.3150 0.000000 
0.3250 0.000000 
0.3350 0.000000 
0.3450 0.000000 
0.3550 0.000000 
0.3650 0.000000 
0.3750 0.000000 
0.3850 0.000000 
0.3950 0.000000 
0.4050 0.000000 
0.4150 0.000000 
0.4250 0.000000 
0.4350 0.000000 
0.4450 0.000000 
0.4550 0.000000 
0.4650 0.000000 
0.4750 0.000000 
0.4850 0.000000 
0.4950 0.000000 
0.5050 0.000000 
0.5150 0.000000 
0.5250 0.000000 
0.5350 0.000000 
0.5450 0.000000 
0.5550 0.000000 
0.5650 0.000000 
0.5750 0.000000 
0.5850 0.000580 
0.5950 0.007280 
0.6050 0.018113 
0.6150 0.031498 
0.6250 0.039563 
0.6350 0.053399 
0.6450 0.059034 
0.6550 0.075919 
0.6650 0.088209 
0.6750 0.099760 
0.6850 0.110355 
0.6950 0.128968 
0.7050 0.141507 
0.7150 0.152865 
0.7250 0.162739 
0.7350 0.167716 
0.7450 0.182724 
0.7550 0.197789 
0.7650 0.217912 
0.7750 0.221378 
0.7850 0.229526 
0.7950 0.250532 
0.8050 0.266579 
0.8150 0.296336 
0.8250 0.299267 
0.8350 0.337408 
0.8450 0.355608 
0.8550 0.426468 
0.8650 0.484181 
0.8750 0.605405 
0.8850 0.733048 
0.8950 0.920665 
0.9050 1.157904 
0.9150 1.436536 
0.9250 1.699873 
0.9350 1.963075 
0.9450 2.205588 
0.9550 2.398528 
0.9650 2.497952 
0.9750 2.547802 
0.9850 2.516789 
0.9950 2.455134 
1.0050 2.346276 
1.0150 2.134502 
1.0250 1.922350 
1.0350 1.699289 
1.0450 1.470852 
1.0550 1.305549 
1.0650 1.171113 
1.0750 1.066290 
1.0850 1.011246 
1.0950 0.932129 
1.1050 0.892403 
1.1150 0.877170 
1.1250 0.860160 
1.1350 0.848483 
1.1450 0.830677 
1.1550 0.838653 
1.1650 0.836682 
1.1750 0.836125 
1.1850 0.838096 
1.1950 0.846386 
1.2050 0.841798 
1.2150 0.852450 
1.2250 0.863207 
1.2350 0.849752 
1.2450 0.844119 
1.2550 0.858901 
1.2650 0.881880 
1.2750 0.879674 
1.2850 0.890783 
1.2950 0.885775 
1.3050 0.879994 
1.3150 0.873393 
1.3250 0.890718 
1.3350 0.896983 
1.3450 0.912862 
1.3550 0.909110 
1.3650 0.918604 
1.3750 0.937643 
1.3850 0.938230 
1.3950 0.925778 
1.4050 0.952257 
1.4150 0.948447 
1.4250 0.947505 
1.4350 0.940032 
1.4450 0.944005 
1.4550 0.935251 
1.4650 0.935065 
1.4750 0.925275 
1.4850 0.924813 
1.4950 0.920590 
1.5050 0.922831 
1.5150 0.923747 
1.5250 0.919725 
1.5350 0.912529 
1.5450 0.916865 
1.5550 0.914721 
1.5650 0.914459 
1.5750 0.913443 
1.5850 0.910176 
1.5950 0.913909 
1.6050 0.916744 
1.6150 0.910821 
1.6250 0.906336 
1.6350 0.906137 
1.6450 0.919749 
1.6550 0.921122 
1.6650 0.915504 
1.6750 0.919690 
1.6850 0.919874 
1.6950 0.927966 
1.7050 0.920886 
1.7150 0.935003 
1.7250 0.930044 
1.7350 0.926028 
1.7450 0.932385 
1.7550 0.956871 
1.7650 0.951174 
1.7750 0.950498 
1.7850 0.959879 
1.7950 0.966965 
1.8050 0.997114 
1.8150 0.987871 
1.8250 0.994642 
1.8350 1.009392 
1.8450 1.009723 
1.8550 1.024510 
1.8650 1.040559 
1.8750 1.052383 
1.8850 1.068114 
1.8950 1.072546 
1.9050 1.086662 
1.9150 1.079931 
1.9250 1.100697 
1.9350 1.114184 
1.9450 1.115499 
1.9550 1.127812 
1.9650 1.115304 
1.9750 1.131992 
1.9850 1.122302 
1.9950 1.097461 
2.0050 1.095495 
2.0150 1.099910 
2.0250 1.086559 
2.0350 1.065824 
2.0450 1.062505 
2.0550 1.053022 
2.0650 1.038957 
2.0750 1.027208 
2.0850 1.021966 
2.0950 1.017793 
2.1050 1.006555 
2.1150 1.000878 
2.1250 0.999034 
2.1350 0.994966 
2.1450 0.995756 
2.1550 0.995865 
2.1650 0.989895 
2.1750 0.979539 
2.1850 0.984296 
2.1950 0.996835 
2.2050 0.977171 
2.2150 0.973811 
2.2250 0.988918 
2.2350 0.984732 
2.2450 0.985190 
2.2550 0.985265 
2.2650 0.985830 
2.2750 0.989545 
2.2850 0.993789 
2.2950 0.981499 
2.3050 0.998830 
2.3150 0.988470 
2.3250 0.993418 
2.3350 0.979876 
2.3450 0.987588 
2.3550 0.982423 
2.3650 0.991939 
2.3750 0.986259 
2.3850 0.981631 
2.3950 0.984001 
2.4050 0.986102 
2.4150 0.995547 
2.4250 0.979889 
2.4350 0.992372 
2.4450 0.993985 
2.4550 0.980857 
2.4650 0.981428 
2.4750 0.981926 
2.4850 0.986823 
2.4950 0.981985 
2.5050 0.984864 
2.5150 0.990030 
2.5250 0.988250 
2.5350 0.986416 
2.5450 0.985974 
2.5550 0.978409 
2.5650 0.987800 
2.5750 0.985498 
2.5850 0.982354 
2.5950 0.977192 
2.6050 0.999866 
2.6150 0.982352 
2.6250 0.983469 
2.6350 0.989120 
2.6450 0.981348 
2.6550 0.979815 
2.6650 0.988175 
2.6750 0.998103 
2.6850 0.987834 
2.6950 0.998546 
2.7050 0.991795 
2.7150 0.990857 
2.7250 0.990302 
2.7350 0.991752 
2.7450 0.986807 
2.7550 0.994092 
2.7650 0.985000 
2.7750 0.997971 
2.7850 0.997710 
2.7950 1.003935 
2.8050 1.006337 
2.8150 1.003831 
2.8250 0.997015 
2.8350 1.009700 
2.8450 1.006668 
2.8550 1.010276 
2.8650 1.007621 
2.8750 1.012986 
2.8850 1.006784 
2.8950 1.003401 
2.9050 1.003013 
2.9150 1.011370 
2.9250 1.006895 
2.9350 1.006587 
2.9450 1.011073 
2.9550 1.008352 
2.9650 1.015252 
2.9750 1.016760 
2.9850 1.002617 
2.9950 1.001159 
3.0050 1.019773 
3.0150 1.007292 
3.0250 1.005861 
3.0350 1.006075 
3.0450 1.013279 
3.0550 1.010556 
3.0650 1.010723 
3.0750 0.998543 
3.0850 1.005180 
3.0950 0.997571 
3.1050 1.002957 
3.1150 0.997381 
3.1250 1.000735 
3.1350 0.998502 
3.1450 0.986332 
3.1550 0.990963 
3.1650 0.989188 
3.1750 1.003289 
3.1850 0.989457 
3.1950 0.990273 
3.2050 0.993272 
3.2150 0.995453 
3.2250 0.995421 
3.2350 0.992164 
3.2450 0.995673 
3.2550 0.995115 
3.2650 1.001790 
3.2750 0.999389 
3.2850 0.991040 
3.2950 1.004752 
3.3050 0.998637 
3.3150 1.004271 
3.3250 0.997809 
3.3350 0.999745 
3.3450 0.998090 
3.3550 0.988594 
3.3650 0.993489 
3.3750 1.002891 
3.3850 0.993338 
3.3950 0.992810 
3.4050 0.993666 
3.4150 0.996746 
3.4250 1.001006 
3.4350 0.994785 
3.4450 1.001435 
3.4550 0.989654 
3.4650 1.000822 
3.4750 0.999866 
3.4850 1.012438 
3.4950 0.994960 
3.5050 1.008939 
3.5150 1.001400 
3.5250 1.011860 
3.5350 0.991775 
3.5450 0.988136 
3.5550 1.002804 
3.5650 0.997980 
3.5750 1.002585 
3.5850 0.999983 
3.5950 0.998990 
3.6050 1.015085 
3.6150 1.004852 
3.6250 1.004160 
3.6350 0.996812 
3.6450 0.992087 
3.6550 0.992161 
3.6650 0.989855 
3.6750 0.992820 
3.6850 0.997976 
3.6950 1.002015 
3.7050 1.001553 
3.7150 0.999920 
3.7250 0.996366 
3.7350 0.995420 
3.7450 0.995438 
3.7550 0.996503 
3.7650 0.994701 
3.7750 0.996783 
3.7850 1.000300 
3.7950 1.005827 
3.8050 1.003209 
3.8150 0.996144 
3.8250 1.001348 
3.8350 1.000859 
3.8450 1.001952 
3.8550 0.995140 
3.8650 0.994871 
3.8750 0.986170 
3.8850 0.992641 
3.8950 1.003931 
3.9050 0.996785 
3.9150 1.000448 
3.9250 1.000975 
3.9350 0.992739 
3.9450 1.004320 
3.9550 1.001265 
3.9650 1.003748 
3.9750 0.997611 
3.9850 1.004770 
3.9950 1.001638 
4.0050 1.007300 
4.0150 1.004389 
4.0250 1.007103 
4.0350 1.006646 
4.0450 1.003865 
4.0550 1.004261 
4.0650 1.000699 
4.0750 1.002068 
4.0850 0.999282 
4.0950 0.999080 
4.1050 0.997358 
4.1150 0.991527 
4.1250 1.001135 
4.1350 1.001923 
4.1450 0.988220 
4.1550 0.999804 
4.1650 1.003897 
4.1750 1.002110 
4.1850 0.997551 
4.1950 0.994830 
4.2050 1.003920 
4.2150 0.999309 
4.2250 1.001178 
4.2350 0.999948 
4.2450 0.994875 
4.2550 0.998833 
4.2650 1.001388 
4.2750 0.999849 
4.2850 0.999655 
4.2950 1.002788 
4.3050 1.002607 
4.3150 1.000346 
4.3250 0.995879 
4.3350 1.000848 
4.3450 0.994254 
4.3550 1.004331 
4.3650 0.995349 
4.3750 1.004712 
4.3850 1.000159 
4.3950 1.000671 
4.4050 0.999896 
4.4150 0.998991 
4.4250 1.004876 
4.4350 1.006336 
4.4450 1.001976 
4.4550 1.003532 
4.4650 0.994926 
4.4750 0.991902 
4.4850 0.999899 
4.4950 0.998951 