
0.0050 0.000000 
0.0150 0.000000 
0.0250 0.000000 
0.0350 0.000000 
0.0450 0.000000 
0.0550 0.000000 
0.0650 0.000000 
0.0750 0.000000 
0.0850 0.000000 
0.0950 0.000000 
0.1050 0.000000 
0.1150 0.000000 
0.1250 0.000000 
0.1350 0.000000 
0.1450 0.000000 
0.1550 0.000000 
0.1650 0.000000 
0.1750 0.000000 
0.1850 0.000000 
0.1950 0.000000 
0.2050 0.000000 
0.2150 0.000000 
0.2250 0.000000 
0.2350 0.000000 
0.2450 0.000000 
0.2550 0.000000 
0.2650 0.000000 
0.2750 0.000000 
0.2850 0.000000 
0.2950 0.000000 
0.3050 0.000000 
0.3150 0.000000 
0.3250 0.000000 
0.3350 0.000000 
0.3450 0.000000 
0.3550 0.000000 
0.3650 0.000000 
0.3750 0.000000 
0.3850 0.000000 
0.3950 0.000000 
0.4050 0.000000 
0.4150 0.000000 
0.4250 0.000000 
0.4350 0.000000 
0.4450 0.000000 
0.4550 0.000000 
0.4650 0.000000 
0.4750 0.000000 
0.4850 0.000000 
0.4950 0.000000 
0.5050 0.000000 
0.5150 0.000000 
0.5250 0.000000 
0.5350 0.000000 
0.5450 0.000000 
0.5550 0.000000 
0.5650 0.000000 
0.5750 0.000000 
0.5850 0.000000 
0.5950 0.000000 
0.6050 0.000000 
0.6150 0.000000 
0.6250 0.000000 
0.6350 0.000000 
0.6450 0.000000 
0.6550 0.000000 
0.6650 0.000000 
0.6750 0.000000 
0.6850 0.000000 
0.6950 0.000000 
0.7050 0.000000 
0.7150 0.000000 
0.7250 0.000000 
0.7350 0.000000 
0.7450 0.000000 
0.7550 0.000000 
0.7650 0.000000 
0.7750 0.012957 
0.7850 0.040007 
0.7950 0.071305 
0.8050 0.102254 
0.8150 0.120331 
0.8250 0.151388 
0.8350 0.171100 
0.8450 0.203550 
0.8550 0.228074 
0.8650 0.262273 
0.8750 0.291996 
0.8850 0.320089 
0.8950 0.350793 
0.9050 0.391835 
0.9150 0.421185 
0.9250 0.447141 
0.9350 0.485210 
0.9450 0.526625 
0.9550 0.562717 
0.9650 0.604510 
0.9750 0.652792 
0.9850 0.697589 
0.9950 0.775324 
1.0050 0.856437 
1.0150 0.910852 
1.0250 0.965541 
1.0350 0.988706 
1.0450 1.033781 
1.0550 1.064915 
1.0650 1.099950 
1.0750 1.153846 
1.0850 1.146010 
1.0950 1.164558 
1.1050 1.199902 
1.1150 1.213049 
1.1250 1.231572 
1.1350 1.245788 
1.1450 1.254544 
1.1550 1.288179 
1.1650 1.302279 
1.1750 1.291460 
1.1850 1.320699 
1.1950 1.317830 
1.2050 1.345518 
1.2150 1.336665 
1.2250 1.354697 
1.2350 1.346121 
1.2450 1.349467 
1.2550 1.332571 
1.2650 1.316750 
1.2750 1.323727 
1.2850 1.303971 
1.2950 1.295917 
1.3050 1.281252 
1.3150 1.278229 
1.3250 1.260310 
1.3350 1.239080 
1.3450 1.239736 
1.3550 1.227471 
1.3650 1.210509 
1.3750 1.203847 
1.3850 1.191551 
1.3950 1.183346 
1.4050 1.177626 
1.4150 1.170117 
1.4250 1.166127 
1.4350 1.146966 
1.4450 1.132026 
1.4550 1.170267 
1.4650 1.137776 
1.4750 1.119150 
1.4850 1.114340 
1.4950 1.104570 
1.5050 1.103438 
1.5150 1.084401 
1.5250 1.075467 
1.5350 1.074935 
1.5450 1.062198 
1.5550 1.058189 
1.5650 1.066288 
1.5750 1.066587 
1.5850 1.043933 
1.5950 1.046455 
1.6050 1.020325 
1.6150 1.040515 
1.6250 1.006912 
1.6350 1.019992 
1.6450 1.008308 
1.6550 1.014101 
1.6650 0.990077 
1.6750 1.006821 
1.6850 0.986520 
1.6950 0.994271 
1.7050 0.968972 
1.7150 0.967322 
1.7250 0.974999 
1.7350 0.967574 
1.7450 0.976777 
1.7550 0.960862 
1.7650 0.970918 
1.7750 0.955407 
1.7850 0.947102 
1.7950 0.950549 
1.8050 0.942268 
1.8150 0.943397 
1.8250 0.947041 
1.8350 0.946037 
1.8450 0.942637 
1.8550 0.945213 
1.8650 0.952388 
1.8750 0.932789 
1.8850 0.945890 
1.8950 0.928334 
1.9050 0.932263 
1.9150 0.940702 
1.9250 0.939644 
1.9350 0.938774 
1.9450 0.944414 
1.9550 0.939246 
1.9650 0.939391 
1.9750 0.935339 
1.9850 0.938945 
1.9950 0.945514 
2.0050 0.949376 
2.0150 0.944972 
2.0250 0.937955 
2.0350 0.957415 
2.0450 0.955753 
2.0550 0.958930 
2.0650 0.967952 
2.0750 0.962846 
2.0850 0.956599 
2.0950 0.972030 
2.1050 0.968600 
2.1150 0.958213 
2.1250 0.963124 
2.1350 0.969070 
2.1450 0.974921 
2.1550 0.969733 
2.1650 0.983027 
2.1750 0.973684 
2.1850 0.981793 
2.1950 0.981301 
2.2050 0.984922 
2.2150 0.988704 
2.2250 0.999672 
2.2350 0.990812 
2.2450 0.990862 
2.2550 0.999705 
2.2650 0.996056 
2.2750 0.989583 
2.2850 1.015782 
2.2950 0.998853 
2.3050 0.996050 
2.3150 0.999620 
2.3250 1.000476 
2.3350 1.009304 
2.3450 1.010695 
2.3550 1.010623 
2.3650 1.013117 
2.3750 1.017713 
2.3850 1.013563 
2.3950 1.023008 
2.4050 1.007639 
2.4150 1.014376 
2.4250 1.014326 
2.4350 1.021929 
2.4450 1.019051 
2.4550 1.009651 
2.4650 1.017457 
2.4750 1.013424 
2.4850 1.020293 
2.4950 1.010079 
2.5050 1.018885 
2.5150 1.008996 
2.5250 1.014216 
2.5350 1.003985 
2.5450 1.011837 
2.5550 1.010997 
2.5650 1.022293 
2.5750 1.009168 
2.5850 1.014168 
2.5950 1.015440 
2.6050 1.016997 
2.6150 1.011121 
2.6250 1.016167 
2.6350 1.013680 
2.6450 1.012312 
2.6550 1.009182 
2.6650 1.017047 
2.6750 1.005550 
2.6850 1.005187 
2.6950 1.007396 
2.7050 1.004975 
2.7150 0.999831 
2.7250 1.007025 
2.7350 1.001474 
2.7450 1.016458 
2.7550 1.010541 
2.7650 1.008964 
2.7750 1.017227 
2.7850 1.011616 
2.7950 1.012011 
2.8050 1.012981 
2.8150 1.010878 
2.8250 0.992748 
2.8350 1.003759 
2.8450 1.000237 
2.8550 0.999884 
2.8650 1.003592 
2.8750 0.999959 
2.8850 1.002575 
2.8950 0.996962 
2.9050 1.009283 
2.9150 1.005679 
2.9250 1.006574 
2.9350 0.999391 
2.9450 1.004163 
2.9550 0.997530 
2.9650 1.007437 
2.9750 0.998106 
2.9850 1.001786 
2.9950 1.000646 
3.0050 0.996354 
3.0150 0.995976 
3.0250 0.992943 
3.0350 1.001905 
3.0450 0.995643 
3.0550 0.996140 
3.0650 0.997946 
3.0750 0.994455 
3.0850 0.994341 
3.0950 0.998787 
3.1050 0.994116 
3.1150 0.994773 
3.1250 1.007083 
3.1350 0.993865 
3.1450 0.993266 
3.1550 0.998986 
3.1650 0.988945 
3.1750 0.994454 
3.1850 0.989108 
3.1950 0.998303 
3.2050 0.995647 
3.2150 0.995427 
3.2250 0.997278 
3.2350 1.002686 
3.2450 0.992432 
3.2550 1.001657 
3.2650 1.001606 
3.2750 1.002026 
3.2850 0.992706 
3.2950 0.997952 
3.3050 1.004175 
3.3150 0.998364 
3.3250 0.998658 
3.3350 0.997565 
3.3450 0.996020 
3.3550 1.000397 
3.3650 0.991329 
3.3750 1.007148 
3.3850 1.012237 
3.3950 1.003894 
3.4050 0.996478 
3.4150 0.991486 
3.4250 0.995788 
3.4350 0.997997 
3.4450 1.000244 
3.4550 0.995719 
3.4650 0.999613 
3.4750 1.005305 
3.4850 0.992093 
3.4950 1.002155 
3.5050 0.994419 
3.5150 1.002057 
3.5250 0.994220 
3.5350 1.003171 
3.5450 0.996316 
3.5550 0.999724 
3.5650 0.998315 
3.5750 0.994139 
3.5850 0.997001 
3.5950 1.000988 
3.6050 1.002510 
3.6150 1.006200 
3.6250 1.007085 
3.6350 0.998554 
3.6450 1.008443 
3.6550 1.001381 
3.6650 1.002247 
3.6750 1.006785 
3.6850 1.006819 
3.6950 0.994121 
3.7050 1.003446 
3.7150 0.996881 
3.7250 1.003393 
3.7350 1.000459 
3.7450 1.007178 
3.7550 0.995046 
3.7650 0.999177 
3.7750 1.001632 
3.7850 1.002424 
3.7950 1.005850 
3.8050 0.997229 
3.8150 0.999552 
3.8250 1.000297 
3.8350 1.005364 
3.8450 1.001062 
3.8550 0.994985 
3.8650 1.002241 
3.8750 1.004073 
3.8850 1.006975 
3.8950 0.999451 
3.9050 0.998341 
3.9150 1.015786 
3.9250 1.002501 
3.9350 1.006935 
3.9450 1.004646 
3.9550 1.002109 
3.9650 1.007999 
3.9750 1.002152 
3.9850 1.003246 
3.9950 1.001124 
4.0050 1.001148 
4.0150 1.001853 
4.0250 1.004000 
4.0350 0.997657 
4.0450 1.000439 
4.0550 0.993882 
4.0650 1.006970 
4.0750 1.000283 
4.0850 1.001963 
4.0950 1.000710 
4.1050 0.989918 
4.1150 1.004999 
4.1250 0.999932 
4.1350 1.007530 
4.1450 1.005928 
4.1550 1.001966 
4.1650 0.999173 
4.1750 1.000102 
4.1850 0.996468 
4.1950 0.993850 
4.2050 1.010228 
4.2150 0.997503 
4.2250 0.994213 
4.2350 1.004857 
4.2450 1.004085 
4.2550 1.006232 
4.2650 0.993986 
4.2750 1.003311 
4.2850 1.002689 
4.2950 1.004421 
4.3050 1.004853 
4.3150 1.009546 
4.3250 0.997581 
4.3350 1.000414 
4.3450 1.001658 
4.3550 1.005234 
4.3650 0.994976 
4.3750 1.006139 
4.3850 1.005232 
4.3950 1.002500 
4.4050 1.008734 
4.4150 1.004863 
4.4250 0.999211 
4.4350 0.996362 
4.4450 1.000995 
4.4550 1.001593 
4.4650 1.006288 
4.4750 0.992169 
4.4850 1.002721 
4.4950 1.001312 