
0.0050 0.000000 
0.0150 0.000000 
0.0250 0.000000 
0.0350 0.000000 
0.0450 0.000000 
0.0550 0.000000 
0.0650 0.000000 
0.0750 0.000000 
0.0850 0.000000 
0.0950 0.000000 
0.1050 0.000000 
0.1150 0.000000 
0.1250 0.000000 
0.1350 0.000000 
0.1450 0.000000 
0.1550 0.000000 
0.1650 0.000000 
0.1750 0.000000 
0.1850 0.000000 
0.1950 0.000000 
0.2050 0.000000 
0.2150 0.000000 
0.2250 0.000000 
0.2350 0.000000 
0.2450 0.000000 
0.2550 0.000000 
0.2650 0.000000 
0.2750 0.000000 
0.2850 0.000000 
0.2950 0.000000 
0.3050 0.000000 
0.3150 0.000000 
0.3250 0.000000 
0.3350 0.000000 
0.3450 0.000000 
0.3550 0.000000 
0.3650 0.000000 
0.3750 0.000000 
0.3850 0.000000 
0.3950 0.000000 
0.4050 0.000000 
0.4150 0.000000 
0.4250 0.000000 
0.4350 0.000000 
0.4450 0.000000 
0.4550 0.000000 
0.4650 0.000000 
0.4750 0.000000 
0.4850 0.011362 
0.4950 0.022270 
0.5050 0.036108 
0.5150 0.055015 
0.5250 0.066744 
0.5350 0.074549 
0.5450 0.098889 
0.5550 0.117160 
0.5650 0.125774 
0.5750 0.134090 
0.5850 0.150399 
0.5950 0.159028 
0.6050 0.175236 
0.6150 0.182356 
0.6250 0.199991 
0.6350 0.208643 
0.6450 0.220983 
0.6550 0.234375 
0.6650 0.250437 
0.6750 0.269174 
0.6850 0.271728 
0.6950 0.298436 
0.7050 0.306659 
0.7150 0.321671 
0.7250 0.318556 
0.7350 0.335432 
0.7450 0.339982 
0.7550 0.362557 
0.7650 0.379762 
0.7750 0.386203 
0.7850 0.412214 
0.7950 0.411345 
0.8050 0.421599 
0.8150 0.437140 
0.8250 0.472222 
0.8350 0.467518 
0.8450 0.496178 
0.8550 0.510427 
0.8650 0.506037 
0.8750 0.546130 
0.8850 0.565497 
0.8950 0.563306 
0.9050 0.592788 
0.9150 0.603103 
0.9250 0.619643 
0.9350 0.648405 
0.9450 0.654653 
0.9550 0.679061 
0.9650 0.716299 
0.9750 0.724635 
0.9850 0.752009 
0.9950 0.793739 
1.0050 0.817342 
1.0150 0.844514 
1.0250 0.882134 
1.0350 0.904866 
1.0450 0.924962 
1.0550 0.934982 
1.0650 0.950819 
1.0750 0.964063 
1.0850 0.991286 
1.0950 0.973631 
1.1050 0.995186 
1.1150 0.989130 
1.1250 1.004025 
1.1350 1.018810 
1.1450 1.022240 
1.1550 1.028638 
1.1650 1.032218 
1.1750 1.037988 
1.1850 1.057192 
1.1950 1.047312 
1.2050 1.056566 
1.2150 1.051064 
1.2250 1.055262 
1.2350 1.057666 
1.2450 1.071131 
1.2550 1.051482 
1.2650 1.073485 
1.2750 1.061484 
1.2850 1.068660 
1.2950 1.072563 
1.3050 1.065748 
1.3150 1.074740 
1.3250 1.074902 
1.3350 1.066178 
1.3450 1.066718 
1.3550 1.090113 
1.3650 1.077967 
1.3750 1.074810 
1.3850 1.087967 
1.3950 1.086070 
1.4050 1.087965 
1.4150 1.090135 
1.4250 1.077900 
1.4350 1.105865 
1.4450 1.074019 
1.4550 1.092593 
1.4650 1.094658 
1.4750 1.085120 
1.4850 1.099279 
1.4950 1.106169 
1.5050 1.107012 
1.5150 1.108125 
1.5250 1.095620 
1.5350 1.095903 
1.5450 1.093640 
1.5550 1.082292 
1.5650 1.077799 
1.5750 1.057533 
1.5850 1.058909 
1.5950 1.050899 
1.6050 1.042988 
1.6150 1.046860 
1.6250 1.045062 
1.6350 1.049500 
1.6450 1.049473 
1.6550 1.045524 
1.6650 1.027775 
1.6750 1.037513 
1.6850 1.009175 
1.6950 1.008630 
1.7050 0.997923 
1.7150 1.002379 
1.7250 1.014310 
1.7350 1.005723 
1.7450 1.002375 
1.7550 1.000135 
1.7650 0.998695 
1.7750 0.993228 
1.7850 1.002322 
1.7950 0.994041 
1.8050 0.975535 
1.8150 0.991588 
1.8250 0.980928 
1.8350 0.982719 
1.8450 0.980370 
1.8550 0.972981 
1.8650 0.970800 
1.8750 0.987324 
1.8850 0.975573 
1.8950 0.982566 
1.9050 0.967062 
1.9150 0.978442 
1.9250 0.974482 
1.9350 0.972682 
1.9450 0.982628 
1.9550 0.975342 
1.9650 0.981652 
1.9750 0.977127 
1.9850 0.987066 
1.9950 0.956264 
2.0050 0.957557 
2.0150 0.974102 
2.0250 0.964114 
2.0350 0.980004 
2.0450 0.971755 
2.0550 0.975853 
2.0650 0.976145 
2.0750 0.985741 
2.0850 0.983361 
2.0950 0.977413 
2.1050 0.969372 
2.1150 0.980959 
2.1250 0.983954 
2.1350 0.972633 
2.1450 0.982331 
2.1550 0.984485 
2.1650 0.980777 
2.1750 0.975727 
2.1850 0.990710 
2.1950 0.988815 
2.2050 0.982287 
2.2150 0.988125 
2.2250 0.979200 
2.2350 0.989168 
2.2450 0.992803 
2.2550 0.993717 
2.2650 1.001564 
2.2750 0.988118 
2.2850 0.982157 
2.2950 0.992783 
2.3050 0.984629 
2.3150 0.999399 
2.3250 0.991286 
2.3350 0.999165 
2.3450 0.990358 
2.3550 0.995707 
2.3650 1.010081 
2.3750 1.009544 
2.3850 1.001915 
2.3950 0.998526 
2.4050 1.000673 
2.4150 0.992362 
2.4250 1.010977 
2.4350 1.001920 
2.4450 1.005137 
2.4550 1.012158 
2.4650 0.995507 
2.4750 0.997710 
2.4850 1.002165 
2.4950 1.003467 
2.5050 1.020080 
2.5150 1.005734 
2.5250 1.002740 
2.5350 1.012955 
2.5450 1.011938 
2.5550 1.002398 
2.5650 1.012662 
2.5750 1.012887 
2.5850 1.005041 
2.5950 1.011388 
2.6050 1.004887 
2.6150 0.996017 
2.6250 1.011607 
2.6350 1.003980 
2.6450 1.006785 
2.6550 1.006864 
2.6650 0.999853 
2.6750 1.007404 
2.6850 1.015663 
2.6950 0.998514 
2.7050 1.003141 
2.7150 1.007011 
2.7250 0.995385 
2.7350 1.003194 
2.7450 1.004529 
2.7550 1.002999 
2.7650 0.995730 
2.7750 1.002839 
2.7850 1.005108 
2.7950 1.002130 
2.8050 1.001521 
2.8150 0.994841 
2.8250 0.998559 
2.8350 1.006293 
2.8450 1.005045 
2.8550 1.001771 
2.8650 1.010904 
2.8750 0.988628 
2.8850 1.006102 
2.8950 1.004345 
2.9050 1.001924 
2.9150 1.000282 
2.9250 1.005814 
2.9350 0.997207 
2.9450 0.998501 
2.9550 0.998398 
2.9650 1.005793 
2.9750 1.000951 
2.9850 0.992849 
2.9950 1.004900 
3.0050 0.996411 
3.0150 1.008313 
3.0250 0.995855 
3.0350 1.009794 
3.0450 0.996121 
3.0550 0.997092 
3.0650 0.997415 
3.0750 0.998015 
3.0850 0.999303 
3.0950 1.004147 
3.1050 1.002957 
3.1150 1.005589 
3.1250 0.997095 
3.1350 0.996784 
3.1450 1.001641 
3.1550 1.003350 
3.1650 0.991701 
3.1750 1.002804 
3.1850 1.002614 
3.1950 1.001274 
3.2050 0.995086 
3.2150 0.999284 
3.2250 1.007593 
3.2350 0.998720 
3.2450 1.006479 
3.2550 1.006492 
3.2650 1.000559 
3.2750 1.000328 
3.2850 1.003615 
3.2950 0.999950 
3.3050 1.000215 
3.3150 0.998389 
3.3250 0.996523 
3.3350 0.998232 
3.3450 0.997119 
3.3550 0.997414 
3.3650 1.000783 
3.3750 0.996074 
3.3850 1.001802 
3.3950 0.998729 
3.4050 0.990652 
3.4150 1.005211 
3.4250 1.002655 
3.4350 1.006587 
3.4450 0.996346 
3.4550 0.997650 
3.4650 0.998798 
3.4750 0.996371 
3.4850 0.998228 
3.4950 0.989919 
3.5050 1.001203 
3.5150 0.997823 
3.5250 0.997132 
3.5350 1.003316 
3.5450 0.998487 
3.5550 1.005138 
3.5650 1.000019 
3.5750 1.004188 
3.5850 0.993470 
3.5950 1.000465 
3.6050 1.010672 
3.6150 1.003834 
3.6250 1.002201 
3.6350 0.998154 
3.6450 1.004665 
3.6550 1.002902 
3.6650 0.993682 
3.6750 1.009229 
3.6850 1.007585 
3.6950 1.006367 
3.7050 0.998160 
3.7150 1.011110 
3.7250 1.002291 
3.7350 1.000436 
3.7450 1.000600 
3.7550 0.997552 
3.7650 1.002835 
3.7750 0.997462 
3.7850 0.993407 
3.7950 0.995706 
3.8050 0.996690 
3.8150 1.010964 
3.8250 1.000654 
3.8350 1.000636 
3.8450 1.001952 
3.8550 0.999512 
3.8650 1.001843 
3.8750 1.000718 
3.8850 1.002615 
3.8950 0.996069 
3.9050 1.000356 
3.9150 1.007287 
3.9250 1.001498 
3.9350 0.998413 
3.9450 0.996102 
3.9550 0.999621 
3.9650 0.994687 
3.9750 1.000409 
3.9850 1.002302 
3.9950 1.000631 
4.0050 0.994676 
4.0150 0.998338 
4.0250 1.004574 
4.0350 0.997593 
4.0450 1.000142 
4.0550 0.999472 
4.0650 0.998069 
4.0750 1.003243 
4.0850 1.004434 
4.0950 1.004303 
4.1050 1.010008 
4.1150 1.007598 
4.1250 0.995079 
4.1350 0.994000 
4.1450 1.004855 
4.1550 1.005590 
4.1650 1.004595 
4.1750 0.997786 
4.1850 0.999044 
4.1950 1.002905 
4.2050 0.992243 
4.2150 0.996772 
4.2250 0.993849 
4.2350 0.998817 
4.2450 1.002130 
4.2550 1.007519 
4.2650 0.999282 
4.2750 1.003091 
4.2850 1.003488 
4.2950 1.012249 
4.3050 1.002508 
4.3150 1.000981 
4.3250 0.996690 
4.3350 1.005821 
4.3450 1.004907 
4.3550 0.999655 
4.3650 0.999367 
4.3750 1.009776 
4.3850 0.993975 
4.3950 1.004836 
4.4050 0.996459 
4.4150 0.994786 
4.4250 0.997722 
4.4350 1.009750 
4.4450 0.995914 
4.4550 1.000959 
4.4650 1.003663 
4.4750 1.004539 
4.4850 1.002188 
4.4950 1.000170 