
0.0050 0.000000 
0.0150 0.000000 
0.0250 0.000000 
0.0350 0.000000 
0.0450 0.000000 
0.0550 0.000000 
0.0650 0.000000 
0.0750 0.000000 
0.0850 0.000000 
0.0950 0.000000 
0.1050 0.000000 
0.1150 0.000000 
0.1250 0.000000 
0.1350 0.000000 
0.1450 0.000000 
0.1550 0.000000 
0.1650 0.000000 
0.1750 0.000000 
0.1850 0.000000 
0.1950 0.000000 
0.2050 0.000000 
0.2150 0.003894 
0.2250 0.013779 
0.2350 0.017487 
0.2450 0.026381 
0.2550 0.038543 
0.2650 0.034261 
0.2750 0.039461 
0.2850 0.051982 
0.2950 0.054246 
0.3050 0.064101 
0.3150 0.066648 
0.3250 0.069820 
0.3350 0.077339 
0.3450 0.087121 
0.3550 0.092552 
0.3650 0.093291 
0.3750 0.107742 
0.3850 0.109591 
0.3950 0.110063 
0.4050 0.118451 
0.4150 0.127051 
0.4250 0.135051 
0.4350 0.133539 
0.4450 0.141612 
0.4550 0.149146 
0.4650 0.155085 
0.4750 0.162204 
0.4850 0.163613 
0.4950 0.167193 
0.5050 0.176847 
0.5150 0.187941 
0.5250 0.191667 
0.5350 0.190338 
0.5450 0.206811 
0.5550 0.198529 
0.5650 0.215032 
0.5750 0.216345 
0.5850 0.217179 
0.5950 0.230832 
0.6050 0.236456 
0.6150 0.242175 
0.6250 0.254374 
0.6350 0.252942 
0.6450 0.268552 
0.6550 0.280446 
0.6650 0.280990 
0.6750 0.292477 
0.6850 0.299907 
0.6950 0.305656 
0.7050 0.297249 
0.7150 0.300853 
0.7250 0.319260 
0.7350 0.327793 
0.7450 0.327534 
0.7550 0.343849 
0.7650 0.337714 
0.7750 0.354578 
0.7850 0.370256 
0.7950 0.373872 
0.8050 0.379513 
0.8150 0.405490 
0.8250 0.423617 
0.8350 0.415719 
0.8450 0.446701 
0.8550 0.465510 
0.8650 0.504166 
0.8750 0.569489 
0.8850 0.663564 
0.8950 0.822070 
0.9050 1.034979 
0.9150 1.337384 
0.9250 1.694991 
0.9350 2.066768 
0.9450 2.411063 
0.9550 2.642548 
0.9650 2.763033 
0.9750 2.755552 
0.9850 2.640163 
0.9950 2.494105 
1.0050 2.315152 
1.0150 2.048430 
1.0250 1.837031 
1.0350 1.608119 
1.0450 1.411384 
1.0550 1.235815 
1.0650 1.123404 
1.0750 1.033932 
1.0850 0.942881 
1.0950 0.905733 
1.1050 0.852201 
1.1150 0.821114 
1.1250 0.800658 
1.1350 0.800397 
1.1450 0.779658 
1.1550 0.780026 
1.1650 0.768014 
1.1750 0.777620 
1.1850 0.775404 
1.1950 0.755309 
1.2050 0.760181 
1.2150 0.765534 
1.2250 0.766413 
1.2350 0.769833 
1.2450 0.768471 
1.2550 0.773589 
1.2650 0.789956 
1.2750 0.789138 
1.2850 0.787668 
1.2950 0.779962 
1.3050 0.786692 
1.3150 0.804157 
1.3250 0.799334 
1.3350 0.804491 
1.3450 0.814457 
1.3550 0.810232 
1.3650 0.820198 
1.3750 0.826543 
1.3850 0.808519 
1.3950 0.831805 
1.4050 0.825359 
1.4150 0.851214 
1.4250 0.849693 
1.4350 0.839391 
1.4450 0.863315 
1.4550 0.849365 
1.4650 0.860950 
1.4750 0.852297 
1.4850 0.863592 
1.4950 0.860576 
1.5050 0.863499 
1.5150 0.882668 
1.5250 0.877011 
1.5350 0.877823 
1.5450 0.888848 
1.5550 0.892320 
1.5650 0.893401 
1.5750 0.897288 
1.5850 0.897031 
1.5950 0.885857 
1.6050 0.896475 
1.6150 0.903207 
1.6250 0.907493 
1.6350 0.909219 
1.6450 0.920423 
1.6550 0.921896 
1.6650 0.924633 
1.6750 0.916019 
1.6850 0.944201 
1.6950 0.938193 
1.7050 0.947032 
1.7150 0.955022 
1.7250 0.952620 
1.7350 0.970626 
1.7450 0.978637 
1.7550 0.970351 
1.7650 0.981515 
1.7750 0.984182 
1.7850 1.011174 
1.7950 0.999371 
1.8050 0.995553 
1.8150 1.009707 
1.8250 1.024784 
1.8350 1.027267 
1.8450 1.040466 
1.8550 1.058126 
1.8650 1.049216 
1.8750 1.072566 
1.8850 1.083522 
1.8950 1.086746 
1.9050 1.092312 
1.9150 1.093716 
1.9250 1.118360 
1.9350 1.129152 
1.9450 1.129466 
1.9550 1.135896 
1.9650 1.139478 
1.9750 1.141164 
1.9850 1.129490 
1.9950 1.118746 
2.0050 1.101546 
2.0150 1.119330 
2.0250 1.094280 
2.0350 1.077832 
2.0450 1.064844 
2.0550 1.045497 
2.0650 1.034612 
2.0750 1.030750 
2.0850 1.013073 
2.0950 1.003313 
2.1050 0.994053 
2.1150 0.989525 
2.1250 0.991675 
2.1350 0.985480 
2.1450 0.974642 
2.1550 0.975047 
2.1650 0.983263 
2.1750 0.971720 
2.1850 0.963919 
2.1950 0.971412 
2.2050 0.974535 
2.2150 0.962622 
2.2250 0.977318 
2.2350 0.963855 
2.2450 0.968098 
2.2550 0.966430 
2.2650 0.966662 
2.2750 0.958703 
2.2850 0.974453 
2.2950 0.972934 
2.3050 0.976657 
2.3150 0.972743 
2.3250 0.965921 
2.3350 0.982913 
2.3450 0.949755 
2.3550 0.970083 
2.3650 0.975495 
2.3750 0.966682 
2.3850 0.963641 
2.3950 0.972723 
2.4050 0.972987 
2.4150 0.983938 
2.4250 0.975730 
2.4350 0.972398 
2.4450 0.963080 
2.4550 0.974624 
2.4650 0.981151 
2.4750 0.975157 
2.4850 0.982489 
2.4950 0.982293 
2.5050 0.975513 
2.5150 0.985986 
2.5250 0.973692 
2.5350 0.974310 
2.5450 0.984362 
2.5550 0.979714 
2.5650 0.984133 
2.5750 0.970558 
2.5850 0.985595 
2.5950 0.978774 
2.6050 0.993926 
2.6150 0.985882 
2.6250 0.976695 
2.6350 0.986038 
2.6450 0.988038 
2.6550 0.990957 
2.6650 0.998152 
2.6750 0.996218 
2.6850 0.997864 
2.6950 1.003494 
2.7050 1.007251 
2.7150 0.997501 
2.7250 0.999494 
2.7350 0.983937 
2.7450 0.984066 
2.7550 0.994868 
2.7650 1.007541 
2.7750 1.003024 
2.7850 0.998569 
2.7950 0.996257 
2.8050 1.008714 
2.8150 1.004985 
2.8250 0.992899 
2.8350 1.005719 
2.8450 0.995188 
2.8550 1.015607 
2.8650 1.010367 
2.8750 1.004747 
2.8850 1.010903 
2.8950 1.009307 
2.9050 1.007752 
2.9150 1.014509 
2.9250 1.005551 
2.9350 1.008074 
2.9450 1.001259 
2.9550 1.013386 
2.9650 1.014156 
2.9750 1.017249 
2.9850 1.012386 
2.9950 1.011067 
3.0050 1.016700 
3.0150 1.012539 
3.0250 1.007756 
3.0350 1.015655 
3.0450 1.004967 
3.0550 1.017357 
3.0650 1.003832 
3.0750 1.003604 
3.0850 1.004098 
3.0950 0.993344 
3.1050 1.013257 
3.1150 0.999934 
3.1250 0.990062 
3.1350 0.997166 
3.1450 1.003027 
3.1550 1.000612 
3.1650 0.998996 
3.1750 0.994804 
3.1850 0.984194 
3.1950 0.988586 
3.2050 0.992365 
3.2150 0.990080 
3.2250 0.992160 
3.2350 0.997478 
3.2450 1.001867 
3.2550 0.997348 
3.2650 0.997599 
3.2750 0.993043 
3.2850 0.988098 
3.2950 0.991307 
3.3050 0.984482 
3.3150 1.002878 
3.3250 0.988266 
3.3350 0.988744 
3.3450 0.995994 
3.3550 0.987269 
3.3650 0.993057 
3.3750 0.988928 
3.3850 0.996193 
3.3950 0.994346 
3.4050 0.998161 
3.4150 0.999651 
3.4250 0.999458 
3.4350 0.998296 
3.4450 0.994757 
3.4550 1.000670 
3.4650 0.999366 
3.4750 0.998143 
3.4850 0.987307 
3.4950 0.993027 
3.5050 0.992491 
3.5150 0.999405 
3.5250 0.996598 
3.5350 0.998695 
3.5450 1.000707 
3.5550 0.991953 
3.5650 1.005825 
3.5750 1.003948 
3.5850 1.002154 
3.5950 0.998871 
3.6050 0.995321 
3.6150 1.009016 
3.6250 0.992715 
3.6350 0.995801 
3.6450 0.993495 
3.6550 0.993378 
3.6650 0.993402 
3.6750 0.994007 
3.6850 1.000018 
3.6950 0.995047 
3.7050 0.994027 
3.7150 0.993289 
3.7250 1.002291 
3.7350 0.996474 
3.7450 0.996626 
3.7550 0.999055 
3.7650 0.989135 
3.7750 1.000884 
3.7850 1.000865 
3.7950 0.996090 
3.8050 1.006222 
3.8150 0.997242 
3.8250 1.009488 
3.8350 1.005588 
3.8450 1.007603 
3.8550 1.000067 
3.8650 0.998833 
3.8750 0.997318 
3.8850 1.000897 
3.8950 1.008719 
3.9050 0.999545 
3.9150 0.994046 
3.9250 1.006969 
3.9350 1.011326 
3.9450 1.001198 
3.9550 1.004596 
3.9650 1.001397 
3.9750 0.998084 
3.9850 1.002603 
3.9950 1.001852 
4.0050 1.008132 
4.0150 1.001661 
4.0250 1.000239 
4.0350 1.002172 
4.0450 1.004626 
4.0550 0.993565 
4.0650 1.006865 
4.0750 1.005846 
4.0850 1.010004 
4.0950 1.001671 
4.1050 1.000130 
4.1150 1.007265 
4.1250 0.999621 
4.1350 1.008151 
4.1450 0.998167 
4.1550 1.002419 
4.1650 0.990299 
4.1750 1.002233 
4.1850 0.999248 
4.1950 0.992301 
4.2050 1.001174 
4.2150 0.998802 
4.2250 0.996703 
4.2350 0.998878 
4.2450 0.990159 
4.2550 0.998049 
4.2650 0.997758 
4.2750 0.988482 
4.2850 1.003348 
4.2950 1.002170 
4.3050 1.005807 
4.3150 1.001357 
4.3250 0.986464 
4.3350 0.993032 
4.3450 0.996420 
4.3550 0.992996 
4.3650 0.992507 
4.3750 0.997535 
4.3850 0.995321 
4.3950 0.999561 
4.4050 0.990516 
4.4150 1.005192 
4.4250 1.005475 
4.4350 1.007455 
4.4450 1.011523 
4.4550 1.005184 
4.4650 1.004142 
4.4750 1.003048 
4.4850 1.000585 
4.4950 1.011209 