
0.0050 0.000000 
0.0150 0.000000 
0.0250 0.000000 
0.0350 0.000000 
0.0450 0.000000 
0.0550 0.000000 
0.0650 0.000000 
0.0750 0.000000 
0.0850 0.000000 
0.0950 0.000000 
0.1050 0.000000 
0.1150 0.000000 
0.1250 0.000000 
0.1350 0.000000 
0.1450 0.000000 
0.1550 0.000000 
0.1650 0.000000 
0.1750 0.000000 
0.1850 0.000000 
0.1950 0.000000 
0.2050 0.000000 
0.2150 0.000000 
0.2250 0.000000 
0.2350 0.000000 
0.2450 0.000000 
0.2550 0.000000 
0.2650 0.000000 
0.2750 0.000000 
0.2850 0.000000 
0.2950 0.000000 
0.3050 0.000000 
0.3150 0.000000 
0.3250 0.000000 
0.3350 0.000000 
0.3450 0.000000 
0.3550 0.000000 
0.3650 0.000000 
0.3750 0.000000 
0.3850 0.000000 
0.3950 0.000000 
0.4050 0.000000 
0.4150 0.000000 
0.4250 0.000000 
0.4350 0.000000 
0.4450 0.000000 
0.4550 0.000000 
0.4650 0.000000 
0.4750 0.000000 
0.4850 0.000000 
0.4950 0.000000 
0.5050 0.000000 
0.5150 0.000000 
0.5250 0.000000 
0.5350 0.000000 
0.5450 0.000000 
0.5550 0.000000 
0.5650 0.000000 
0.5750 0.000000 
0.5850 0.000000 
0.5950 0.000000 
0.6050 0.000000 
0.6150 0.000000 
0.6250 0.000000 
0.6350 0.000000 
0.6450 0.000000 
0.6550 0.000000 
0.6650 0.000000 
0.6750 0.000000 
0.6850 0.000000 
0.6950 0.000000 
0.7050 0.000000 
0.7150 0.000000 
0.7250 0.000000 
0.7350 0.000000 
0.7450 0.000000 
0.7550 0.000000 
0.7650 0.000000 
0.7750 0.012409 
0.7850 0.029599 
0.7950 0.049571 
0.8050 0.058687 
0.8150 0.068209 
0.8250 0.081421 
0.8350 0.086774 
0.8450 0.106310 
0.8550 0.129973 
0.8650 0.146199 
0.8750 0.167995 
0.8850 0.185163 
0.8950 0.207183 
0.9050 0.219307 
0.9150 0.234613 
0.9250 0.244984 
0.9350 0.271536 
0.9450 0.333232 
0.9550 0.429688 
0.9650 0.681950 
0.9750 1.210142 
0.9850 2.178507 
0.9950 3.541460 
1.0050 5.089689 
1.0150 6.376971 
1.0250 7.318104 
1.0350 7.633667 
1.0450 7.181485 
1.0550 5.955169 
1.0650 4.431019 
1.0750 2.937631 
1.0850 1.890005 
1.0950 1.265472 
1.1050 0.971573 
1.1150 0.804748 
1.1250 0.737973 
1.1350 0.671919 
1.1450 0.658479 
1.1550 0.670449 
1.1650 0.656813 
1.1750 0.643770 
1.1850 0.655563 
1.1950 0.678365 
1.2050 0.680616 
1.2150 0.686692 
1.2250 0.698448 
1.2350 0.672991 
1.2450 0.665346 
1.2550 0.664892 
1.2650 0.667817 
1.2750 0.656042 
1.2850 0.659256 
1.2950 0.672106 
1.3050 0.675998 
1.3150 0.654849 
1.3250 0.659521 
1.3350 0.652299 
1.3450 0.662630 
1.3550 0.668402 
1.3650 0.657396 
1.3750 0.664301 
1.3850 0.683677 
1.3950 0.675428 
1.4050 0.687951 
1.4150 0.676773 
1.4250 0.677611 
1.4350 0.687894 
1.4450 0.675648 
1.4550 0.678940 
1.4650 0.679682 
1.4750 0.688632 
1.4850 0.714649 
1.4950 0.711769 
1.5050 0.695597 
1.5150 0.707645 
1.5250 0.703132 
1.5350 0.715807 
1.5450 0.719865 
1.5550 0.700371 
1.5650 0.711404 
1.5750 0.736229 
1.5850 0.744150 
1.5950 0.735003 
1.6050 0.720223 
1.6150 0.736239 
1.6250 0.729252 
1.6350 0.750710 
1.6450 0.739671 
1.6550 0.760137 
1.6650 0.738865 
1.6750 0.749507 
1.6850 0.750343 
1.6950 0.748348 
1.7050 0.751335 
1.7150 0.770322 
1.7250 0.778147 
1.7350 0.768654 
1.7450 0.770233 
1.7550 0.757146 
1.7650 0.783306 
1.7750 0.762930 
1.7850 0.783263 
1.7950 0.756213 
1.8050 0.776927 
1.8150 0.759810 
1.8250 0.766142 
1.8350 0.770311 
1.8450 0.780222 
1.8550 0.785053 
1.8650 0.795786 
1.8750 0.802488 
1.8850 0.819088 
1.8950 0.819421 
1.9050 0.825759 
1.9150 0.851079 
1.9250 0.863844 
1.9350 0.875683 
1.9450 0.895087 
1.9550 0.922159 
1.9650 0.958043 
1.9750 1.015714 
1.9850 1.141670 
1.9950 1.302299 
2.0050 1.632377 
2.0150 2.053405 
2.0250 2.572434 
2.0350 3.026838 
2.0450 3.247220 
2.0550 3.071379 
2.0650 2.590378 
2.0750 2.042392 
2.0850 1.596409 
2.0950 1.301260 
2.1050 1.130852 
2.1150 1.012029 
2.1250 0.956610 
2.1350 0.928245 
2.1450 0.908789 
2.1550 0.908309 
2.1650 0.901005 
2.1750 0.898837 
2.1850 0.885346 
2.1950 0.885993 
2.2050 0.880628 
2.2150 0.872109 
2.2250 0.896160 
2.2350 0.891203 
2.2450 0.896645 
2.2550 0.897415 
2.2650 0.884368 
2.2750 0.868956 
2.2850 0.875934 
2.2950 0.854361 
2.3050 0.859970 
2.3150 0.853974 
2.3250 0.855235 
2.3350 0.864025 
2.3450 0.867091 
2.3550 0.870748 
2.3650 0.877085 
2.3750 0.873436 
2.3850 0.874620 
2.3950 0.863802 
2.4050 0.871982 
2.4150 0.889756 
2.4250 0.874181 
2.4350 0.879549 
2.4450 0.874596 
2.4550 0.886186 
2.4650 0.885858 
2.4750 0.877762 
2.4850 0.874134 
2.4950 0.873172 
2.5050 0.866247 
2.5150 0.875555 
2.5250 0.871655 
2.5350 0.878272 
2.5450 0.880974 
2.5550 0.892556 
2.5650 0.893749 
2.5750 0.896592 
2.5850 0.901563 
2.5950 0.895296 
2.6050 0.907486 
2.6150 0.906278 
2.6250 0.900064 
2.6350 0.906778 
2.6450 0.892204 
2.6550 0.899541 
2.6650 0.898000 
2.6750 0.886947 
2.6850 0.890432 
2.6950 0.898681 
2.7050 0.908166 
2.7150 0.899568 
2.7250 0.919553 
2.7350 0.931202 
2.7450 0.929996 
2.7550 0.929947 
2.7650 0.918550 
2.7750 0.896606 
2.7850 0.911136 
2.7950 0.905404 
2.8050 0.913461 
2.8150 0.924588 
2.8250 0.946804 
2.8350 0.953061 
2.8450 0.954586 
2.8550 0.956609 
2.8650 0.966228 
2.8750 0.976226 
2.8850 0.980288 
2.8950 0.988544 
2.9050 1.000276 
2.9150 1.021050 
2.9250 1.030164 
2.9350 1.065524 
2.9450 1.084647 
2.9550 1.107286 
2.9650 1.136809 
2.9750 1.162627 
2.9850 1.218610 
2.9950 1.294318 
3.0050 1.352593 
3.0150 1.434759 
3.0250 1.504425 
3.0350 1.548839 
3.0450 1.557943 
3.0550 1.495078 
3.0650 1.398028 
3.0750 1.312008 
3.0850 1.208195 
3.0950 1.132211 
3.1050 1.063877 
3.1150 1.038313 
3.1250 1.008206 
3.1350 0.990128 
3.1450 0.979154 
3.1550 0.965836 
3.1650 0.958575 
3.1750 0.952921 
3.1850 0.958821 
3.1950 0.964978 
3.2050 0.961492 
3.2150 0.947627 
3.2250 0.946921 
3.2350 0.949734 
3.2450 0.940065 
3.2550 0.935080 
3.2650 0.932090 
3.2750 0.939746 
3.2850 0.931838 
3.2950 0.938333 
3.3050 0.936533 
3.3150 0.925482 
3.3250 0.943743 
3.3350 0.936609 
3.3450 0.937060 
3.3550 0.929122 
3.3650 0.931550 
3.3750 0.941540 
3.3850 0.951497 
3.3950 0.955122 
3.4050 0.953477 
3.4150 0.951941 
3.4250 0.942423 
3.4350 0.951810 
3.4450 0.946345 
3.4550 0.946952 
3.4650 0.938225 
3.4750 0.945029 
3.4850 0.953610 
3.4950 0.961580 
3.5050 0.954107 
3.5150 0.958745 
3.5250 0.960857 
3.5350 0.953691 
3.5450 0.951801 
3.5550 0.958173 
3.5650 0.964055 
3.5750 0.955978 
3.5850 0.959948 
3.5950 0.976768 
3.6050 0.970194 
3.6150 0.958121 
3.6250 0.950362 
3.6350 0.961304 
3.6450 0.954236 
3.6550 0.956800 
3.6650 0.959841 
3.6750 0.958722 
3.6850 0.952016 
3.6950 0.953355 
3.7050 0.957180 
3.7150 0.956449 
3.7250 0.963667 
3.7350 0.976045 
3.7450 0.984612 
3.7550 0.986139 
3.7650 0.983455 
3.7750 0.994290 
3.7850 0.975192 
3.7950 0.987209 
3.8050 0.984371 
3.8150 0.981704 
3.8250 0.976323 
3.8350 0.985178 
3.8450 0.985489 
3.8550 0.993499 
3.8650 1.002816 
3.8750 1.011225 
3.8850 1.020736 
3.8950 1.027584 
3.9050 1.032974 
3.9150 1.040499 
3.9250 1.040227 
3.9350 1.044391 
3.9450 1.041834 
3.9550 1.051986 
3.9650 1.070048 
3.9750 1.063808 
3.9850 1.102272 
3.9950 1.103863 
4.0050 1.125803 
4.0150 1.146823 
4.0250 1.149142 
4.0350 1.142248 
4.0450 1.135388 
4.0550 1.122486 
4.0650 1.109374 
4.0750 1.085620 
4.0850 1.058589 
4.0950 1.046252 
4.1050 1.029952 
4.1150 1.001694 
4.1250 0.993565 
4.1350 0.988641 
4.1450 0.978106 
4.1550 0.979050 
4.1650 0.966473 
4.1750 0.972111 
4.1850 0.974268 
4.1950 0.981023 
4.2050 0.971979 
4.2150 0.972335 
4.2250 0.976191 
4.2350 0.974031 
4.2450 0.973774 
4.2550 0.972072 
4.2650 0.987367 
4.2750 0.980997 
4.2850 0.975855 
4.2950 0.975100 
4.3050 0.979575 
4.3150 0.972469 
4.3250 0.961262 
4.3350 0.961475 
4.3450 0.958458 
4.3550 0.948107 
4.3650 0.949348 
4.3750 0.943210 
4.3850 0.958680 
4.3950 0.970536 
4.4050 0.968471 
4.4150 0.973877 
4.4250 0.969242 
4.4350 0.970165 
4.4450 0.976108 
4.4550 0.972843 
4.4650 0.981838 
4.4750 0.977792 
4.4850 0.986984 
4.4950 0.991319 