
0.0050 0.000000 
0.0150 0.000000 
0.0250 0.000000 
0.0350 0.000000 
0.0450 0.000000 
0.0550 0.000000 
0.0650 0.000000 
0.0750 0.000000 
0.0850 0.000000 
0.0950 0.000000 
0.1050 0.000000 
0.1150 0.000000 
0.1250 0.000000 
0.1350 0.000000 
0.1450 0.000000 
0.1550 0.000000 
0.1650 0.000000 
0.1750 0.000000 
0.1850 0.000000 
0.1950 0.000000 
0.2050 0.000000 
0.2150 0.000000 
0.2250 0.000000 
0.2350 0.000000 
0.2450 0.000000 
0.2550 0.000000 
0.2650 0.000000 
0.2750 0.000000 
0.2850 0.000000 
0.2950 0.000000 
0.3050 0.000000 
0.3150 0.000000 
0.3250 0.000000 
0.3350 0.000000 
0.3450 0.000000 
0.3550 0.000000 
0.3650 0.000000 
0.3750 0.000000 
0.3850 0.000000 
0.3950 0.000000 
0.4050 0.000000 
0.4150 0.000000 
0.4250 0.000000 
0.4350 0.000000 
0.4450 0.000190 
0.4550 0.001117 
0.4650 0.003827 
0.4750 0.007495 
0.4850 0.007691 
0.4950 0.009593 
0.5050 0.014108 
0.5150 0.010212 
0.5250 0.015191 
0.5350 0.016179 
0.5450 0.020556 
0.5550 0.023554 
0.5650 0.026447 
0.5750 0.029683 
0.5850 0.031067 
0.5950 0.035546 
0.6050 0.040439 
0.6150 0.039787 
0.6250 0.046225 
0.6350 0.053265 
0.6450 0.056794 
0.6550 0.057620 
0.6650 0.066349 
0.6750 0.070033 
0.6850 0.071998 
0.6950 0.077331 
0.7050 0.084808 
0.7150 0.089459 
0.7250 0.094100 
0.7350 0.099889 
0.7450 0.113860 
0.7550 0.121716 
0.7650 0.132372 
0.7750 0.137044 
0.7850 0.146802 
0.7950 0.151818 
0.8050 0.163797 
0.8150 0.163157 
0.8250 0.170995 
0.8350 0.181705 
0.8450 0.196698 
0.8550 0.195506 
0.8650 0.206549 
0.8750 0.199239 
0.8850 0.224717 
0.8950 0.234021 
0.9050 0.240862 
0.9150 0.244202 
0.9250 0.253733 
0.9350 0.265704 
0.9450 0.277423 
0.9550 0.299426 
0.9650 0.302696 
0.9750 0.330722 
0.9850 0.559767 
0.9950 4.076358 
1.0050 20.137248 
1.0150 15.433680 
1.0250 8.082570 
1.0350 3.883008 
1.0450 2.043742 
1.0550 1.213513 
1.0650 0.871571 
1.0750 0.682204 
1.0850 0.603023 
1.0950 0.557051 
1.1050 0.541152 
1.1150 0.516590 
1.1250 0.507243 
1.1350 0.499563 
1.1450 0.508923 
1.1550 0.512806 
1.1650 0.532215 
1.1750 0.537213 
1.1850 0.535362 
1.1950 0.542749 
1.2050 0.559358 
1.2150 0.573940 
1.2250 0.575819 
1.2350 0.586579 
1.2450 0.583942 
1.2550 0.583862 
1.2650 0.593698 
1.2750 0.610673 
1.2850 0.610520 
1.2950 0.615312 
1.3050 0.622515 
1.3150 0.627208 
1.3250 0.641296 
1.3350 0.652107 
1.3450 0.658824 
1.3550 0.666135 
1.3650 0.671463 
1.3750 0.670321 
1.3850 0.689962 
1.3950 0.692865 
1.4050 0.691778 
1.4150 0.704881 
1.4250 0.689410 
1.4350 0.695448 
1.4450 0.701520 
1.4550 0.716075 
1.4650 0.696171 
1.4750 0.718668 
1.4850 0.717926 
1.4950 0.733182 
1.5050 0.733148 
1.5150 0.731650 
1.5250 0.717910 
1.5350 0.744117 
1.5450 0.743461 
1.5550 0.748139 
1.5650 0.752429 
1.5750 0.753739 
1.5850 0.769954 
1.5950 0.756095 
1.6050 0.759378 
1.6150 0.771874 
1.6250 0.766981 
1.6350 0.766586 
1.6450 0.768793 
1.6550 0.772778 
1.6650 0.774254 
1.6750 0.794016 
1.6850 0.794791 
1.6950 0.793845 
1.7050 0.794712 
1.7150 0.813297 
1.7250 0.796862 
1.7350 0.803752 
1.7450 0.812031 
1.7550 0.809413 
1.7650 0.820277 
1.7750 0.796517 
1.7850 0.811782 
1.7950 0.802323 
1.8050 0.810667 
1.8150 0.807907 
1.8250 0.818189 
1.8350 0.817373 
1.8450 0.820223 
1.8550 0.822537 
1.8650 0.826612 
1.8750 0.838025 
1.8850 0.846144 
1.8950 0.863915 
1.9050 0.885446 
1.9150 0.927051 
1.9250 0.974038 
1.9350 1.044294 
1.9450 1.144752 
1.9550 1.272765 
1.9650 1.457260 
1.9750 1.681118 
1.9850 2.025996 
1.9950 2.571149 
2.0050 3.514381 
2.0150 3.644542 
2.0250 2.846099 
2.0350 2.088317 
2.0450 1.575206 
2.0550 1.237300 
2.0650 1.093948 
2.0750 0.997230 
2.0850 0.948936 
2.0950 0.915866 
2.1050 0.896303 
2.1150 0.883833 
2.1250 0.872043 
2.1350 0.857482 
2.1450 0.856721 
2.1550 0.852041 
2.1650 0.850483 
2.1750 0.855696 
2.1850 0.834972 
2.1950 0.860843 
2.2050 0.857025 
2.2150 0.854786 
2.2250 0.860631 
2.2350 0.863787 
2.2450 0.857017 
2.2550 0.868498 
2.2650 0.879840 
2.2750 0.866853 
2.2850 0.871520 
2.2950 0.867247 
2.3050 0.872169 
2.3150 0.879965 
2.3250 0.875123 
2.3350 0.879692 
2.3450 0.876969 
2.3550 0.871329 
2.3650 0.892228 
2.3750 0.881497 
2.3850 0.882217 
2.3950 0.885893 
2.4050 0.883283 
2.4150 0.894286 
2.4250 0.898819 
2.4350 0.894784 
2.4450 0.893020 
2.4550 0.887231 
2.4650 0.890852 
2.4750 0.888607 
2.4850 0.887274 
2.4950 0.886055 
2.5050 0.892113 
2.5150 0.879736 
2.5250 0.884993 
2.5350 0.888186 
2.5450 0.888398 
2.5550 0.897474 
2.5650 0.898848 
2.5750 0.900244 
2.5850 0.909434 
2.5950 0.906826 
2.6050 0.898659 
2.6150 0.910627 
2.6250 0.906513 
2.6350 0.914986 
2.6450 0.923233 
2.6550 0.918764 
2.6650 0.917184 
2.6750 0.919322 
2.6850 0.932653 
2.6950 0.924853 
2.7050 0.935094 
2.7150 0.929169 
2.7250 0.936307 
2.7350 0.950239 
2.7450 0.947687 
2.7550 0.948722 
2.7650 0.951327 
2.7750 0.957979 
2.7850 0.957831 
2.7950 0.964015 
2.8050 0.966589 
2.8150 0.979138 
2.8250 0.975981 
2.8350 0.997365 
2.8450 1.013340 
2.8550 1.026778 
2.8650 1.032541 
2.8750 1.034131 
2.8850 1.057167 
2.8950 1.055619 
2.9050 1.071565 
2.9150 1.093708 
2.9250 1.114180 
2.9350 1.143136 
2.9450 1.166495 
2.9550 1.191202 
2.9650 1.216463 
2.9750 1.265985 
2.9850 1.312827 
2.9950 1.382255 
3.0050 1.478823 
3.0150 1.510683 
3.0250 1.431324 
3.0350 1.317466 
3.0450 1.189161 
3.0550 1.096600 
3.0650 1.045626 
3.0750 1.014116 
3.0850 0.993815 
3.0950 0.972179 
3.1050 0.963848 
3.1150 0.959552 
3.1250 0.955364 
3.1350 0.953412 
3.1450 0.938313 
3.1550 0.941144 
3.1650 0.944740 
3.1750 0.945002 
3.1850 0.954149 
3.1950 0.953416 
3.2050 0.956636 
3.2150 0.957974 
3.2250 0.954637 
3.2350 0.954043 
3.2450 0.954323 
3.2550 0.956283 
3.2650 0.957261 
3.2750 0.959905 
3.2850 0.950582 
3.2950 0.956475 
3.3050 0.963082 
3.3150 0.955718 
3.3250 0.958224 
3.3350 0.963587 
3.3450 0.960302 
3.3550 0.963332 
3.3650 0.949265 
3.3750 0.952918 
3.3850 0.953493 
3.3950 0.956785 
3.4050 0.963599 
3.4150 0.961809 
3.4250 0.952112 
3.4350 0.958757 
3.4450 0.958733 
3.4550 0.952992 
3.4650 0.958860 
3.4750 0.961298 
3.4850 0.959795 
3.4950 0.970219 
3.5050 0.969895 
3.5150 0.980839 
3.5250 0.973329 
3.5350 0.969539 
3.5450 0.970523 
3.5550 0.963731 
3.5650 0.957433 
3.5750 0.967989 
3.5850 0.967774 
3.5950 0.962326 
3.6050 0.973232 
3.6150 0.968626 
3.6250 0.966642 
3.6350 0.983564 
3.6450 0.971859 
3.6550 0.971333 
3.6650 0.964322 
3.6750 0.968125 
3.6850 0.963413 
3.6950 0.968448 
3.7050 0.969624 
3.7150 0.978092 
3.7250 0.978203 
3.7350 0.994252 
3.7450 0.986576 
3.7550 0.986207 
3.7650 0.999836 
3.7750 0.992727 
3.7850 0.993091 
3.7950 0.994647 
3.8050 0.995521 
3.8150 0.994282 
3.8250 1.004076 
3.8350 1.004874 
3.8450 1.001151 
3.8550 1.014934 
3.8650 1.015963 
3.8750 1.026987 
3.8850 1.027760 
3.8950 1.030374 
3.9050 1.035011 
3.9150 1.042422 
3.9250 1.046678 
3.9350 1.051043 
3.9450 1.064776 
3.9550 1.064855 
3.9650 1.075571 
3.9750 1.086018 
3.9850 1.088748 
3.9950 1.098361 
4.0050 1.112410 
4.0150 1.112882 
4.0250 1.101576 
4.0350 1.074256 
4.0450 1.053119 
4.0550 1.036180 
4.0650 1.014863 
4.0750 0.997932 
4.0850 0.993251 
4.0950 0.980843 
4.1050 0.982687 
4.1150 0.974314 
4.1250 0.973594 
4.1350 0.977986 
4.1450 0.977446 
4.1550 0.966449 
4.1650 0.969184 
4.1750 0.959960 
4.1850 0.966725 
4.1950 0.980921 
4.2050 0.969232 
4.2150 0.977145 
4.2250 0.987652 
4.2350 0.982111 
4.2450 0.988769 
4.2550 0.987895 
4.2650 0.992903 
4.2750 0.987762 
4.2850 0.994064 
4.2950 0.990219 
4.3050 0.989392 
4.3150 0.998105 
4.3250 0.984505 
4.3350 0.985513 
4.3450 0.981731 
4.3550 0.981326 
4.3650 0.983608 
4.3750 0.982243 
4.3850 0.978386 
4.3950 0.976785 
4.4050 0.979795 
4.4150 0.979981 
4.4250 0.978987 
4.4350 0.981855 
4.4450 0.974241 
4.4550 0.975916 
4.4650 0.986514 
4.4750 0.984847 
4.4850 0.994938 
4.4950 0.992708 