
0.0050 0.145609 
0.0150 0.235544 
0.0250 0.256956 
0.0350 0.278369 
0.0450 0.265522 
0.0550 0.245536 
0.0650 0.223919 
0.0750 0.246250 
0.0850 0.257908 
0.0950 0.263809 
0.1050 0.251506 
0.1150 0.264808 
0.1250 0.257615 
0.1350 0.275922 
0.1450 0.274087 
0.1550 0.285864 
0.1650 0.284164 
0.1750 0.290741 
0.1850 0.282201 
0.1950 0.292074 
0.2050 0.298559 
0.2150 0.320417 
0.2250 0.299783 
0.2350 0.311560 
0.2450 0.314515 
0.2550 0.305712 
0.2650 0.334044 
0.2750 0.350256 
0.2850 0.374802 
0.2950 0.334615 
0.3050 0.346201 
0.3150 0.338326 
0.3250 0.358441 
0.3350 0.365029 
0.3450 0.357292 
0.3550 0.354505 
0.3650 0.369693 
0.3750 0.374390 
0.3850 0.394220 
0.3950 0.378583 
0.4050 0.395253 
0.4150 0.392164 
0.4250 0.385037 
0.4350 0.401787 
0.4450 0.400281 
0.4550 0.402193 
0.4650 0.438648 
0.4750 0.418446 
0.4850 0.423541 
0.4950 0.429460 
0.5050 0.442200 
0.5150 0.445556 
0.5250 0.450401 
0.5350 0.445550 
0.5450 0.447260 
0.5550 0.469098 
0.5650 0.466279 
0.5750 0.465475 
0.5850 0.457296 
0.5950 0.486361 
0.6050 0.478810 
0.6150 0.480066 
0.6250 0.476797 
0.6350 0.493704 
0.6450 0.489931 
0.6550 0.510279 
0.6650 0.503302 
0.6750 0.506607 
0.6850 0.511803 
0.6950 0.520031 
0.7050 0.517532 
0.7150 0.520456 
0.7250 0.547118 
0.7350 0.545048 
0.7450 0.533670 
0.7550 0.557641 
0.7650 0.554403 
0.7750 0.557068 
0.7850 0.572243 
0.7950 0.570229 
0.8050 0.585184 
0.8150 0.585778 
0.8250 0.579546 
0.8350 0.602726 
0.8450 0.595534 
0.8550 0.602055 
0.8650 0.612167 
0.8750 0.620978 
0.8850 0.624010 
0.8950 0.618504 
0.9050 0.642297 
0.9150 0.644719 
0.9250 0.638062 
0.9350 0.665627 
0.9450 0.681340 
0.9550 0.677723 
0.9650 0.688926 
0.9750 0.701212 
0.9850 0.713509 
0.9950 0.734896 
1.0050 0.743732 
1.0150 0.757938 
1.0250 0.776690 
1.0350 0.791047 
1.0450 0.810351 
1.0550 0.803110 
1.0650 0.808652 
1.0750 0.809492 
1.0850 0.817624 
1.0950 0.813384 
1.1050 0.830131 
1.1150 0.833885 
1.1250 0.840907 
1.1350 0.851939 
1.1450 0.850564 
1.1550 0.857703 
1.1650 0.861719 
1.1750 0.874814 
1.1850 0.868686 
1.1950 0.867728 
1.2050 0.858504 
1.2150 0.886851 
1.2250 0.869474 
1.2350 0.879316 
1.2450 0.891331 
1.2550 0.885276 
1.2650 0.894357 
1.2750 0.882351 
1.2850 0.916611 
1.2950 0.897371 
1.3050 0.904382 
1.3150 0.900710 
1.3250 0.905144 
1.3350 0.903886 
1.3450 0.917366 
1.3550 0.915219 
1.3650 0.915228 
1.3750 0.918030 
1.3850 0.911548 
1.3950 0.913664 
1.4050 0.931422 
1.4150 0.923113 
1.4250 0.927859 
1.4350 0.922843 
1.4450 0.927347 
1.4550 0.947101 
1.4650 0.925335 
1.4750 0.941364 
1.4850 0.953268 
1.4950 0.946342 
1.5050 0.934516 
1.5150 0.937553 
1.5250 0.942398 
1.5350 0.940728 
1.5450 0.963006 
1.5550 0.943546 
1.5650 0.939010 
1.5750 0.952582 
1.5850 0.955318 
1.5950 0.953148 
1.6050 0.952495 
1.6150 0.962530 
1.6250 0.955206 
1.6350 0.953037 
1.6450 0.968388 
1.6550 0.957344 
1.6650 0.959151 
1.6750 0.965830 
1.6850 0.975827 
1.6950 0.965148 
1.7050 0.976335 
1.7150 0.956167 
1.7250 0.968810 
1.7350 0.987707 
1.7450 0.978833 
1.7550 0.975559 
1.7650 0.984274 
1.7750 0.983893 
1.7850 0.979210 
1.7950 0.993089 
1.8050 0.994370 
1.8150 0.999918 
1.8250 0.989446 
1.8350 0.994357 
1.8450 1.006714 
1.8550 0.994854 
1.8650 1.003596 
1.8750 1.003998 
1.8850 1.003716 
1.8950 1.005466 
1.9050 1.015898 
1.9150 1.005342 
1.9250 1.007057 
1.9350 1.009327 
1.9450 1.014429 
1.9550 1.021664 
1.9650 1.018304 
1.9750 1.022894 
1.9850 1.018572 
1.9950 1.018404 
2.0050 1.030340 
2.0150 1.029268 
2.0250 1.020780 
2.0350 1.029925 
2.0450 1.042032 
2.0550 1.026953 
2.0650 1.030805 
2.0750 1.023173 
2.0850 1.016884 
2.0950 1.024400 
2.1050 1.019220 
2.1150 1.023341 
2.1250 1.028107 
2.1350 1.017699 
2.1450 1.016552 
2.1550 1.020093 
2.1650 1.011051 
2.1750 1.011521 
2.1850 1.013903 
2.1950 1.017353 
2.2050 1.015656 
2.2150 1.017486 
2.2250 1.006586 
2.2350 1.011613 
2.2450 1.016101 
2.2550 1.005276 
2.2650 1.024091 
2.2750 1.013626 
2.2850 1.005833 
2.2950 1.008461 
2.3050 1.014774 
2.3150 1.017858 
2.3250 1.010475 
2.3350 1.005241 
2.3450 1.012627 
2.3550 1.007828 
2.3650 0.991216 
2.3750 0.994177 
2.3850 0.998869 
2.3950 0.993208 
2.4050 1.001846 
2.4150 1.004997 
2.4250 1.019789 
2.4350 0.994267 
2.4450 1.001815 
2.4550 1.003279 
2.4650 1.008580 
2.4750 0.993945 
2.4850 0.997486 
2.4950 0.995107 
2.5050 0.998342 
2.5150 1.001688 
2.5250 0.996510 
2.5350 0.996668 
2.5450 0.995144 
2.5550 0.999955 
2.5650 0.988366 
2.5750 1.002064 
2.5850 1.000179 
2.5950 0.998177 
2.6050 1.000358 
2.6150 0.999057 
2.6250 1.001414 
2.6350 1.000021 
2.6450 0.990398 
2.6550 0.997461 
2.6650 0.994656 
2.6750 0.991871 
2.6850 0.997450 
2.6950 0.989758 
2.7050 0.988571 
2.7150 0.989975 
2.7250 0.993973 
2.7350 1.005444 
2.7450 0.991884 
2.7550 0.985962 
2.7650 0.989020 
2.7750 0.994582 
2.7850 1.000288 
2.7950 0.995523 
2.8050 0.990852 
2.8150 1.004256 
2.8250 0.992445 
2.8350 1.003668 
2.8450 0.992273 
2.8550 0.989372 
2.8650 0.993505 
2.8750 1.005134 
2.8850 0.989209 
2.8950 0.993949 
2.9050 0.996891 
2.9150 0.997584 
2.9250 1.001750 
2.9350 0.990244 
2.9450 1.006863 
2.9550 0.998629 
2.9650 1.012656 
2.9750 0.994427 
2.9850 0.997346 
2.9950 1.005413 
3.0050 0.996325 
3.0150 1.004286 
3.0250 0.998031 
3.0350 0.997087 
3.0450 1.009516 
3.0550 1.001262 
3.0650 0.999871 
3.0750 0.999516 
3.0850 0.996559 
3.0950 1.007049 
3.1050 1.003067 
3.1150 1.003311 
3.1250 1.004976 
3.1350 1.000248 
3.1450 0.999819 
3.1550 0.995001 
3.1650 1.013532 
3.1750 1.002265 
3.1850 0.999821 
3.1950 1.000899 
3.2050 1.000716 
3.2150 1.010828 
3.2250 1.003907 
3.2350 1.002025 
3.2450 1.001472 
3.2550 1.006360 
3.2650 1.003912 
3.2750 0.995576 
3.2850 1.006114 
3.2950 1.008904 
3.3050 0.991805 
3.3150 0.993333 
3.3250 0.993308 
3.3350 1.010388 
3.3450 1.009443 
3.3550 0.998306 
3.3650 1.002943 
3.3750 1.002510 
3.3850 1.003343 
3.3950 1.001324 
3.4050 0.999116 
3.4150 0.997998 
3.4250 1.003554 
3.4350 1.001832 
3.4450 0.996122 
3.4550 1.008245 
3.4650 1.013732 
3.4750 0.984187 
3.4850 1.000952 
3.4950 1.003035 
3.5050 1.001545 
3.5150 1.002301 
3.5250 0.999267 
3.5350 1.000969 
3.5450 1.002130 
3.5550 1.004849 
3.5650 1.005585 
3.5750 1.004451 
3.5850 0.998218 
3.5950 0.999965 
3.6050 0.995084 
3.6150 0.994464 
3.6250 1.000125 
3.6350 1.005566 
3.6450 0.993636 
3.6550 0.998012 
3.6650 0.997999 
3.6750 1.003713 
3.6850 1.001829 
3.6950 1.001320 
3.7050 0.996659 
3.7150 1.003880 
3.7250 0.996734 
3.7350 0.991710 
3.7450 0.992309 
3.7550 1.006276 
3.7650 0.999654 
3.7750 0.999592 
3.7850 1.007599 
3.7950 1.000034 
3.8050 0.996487 
3.8150 1.000673 
3.8250 0.999447 
3.8350 0.999387 
3.8450 1.004511 
3.8550 1.002374 
3.8650 1.005561 
3.8750 1.001446 
3.8850 1.003583 
3.8950 0.998287 
3.9050 0.999195 
3.9150 0.991948 
3.9250 0.997880 
3.9350 0.996913 
3.9450 1.003019 
3.9550 0.992549 
3.9650 1.009099 
3.9750 1.003443 
3.9850 1.005479 
3.9950 1.002002 
4.0050 0.998862 
4.0150 0.998103 
4.0250 0.999559 
4.0350 0.998568 
4.0450 0.998070 
4.0550 1.000822 
4.0650 0.999563 
4.0750 0.998750 
4.0850 1.000182 
4.0950 1.000543 
4.1050 1.001964 
4.1150 1.010966 
4.1250 1.011961 
4.1350 1.002772 
4.1450 0.998580 
4.1550 0.998548 
4.1650 1.002336 
4.1750 0.990553 
4.1850 1.000679 
4.1950 1.000886 
4.2050 1.004979 
4.2150 1.003957 
4.2250 1.003284 
4.2350 0.995807 
4.2450 1.001264 
4.2550 1.002713 
4.2650 1.004116 
4.2750 1.010475 
4.2850 1.000992 
4.2950 1.002748 
4.3050 0.988080 
4.3150 0.999731 
4.3250 1.005829 
4.3350 1.001183 
4.3450 1.002800 
4.3550 1.002759 
4.3650 1.004090 
4.3750 1.003401 
4.3850 0.996472 
4.3950 0.998217 
4.4050 1.001451 
4.4150 1.009572 
4.4250 1.008801 
4.4350 1.009056 
4.4450 1.003632 
4.4550 1.003456 
4.4650 1.004353 
4.4750 0.998593 
4.4850 1.000471 
4.4950 0.994402 