
0.0050 0.000000 
0.0150 0.000000 
0.0250 0.000000 
0.0350 0.000000 
0.0450 0.000000 
0.0550 0.000000 
0.0650 0.000000 
0.0750 0.000000 
0.0850 0.000000 
0.0950 0.000000 
0.1050 0.000000 
0.1150 0.000000 
0.1250 0.000000 
0.1350 0.000000 
0.1450 0.000000 
0.1550 0.000000 
0.1650 0.000000 
0.1750 0.000000 
0.1850 0.000000 
0.1950 0.000000 
0.2050 0.000000 
0.2150 0.000000 
0.2250 0.000000 
0.2350 0.000000 
0.2450 0.000000 
0.2550 0.000000 
0.2650 0.000000 
0.2750 0.000000 
0.2850 0.000000 
0.2950 0.000000 
0.3050 0.000000 
0.3150 0.000000 
0.3250 0.000000 
0.3350 0.000000 
0.3450 0.000000 
0.3550 0.000000 
0.3650 0.000000 
0.3750 0.000000 
0.3850 0.000000 
0.3950 0.000000 
0.4050 0.000000 
0.4150 0.000000 
0.4250 0.000000 
0.4350 0.000000 
0.4450 0.000000 
0.4550 0.000000 
0.4650 0.000000 
0.4750 0.000535 
0.4850 0.010138 
0.4950 0.023983 
0.5050 0.039299 
0.5150 0.058474 
0.5250 0.067876 
0.5350 0.088666 
0.5450 0.093439 
0.5550 0.101406 
0.5650 0.123970 
0.5750 0.131136 
0.5850 0.151996 
0.5950 0.173731 
0.6050 0.168917 
0.6150 0.190369 
0.6250 0.192921 
0.6350 0.213461 
0.6450 0.218742 
0.6550 0.242681 
0.6650 0.236247 
0.6750 0.272197 
0.6850 0.277190 
0.6950 0.291095 
0.7050 0.304849 
0.7150 0.302281 
0.7250 0.319846 
0.7350 0.340988 
0.7450 0.345121 
0.7550 0.365374 
0.7650 0.380207 
0.7750 0.404102 
0.7850 0.393566 
0.7950 0.413486 
0.8050 0.430376 
0.8150 0.432857 
0.8250 0.455607 
0.8350 0.467824 
0.8450 0.470784 
0.8550 0.493397 
0.8650 0.507514 
0.8750 0.531627 
0.8850 0.543266 
0.8950 0.556644 
0.9050 0.554951 
0.9150 0.583552 
0.9250 0.587316 
0.9350 0.618700 
0.9450 0.630310 
0.9550 0.666748 
0.9650 0.675416 
0.9750 0.704008 
0.9850 0.718527 
0.9950 0.762219 
1.0050 0.794445 
1.0150 0.821505 
1.0250 0.846460 
1.0350 0.863193 
1.0450 0.867044 
1.0550 0.898620 
1.0650 0.905752 
1.0750 0.936939 
1.0850 0.937381 
1.0950 0.948637 
1.1050 0.939550 
1.1150 0.974064 
1.1250 0.962867 
1.1350 0.978238 
1.1450 0.997215 
1.1550 0.990833 
1.1650 1.013770 
1.1750 1.012800 
1.1850 1.017030 
1.1950 1.008911 
1.2050 1.032427 
1.2150 1.051836 
1.2250 1.034929 
1.2350 1.050897 
1.2450 1.050096 
1.2550 1.056309 
1.2650 1.037875 
1.2750 1.064094 
1.2850 1.055978 
1.2950 1.075001 
1.3050 1.070129 
1.3150 1.088237 
1.3250 1.077543 
1.3350 1.074679 
1.3450 1.100535 
1.3550 1.086712 
1.3650 1.091846 
1.3750 1.102244 
1.3850 1.093390 
1.3950 1.093411 
1.4050 1.076362 
1.4150 1.095564 
1.4250 1.097845 
1.4350 1.118891 
1.4450 1.112119 
1.4550 1.105734 
1.4650 1.094192 
1.4750 1.110526 
1.4850 1.111581 
1.4950 1.112907 
1.5050 1.102190 
1.5150 1.116070 
1.5250 1.117173 
1.5350 1.119596 
1.5450 1.092093 
1.5550 1.107164 
1.5650 1.086637 
1.5750 1.081331 
1.5850 1.067635 
1.5950 1.063693 
1.6050 1.061023 
1.6150 1.066475 
1.6250 1.052471 
1.6350 1.051537 
1.6450 1.051082 
1.6550 1.035049 
1.6650 1.037417 
1.6750 1.037258 
1.6850 1.028789 
1.6950 1.031705 
1.7050 1.034488 
1.7150 1.033852 
1.7250 1.023865 
1.7350 0.993319 
1.7450 1.010059 
1.7550 1.018093 
1.7650 1.001356 
1.7750 1.003478 
1.7850 1.001365 
1.7950 0.994850 
1.8050 1.003645 
1.8150 0.993941 
1.8250 1.008776 
1.8350 0.994543 
1.8450 0.983194 
1.8550 0.978599 
1.8650 0.983214 
1.8750 0.988599 
1.8850 0.980468 
1.8950 0.978914 
1.9050 0.977780 
1.9150 0.981297 
1.9250 0.982337 
1.9350 0.979702 
1.9450 0.982409 
1.9550 0.972414 
1.9650 0.977174 
1.9750 0.976911 
1.9850 0.974541 
1.9950 0.962131 
2.0050 0.974858 
2.0150 0.978470 
2.0250 0.973608 
2.0350 0.969843 
2.0450 0.986838 
2.0550 0.969033 
2.0650 0.974780 
2.0750 0.971370 
2.0850 0.974468 
2.0950 0.964851 
2.1050 0.973959 
2.1150 0.982899 
2.1250 0.966542 
2.1350 0.980757 
2.1450 0.995318 
2.1550 0.984326 
2.1650 0.985434 
2.1750 0.985550 
2.1850 0.990163 
2.1950 0.980990 
2.2050 0.976435 
2.2150 0.978325 
2.2250 0.987189 
2.2350 0.983814 
2.2450 0.991281 
2.2550 0.989661 
2.2650 0.990094 
2.2750 0.987892 
2.2850 0.984326 
2.2950 0.988649 
2.3050 0.986631 
2.3150 0.994193 
2.3250 0.986176 
2.3350 0.991735 
2.3450 1.002641 
2.3550 0.992621 
2.3650 0.990312 
2.3750 0.987663 
2.3850 0.995895 
2.3950 1.003201 
2.4050 0.991468 
2.4150 0.989389 
2.4250 1.005197 
2.4350 1.011292 
2.4450 1.002061 
2.4550 1.000320 
2.4650 1.010904 
2.4750 0.997502 
2.4850 1.002853 
2.4950 1.001137 
2.5050 0.997319 
2.5150 1.003524 
2.5250 1.000776 
2.5350 1.010965 
2.5450 0.995244 
2.5550 1.012167 
2.5650 1.015595 
2.5750 1.002827 
2.5850 1.001833 
2.5950 1.007138 
2.6050 1.001244 
2.6150 1.008374 
2.6250 1.008807 
2.6350 1.007419 
2.6450 1.014089 
2.6550 1.005576 
2.6650 1.016438 
2.6750 1.013955 
2.6850 1.013975 
2.6950 1.008856 
2.7050 1.008167 
2.7150 1.003358 
2.7250 1.015621 
2.7350 0.991189 
2.7450 1.006273 
2.7550 0.998965 
2.7650 1.011623 
2.7750 1.013222 
2.7850 0.995622 
2.7950 1.004241 
2.8050 0.996065 
2.8150 1.009359 
2.8250 1.004763 
2.8350 0.995676 
2.8450 1.006277 
2.8550 1.011175 
2.8650 1.003802 
2.8750 1.020272 
2.8850 1.001626 
2.8950 1.000831 
2.9050 1.014433 
2.9150 0.986290 
2.9250 1.004440 
2.9350 0.991526 
2.9450 1.003756 
2.9550 1.007049 
2.9650 0.999794 
2.9750 1.010466 
2.9850 0.999896 
2.9950 0.997419 
3.0050 0.996126 
3.0150 1.007094 
3.0250 0.999671 
3.0350 1.007061 
3.0450 1.006764 
3.0550 0.990962 
3.0650 0.996020 
3.0750 1.001185 
3.0850 1.000938 
3.0950 1.001412 
3.1050 1.000258 
3.1150 1.004244 
3.1250 0.995781 
3.1350 1.000439 
3.1450 1.004251 
3.1550 1.006088 
3.1650 0.999266 
3.1750 1.006143 
3.1850 1.000626 
3.1950 1.003870 
3.2050 0.997194 
3.2150 0.996970 
3.2250 0.994997 
3.2350 0.993486 
3.2450 0.999758 
3.2550 1.000790 
3.2650 1.000349 
3.2750 1.006387 
3.2850 0.999345 
3.2950 0.996057 
3.3050 0.995868 
3.3150 0.995551 
3.3250 1.007224 
3.3350 0.991283 
3.3450 0.990293 
3.3550 0.993565 
3.3650 0.992904 
3.3750 1.002992 
3.3850 1.003090 
3.3950 1.002004 
3.4050 0.994193 
3.4150 1.001805 
3.4250 0.995288 
3.4350 0.997798 
3.4450 1.003024 
3.4550 0.995669 
3.4650 0.999168 
3.4750 1.002647 
3.4850 0.996559 
3.4950 1.005899 
3.5050 0.999153 
3.5150 0.996947 
3.5250 1.004096 
3.5350 0.997509 
3.5450 0.995133 
3.5550 0.997728 
3.5650 1.001866 
3.5750 1.005097 
3.5850 0.993446 
3.5950 1.003558 
3.6050 1.008798 
3.6150 1.002225 
3.6250 1.000219 
3.6350 0.993518 
3.6450 0.998751 
3.6550 0.999041 
3.6650 0.995969 
3.6750 0.991936 
3.6850 1.010115 
3.6950 0.999700 
3.7050 1.000930 
3.7150 1.006666 
3.7250 0.995379 
3.7350 1.003070 
3.7450 1.001331 
3.7550 1.003269 
3.7650 0.996428 
3.7750 0.996420 
3.7850 1.002017 
3.7950 1.006074 
3.8050 0.991385 
3.8150 0.999821 
3.8250 0.997076 
3.8350 1.005565 
3.8450 1.002909 
3.8550 0.993698 
3.8650 0.999696 
3.8750 1.001468 
3.8850 1.004134 
3.8950 1.007181 
3.9050 0.995821 
3.9150 0.999923 
3.9250 0.997924 
3.9350 1.006717 
3.9450 1.009243 
3.9550 1.005202 
3.9650 1.002713 
3.9750 0.999569 
3.9850 1.000026 
3.9950 0.994636 
4.0050 1.006125 
4.0150 0.999147 
4.0250 1.005828 
4.0350 1.003911 
4.0450 0.995955 
4.0550 0.997847 
4.0650 1.005939 
4.0750 1.005363 
4.0850 1.002926 
4.0950 1.001441 
4.1050 1.007611 
4.1150 1.003814 
4.1250 1.004993 
4.1350 1.004530 
4.1450 0.999509 
4.1550 0.998280 
4.1650 1.006978 
4.1750 0.997991 
4.1850 1.004358 
4.1950 1.002395 
4.2050 1.000849 
4.2150 1.001055 
4.2250 1.007395 
4.2350 0.999827 
4.2450 1.005476 
4.2550 1.007418 
4.2650 1.000866 
4.2750 1.000409 
4.2850 0.998996 
4.2950 1.006134 
4.3050 1.003601 
4.3150 1.006552 
4.3250 0.997699 
4.3350 1.004873 
4.3450 0.999334 
4.3550 1.008692 
4.3650 1.003169 
4.3750 1.008505 
4.3850 1.004471 
4.3950 0.998159 
4.4050 1.003645 
4.4150 1.003351 
4.4250 1.001859 
4.4350 0.998388 
4.4450 1.001553 
4.4550 0.999557 
4.4650 1.005024 
4.4750 0.997179 
4.4850 0.995206 
4.4950 1.001731 