
0.0050 0.000000 
0.0150 0.000000 
0.0250 0.000000 
0.0350 0.000000 
0.0450 0.000000 
0.0550 0.000000 
0.0650 0.000000 
0.0750 0.000000 
0.0850 0.000000 
0.0950 0.000000 
0.1050 0.000000 
0.1150 0.000000 
0.1250 0.000000 
0.1350 0.000000 
0.1450 0.000000 
0.1550 0.000000 
0.1650 0.000000 
0.1750 0.000000 
0.1850 0.000451 
0.1950 0.006424 
0.2050 0.013459 
0.2150 0.018688 
0.2250 0.025696 
0.2350 0.032476 
0.2450 0.035974 
0.2550 0.036896 
0.2650 0.054881 
0.2750 0.049862 
0.2850 0.053164 
0.2950 0.064525 
0.3050 0.072390 
0.3150 0.074411 
0.3250 0.077866 
0.3350 0.082125 
0.3450 0.086141 
0.3550 0.099928 
0.3650 0.098153 
0.3750 0.111348 
0.3850 0.117278 
0.3950 0.116701 
0.4050 0.122002 
0.4150 0.136024 
0.4250 0.131466 
0.4350 0.146388 
0.4450 0.150558 
0.4550 0.146167 
0.4650 0.161828 
0.4750 0.158456 
0.4850 0.174800 
0.4950 0.173532 
0.5050 0.169289 
0.5150 0.177234 
0.5250 0.192960 
0.5350 0.198745 
0.5450 0.198713 
0.5550 0.212295 
0.5650 0.211876 
0.5750 0.225649 
0.5850 0.220518 
0.5950 0.231118 
0.6050 0.232805 
0.6150 0.239550 
0.6250 0.250295 
0.6350 0.250533 
0.6450 0.259855 
0.6550 0.273308 
0.6650 0.269357 
0.6750 0.273331 
0.6850 0.292831 
0.6950 0.303453 
0.7050 0.297008 
0.7150 0.317627 
0.7250 0.317969 
0.7350 0.330571 
0.7450 0.336213 
0.7550 0.345877 
0.7650 0.348726 
0.7750 0.355237 
0.7850 0.363642 
0.7950 0.376120 
0.8050 0.379408 
0.8150 0.389091 
0.8250 0.387602 
0.8350 0.401342 
0.8450 0.415161 
0.8550 0.417106 
0.8650 0.427079 
0.8750 0.445196 
0.8850 0.447412 
0.8950 0.446248 
0.9050 0.458192 
0.9150 0.491104 
0.9250 0.501295 
0.9350 0.485302 
0.9450 0.522388 
0.9550 0.523727 
0.9650 0.546585 
0.9750 0.601488 
0.9850 0.747164 
0.9950 1.601353 
1.0050 4.372840 
1.0150 4.819698 
1.0250 4.332752 
1.0350 3.714586 
1.0450 3.044812 
1.0550 2.453369 
1.0650 2.018749 
1.0750 1.654276 
1.0850 1.377271 
1.0950 1.186516 
1.1050 1.048352 
1.1150 0.965345 
1.1250 0.904881 
1.1350 0.847205 
1.1450 0.837604 
1.1550 0.825067 
1.1650 0.789903 
1.1750 0.791194 
1.1850 0.791455 
1.1950 0.781076 
1.2050 0.786018 
1.2150 0.773116 
1.2250 0.794894 
1.2350 0.785030 
1.2450 0.768060 
1.2550 0.788136 
1.2650 0.776670 
1.2750 0.784989 
1.2850 0.792250 
1.2950 0.796763 
1.3050 0.804149 
1.3150 0.805455 
1.3250 0.804679 
1.3350 0.804235 
1.3450 0.820230 
1.3550 0.807712 
1.3650 0.833014 
1.3750 0.848329 
1.3850 0.836310 
1.3950 0.848996 
1.4050 0.839816 
1.4150 0.842890 
1.4250 0.852448 
1.4350 0.852239 
1.4450 0.855222 
1.4550 0.860335 
1.4650 0.866310 
1.4750 0.863235 
1.4850 0.883309 
1.4950 0.871653 
1.5050 0.884713 
1.5150 0.883119 
1.5250 0.886080 
1.5350 0.894509 
1.5450 0.903050 
1.5550 0.889629 
1.5650 0.895092 
1.5750 0.880862 
1.5850 0.904411 
1.5950 0.910215 
1.6050 0.918287 
1.6150 0.913835 
1.6250 0.910383 
1.6350 0.923529 
1.6450 0.907913 
1.6550 0.929584 
1.6650 0.924531 
1.6750 0.923616 
1.6850 0.928490 
1.6950 0.935019 
1.7050 0.922639 
1.7150 0.938638 
1.7250 0.942124 
1.7350 0.942568 
1.7450 0.946481 
1.7550 0.961446 
1.7650 0.946335 
1.7750 0.943617 
1.7850 0.949112 
1.7950 0.940556 
1.8050 0.965077 
1.8150 0.951257 
1.8250 0.950271 
1.8350 0.961725 
1.8450 0.948007 
1.8550 0.956081 
1.8650 0.943823 
1.8750 0.975751 
1.8850 0.947431 
1.8950 0.970484 
1.9050 0.966479 
1.9150 0.963899 
1.9250 0.967292 
1.9350 0.978421 
1.9450 0.987240 
1.9550 0.989632 
1.9650 1.019000 
1.9750 1.038165 
1.9850 1.069619 
1.9950 1.155277 
2.0050 1.278135 
2.0150 1.376880 
2.0250 1.414231 
2.0350 1.375263 
2.0450 1.311021 
2.0550 1.253931 
2.0650 1.214109 
2.0750 1.157992 
2.0850 1.114626 
2.0950 1.056132 
2.1050 1.050031 
2.1150 1.027503 
2.1250 1.007680 
2.1350 1.003691 
2.1450 0.998266 
2.1550 0.988291 
2.1650 0.972724 
2.1750 0.976985 
2.1850 0.973619 
2.1950 0.969544 
2.2050 0.969110 
2.2150 0.968255 
2.2250 0.963260 
2.2350 0.973835 
2.2450 0.964253 
2.2550 0.960783 
2.2650 0.954474 
2.2750 0.968508 
2.2850 0.960464 
2.2950 0.958783 
2.3050 0.962938 
2.3150 0.956019 
2.3250 0.958569 
2.3350 0.966844 
2.3450 0.961855 
2.3550 0.958651 
2.3650 0.971773 
2.3750 0.968553 
2.3850 0.971525 
2.3950 0.973116 
2.4050 0.960300 
2.4150 0.957534 
2.4250 0.957718 
2.4350 0.976856 
2.4450 0.981574 
2.4550 0.966825 
2.4650 0.974840 
2.4750 0.970736 
2.4850 0.977673 
2.4950 0.977702 
2.5050 0.973022 
2.5150 0.963961 
2.5250 0.974471 
2.5350 0.967229 
2.5450 0.969818 
2.5550 0.966029 
2.5650 0.969969 
2.5750 0.985763 
2.5850 0.982949 
2.5950 0.976665 
2.6050 0.978404 
2.6150 0.974768 
2.6250 0.981418 
2.6350 0.974488 
2.6450 0.985355 
2.6550 0.980202 
2.6650 0.983909 
2.6750 0.984808 
2.6850 0.971309 
2.6950 0.982367 
2.7050 0.979595 
2.7150 0.986291 
2.7250 0.973705 
2.7350 0.987063 
2.7450 0.988488 
2.7550 0.985186 
2.7650 0.992297 
2.7750 0.990176 
2.7850 0.982452 
2.7950 0.988059 
2.8050 0.987591 
2.8150 0.988918 
2.8250 0.998982 
2.8350 0.997456 
2.8450 0.992813 
2.8550 1.003298 
2.8650 0.998101 
2.8750 0.995350 
2.8850 0.999611 
2.8950 0.996637 
2.9050 1.010166 
2.9150 1.013687 
2.9250 1.009965 
2.9350 1.004024 
2.9450 1.008721 
2.9550 1.006616 
2.9650 1.014358 
2.9750 1.019807 
2.9850 1.017313 
2.9950 1.027055 
3.0050 1.034143 
3.0150 1.048473 
3.0250 1.037833 
3.0350 1.042365 
3.0450 1.027348 
3.0550 1.033564 
3.0650 1.024562 
3.0750 1.013115 
3.0850 1.026634 
3.0950 1.006109 
3.1050 1.006427 
3.1150 1.007017 
3.1250 0.998491 
3.1350 1.006986 
3.1450 0.999166 
3.1550 1.004082 
3.1650 0.991809 
3.1750 0.995154 
3.1850 0.999177 
3.1950 1.004727 
3.2050 0.983239 
3.2150 0.995746 
3.2250 1.000221 
3.2350 1.005038 
3.2450 0.992484 
3.2550 0.989046 
3.2650 0.997337 
3.2750 0.990797 
3.2850 0.990884 
3.2950 0.990113 
3.3050 0.991753 
3.3150 0.994958 
3.3250 0.996420 
3.3350 0.992436 
3.3450 0.977202 
3.3550 0.993642 
3.3650 0.999360 
3.3750 0.985684 
3.3850 0.998871 
3.3950 0.994598 
3.4050 0.982664 
3.4150 0.992013 
3.4250 0.991668 
3.4350 0.992071 
3.4450 0.996271 
3.4550 0.996189 
3.4650 0.990751 
3.4750 0.991719 
3.4850 0.991283 
3.4950 0.982969 
3.5050 0.997445 
3.5150 0.993395 
3.5250 0.996914 
3.5350 0.994025 
3.5450 0.979113 
3.5550 1.000278 
3.5650 0.992582 
3.5750 1.002369 
3.5850 0.995355 
3.5950 0.994897 
3.6050 0.990148 
3.6150 0.992027 
3.6250 0.997529 
3.6350 0.997377 
3.6450 1.000441 
3.6550 0.999416 
3.6650 0.991255 
3.6750 0.992704 
3.6850 0.997999 
3.6950 0.991620 
3.7050 0.994304 
3.7150 0.994003 
3.7250 0.993266 
3.7350 0.998100 
3.7450 0.995941 
3.7550 1.004112 
3.7650 1.001812 
3.7750 0.998709 
3.7850 1.001181 
3.7950 1.000304 
3.8050 0.999860 
3.8150 1.003924 
3.8250 1.002868 
3.8350 0.984777 
3.8450 1.005045 
3.8550 1.002951 
3.8650 0.999319 
3.8750 1.004470 
3.8850 0.999928 
3.8950 1.005908 
3.9050 0.998779 
3.9150 1.000732 
3.9250 0.999101 
3.9350 1.004848 
3.9450 1.007681 
3.9550 0.993327 
3.9650 0.996348 
3.9750 1.011965 
3.9850 0.996012 
3.9950 1.005321 
4.0050 1.006124 
4.0150 1.003110 
4.0250 1.004447 
4.0350 1.004865 
4.0450 1.006043 
4.0550 1.003607 
4.0650 1.002151 
4.0750 1.001270 
4.0850 1.001230 
4.0950 0.999143 
4.1050 0.996004 
4.1150 0.998222 
4.1250 0.998854 
4.1350 1.002296 
4.1450 1.002853 
4.1550 1.000133 
4.1650 1.003712 
4.1750 1.014200 
4.1850 1.001435 
4.1950 0.998072 
4.2050 0.997573 
4.2150 1.000344 
4.2250 0.996926 
4.2350 1.007928 
4.2450 1.000599 
4.2550 0.991695 
4.2650 0.995190 
4.2750 1.007654 
4.2850 0.996780 
4.2950 0.996653 
4.3050 1.002090 
4.3150 1.004232 
4.3250 1.000963 
4.3350 0.998479 
4.3450 1.009455 
4.3550 0.997003 
4.3650 1.004423 
4.3750 1.006022 
4.3850 1.007769 
4.3950 1.005829 
4.4050 1.002208 
4.4150 0.985775 
4.4250 1.005437 
4.4350 0.999063 
4.4450 1.006115 
4.4550 0.998020 
4.4650 0.993335 
4.4750 0.997618 
4.4850 0.998640 
4.4950 0.999789 