
0.0050 0.000000 
0.0150 0.000000 
0.0250 0.000000 
0.0350 0.000000 
0.0450 0.000000 
0.0550 0.000000 
0.0650 0.000000 
0.0750 0.000000 
0.0850 0.000000 
0.0950 0.000000 
0.1050 0.000000 
0.1150 0.000000 
0.1250 0.000000 
0.1350 0.000000 
0.1450 0.000000 
0.1550 0.000000 
0.1650 0.000000 
0.1750 0.000000 
0.1850 0.000000 
0.1950 0.000000 
0.2050 0.000000 
0.2150 0.000000 
0.2250 0.000000 
0.2350 0.000000 
0.2450 0.000000 
0.2550 0.000000 
0.2650 0.000000 
0.2750 0.000000 
0.2850 0.000000 
0.2950 0.000000 
0.3050 0.000000 
0.3150 0.000000 
0.3250 0.000000 
0.3350 0.000000 
0.3450 0.000000 
0.3550 0.000000 
0.3650 0.000000 
0.3750 0.000000 
0.3850 0.000000 
0.3950 0.000000 
0.4050 0.000000 
0.4150 0.000000 
0.4250 0.000000 
0.4350 0.000000 
0.4450 0.000000 
0.4550 0.000000 
0.4650 0.000000 
0.4750 0.000000 
0.4850 0.000000 
0.4950 0.000000 
0.5050 0.000000 
0.5150 0.000000 
0.5250 0.000000 
0.5350 0.000000 
0.5450 0.000000 
0.5550 0.000000 
0.5650 0.000000 
0.5750 0.000000 
0.5850 0.000000 
0.5950 0.000000 
0.6050 0.000000 
0.6150 0.000000 
0.6250 0.000000 
0.6350 0.000000 
0.6450 0.000000 
0.6550 0.000000 
0.6650 0.000000 
0.6750 0.000000 
0.6850 0.000000 
0.6950 0.000000 
0.7050 0.000000 
0.7150 0.000000 
0.7250 0.000000 
0.7350 0.000000 
0.7450 0.000000 
0.7550 0.000000 
0.7650 0.000000 
0.7750 0.000000 
0.7850 0.000000 
0.7950 0.000000 
0.8050 0.000000 
0.8150 0.000000 
0.8250 0.000000 
0.8350 0.000000 
0.8450 0.000000 
0.8550 0.000000 
0.8650 0.000000 
0.8750 0.000000 
0.8850 0.000000 
0.8950 0.000000 
0.9050 0.000000 
0.9150 0.000000 
0.9250 0.000000 
0.9350 0.040731 
0.9450 0.123609 
0.9550 0.211097 
0.9650 0.329805 
0.9750 0.434991 
0.9850 0.561757 
0.9950 0.722904 
1.0050 0.946329 
1.0150 1.110287 
1.0250 1.231395 
1.0350 1.318796 
1.0450 1.400617 
1.0550 1.486711 
1.0650 1.553826 
1.0750 1.574731 
1.0850 1.542446 
1.0950 1.521027 
1.1050 1.517895 
1.1150 1.515661 
1.1250 1.476552 
1.1350 1.472616 
1.1450 1.464131 
1.1550 1.449811 
1.1650 1.444373 
1.1750 1.451804 
1.1850 1.441979 
1.1950 1.399057 
1.2050 1.380769 
1.2150 1.377174 
1.2250 1.360267 
1.2350 1.338246 
1.2450 1.339395 
1.2550 1.325773 
1.2650 1.335297 
1.2750 1.306396 
1.2850 1.294742 
1.2950 1.289460 
1.3050 1.282428 
1.3150 1.253182 
1.3250 1.248396 
1.3350 1.248029 
1.3450 1.223494 
1.3550 1.218213 
1.3650 1.214760 
1.3750 1.199503 
1.3850 1.196604 
1.3950 1.180103 
1.4050 1.169608 
1.4150 1.169996 
1.4250 1.147260 
1.4350 1.141077 
1.4450 1.151756 
1.4550 1.137120 
1.4650 1.127229 
1.4750 1.113247 
1.4850 1.109282 
1.4950 1.090980 
1.5050 1.088350 
1.5150 1.089248 
1.5250 1.083080 
1.5350 1.068817 
1.5450 1.062474 
1.5550 1.057969 
1.5650 1.044847 
1.5750 1.034819 
1.5850 1.032297 
1.5950 1.036927 
1.6050 1.039637 
1.6150 1.032531 
1.6250 1.010906 
1.6350 1.007040 
1.6450 1.021700 
1.6550 0.998312 
1.6650 0.992385 
1.6750 0.981992 
1.6850 0.982719 
1.6950 0.972908 
1.7050 0.979891 
1.7150 0.967919 
1.7250 0.951779 
1.7350 0.958221 
1.7450 0.956172 
1.7550 0.955216 
1.7650 0.959449 
1.7750 0.945398 
1.7850 0.937054 
1.7950 0.943792 
1.8050 0.942363 
1.8150 0.941232 
1.8250 0.924763 
1.8350 0.941290 
1.8450 0.932544 
1.8550 0.920761 
1.8650 0.935715 
1.8750 0.919394 
1.8850 0.916433 
1.8950 0.920355 
1.9050 0.937734 
1.9150 0.912285 
1.9250 0.914126 
1.9350 0.928796 
1.9450 0.918103 
1.9550 0.921154 
1.9650 0.917913 
1.9750 0.924048 
1.9850 0.924312 
1.9950 0.927998 
2.0050 0.927387 
2.0150 0.930089 
2.0250 0.941034 
2.0350 0.940117 
2.0450 0.946143 
2.0550 0.948452 
2.0650 0.949704 
2.0750 0.958769 
2.0850 0.960534 
2.0950 0.948496 
2.1050 0.965231 
2.1150 0.972677 
2.1250 0.981823 
2.1350 0.981038 
2.1450 0.977550 
2.1550 0.982700 
2.1650 0.987565 
2.1750 0.996355 
2.1850 0.989498 
2.1950 1.002247 
2.2050 0.994108 
2.2150 0.996227 
2.2250 0.989801 
2.2350 1.001327 
2.2450 1.002054 
2.2550 0.999856 
2.2650 1.012997 
2.2750 1.008855 
2.2850 1.002654 
2.2950 1.006525 
2.3050 1.001352 
2.3150 1.017082 
2.3250 1.015916 
2.3350 1.005974 
2.3450 1.001073 
2.3550 1.015305 
2.3650 1.015249 
2.3750 1.018289 
2.3850 1.013025 
2.3950 1.015906 
2.4050 1.016915 
2.4150 1.010695 
2.4250 1.010801 
2.4350 1.027054 
2.4450 1.012339 
2.4550 1.018042 
2.4650 1.016348 
2.4750 1.024303 
2.4850 1.013791 
2.4950 1.023749 
2.5050 1.029498 
2.5150 1.017324 
2.5250 1.013912 
2.5350 1.022093 
2.5450 1.008983 
2.5550 1.014978 
2.5650 1.014562 
2.5750 1.020489 
2.5850 1.020120 
2.5950 1.014385 
2.6050 1.014863 
2.6150 1.002719 
2.6250 1.008286 
2.6350 1.015011 
2.6450 1.014348 
2.6550 1.018746 
2.6650 1.003863 
2.6750 1.014115 
2.6850 1.004582 
2.6950 1.003907 
2.7050 1.008199 
2.7150 1.013624 
2.7250 1.002318 
2.7350 1.005288 
2.7450 1.010820 
2.7550 1.003961 
2.7650 1.000615 
2.7750 1.005643 
2.7850 1.006090 
2.7950 1.005159 
2.8050 1.011793 
2.8150 1.014158 
2.8250 1.000526 
2.8350 1.006926 
2.8450 1.006939 
2.8550 1.002340 
2.8650 1.008576 
2.8750 1.002933 
2.8850 0.995758 
2.8950 1.003135 
2.9050 1.014905 
2.9150 0.987170 
2.9250 1.005258 
2.9350 1.001343 
2.9450 1.000417 
2.9550 0.994722 
2.9650 0.994574 
2.9750 1.002561 
2.9850 0.994081 
2.9950 0.997591 
3.0050 0.995073 
3.0150 1.001279 
3.0250 0.997466 
3.0350 0.992325 
3.0450 0.996598 
3.0550 0.994293 
3.0650 1.002047 
3.0750 0.984444 
3.0850 0.999386 
3.0950 0.995057 
3.1050 0.996374 
3.1150 0.994992 
3.1250 0.996411 
3.1350 0.993838 
3.1450 0.993293 
3.1550 0.990123 
3.1650 0.995051 
3.1750 0.992380 
3.1850 1.004332 
3.1950 0.995305 
3.2050 0.996287 
3.2150 0.994150 
3.2250 1.001441 
3.2350 0.989071 
3.2450 0.998810 
3.2550 1.002419 
3.2650 1.006269 
3.2750 1.001974 
3.2850 1.004369 
3.2950 0.996810 
3.3050 1.004822 
3.3150 0.992636 
3.3250 0.998118 
3.3350 0.997694 
3.3450 0.989500 
3.3550 1.002130 
3.3650 1.004926 
3.3750 0.997544 
3.3850 1.002434 
3.3950 1.005405 
3.4050 0.992686 
3.4150 1.005812 
3.4250 0.998759 
3.4350 0.998321 
3.4450 1.000690 
3.4550 0.995322 
3.4650 0.996206 
3.4750 0.995756 
3.4850 1.001124 
3.4950 0.996208 
3.5050 1.006156 
3.5150 0.994709 
3.5250 1.005431 
3.5350 0.995404 
3.5450 1.004495 
3.5550 1.002997 
3.5650 1.001746 
3.5750 1.007322 
3.5850 1.003275 
3.5950 0.994659 
3.6050 1.010007 
3.6150 1.007644 
3.6250 1.010318 
3.6350 0.989941 
3.6450 1.005181 
3.6550 1.004704 
3.6650 1.000823 
3.6750 0.997126 
3.6850 1.005240 
3.6950 1.000649 
3.7050 1.001415 
3.7150 0.994670 
3.7250 1.004794 
3.7350 0.999909 
3.7450 0.999230 
3.7550 0.998258 
3.7650 1.002812 
3.7750 1.000907 
3.7850 1.001384 
3.7950 1.000981 
3.8050 0.998354 
3.8150 1.005045 
3.8250 1.004993 
3.8350 1.006770 
3.8450 0.993876 
3.8550 1.003950 
3.8650 1.000536 
3.8750 0.999128 
3.8850 0.995591 
3.8950 1.000154 
3.9050 1.007169 
3.9150 1.005780 
3.9250 1.004833 
3.9350 1.005804 
3.9450 0.991961 
3.9550 1.006197 
3.9650 1.003964 
3.9750 1.014031 
3.9850 1.006960 
3.9950 0.998940 
4.0050 1.003668 
4.0150 0.996996 
4.0250 0.998326 
4.0350 1.002109 
4.0450 1.005134 
4.0550 0.995949 
4.0650 0.999479 
4.0750 1.003411 
4.0850 1.009858 
4.0950 1.011970 
4.1050 0.999609 
4.1150 0.991694 
4.1250 0.999973 
4.1350 1.004220 
4.1450 1.000066 
4.1550 1.008287 
4.1650 0.996893 
4.1750 1.002663 
4.1850 1.008385 
4.1950 1.000356 
4.2050 0.999302 
4.2150 1.006271 
4.2250 0.993302 
4.2350 1.001807 
4.2450 1.001163 
4.2550 1.006795 
4.2650 0.993846 
4.2750 1.003891 
4.2850 1.001511 
4.2950 1.000636 
4.3050 1.002011 
4.3150 1.003657 
4.3250 0.993051 
4.3350 1.000630 
4.3450 1.004768 
4.3550 1.006865 
4.3650 1.001288 
4.3750 0.995286 
4.3850 1.002638 
4.3950 0.999717 
4.4050 0.997546 
4.4150 0.995794 
4.4250 1.002015 
4.4350 0.999468 
4.4450 0.995971 
4.4550 1.005299 
4.4650 1.003107 
4.4750 0.991271 
4.4850 0.994748 
4.4950 1.006032 