
0.0050 0.000000 
0.0150 0.000000 
0.0250 0.000000 
0.0350 0.000000 
0.0450 0.000000 
0.0550 0.000000 
0.0650 0.000000 
0.0750 0.000000 
0.0850 0.000000 
0.0950 0.000000 
0.1050 0.000000 
0.1150 0.000000 
0.1250 0.000000 
0.1350 0.000000 
0.1450 0.000000 
0.1550 0.000000 
0.1650 0.000000 
0.1750 0.000000 
0.1850 0.000000 
0.1950 0.000000 
0.2050 0.000000 
0.2150 0.000000 
0.2250 0.000000 
0.2350 0.000000 
0.2450 0.000000 
0.2550 0.000000 
0.2650 0.000000 
0.2750 0.000000 
0.2850 0.000000 
0.2950 0.000000 
0.3050 0.000000 
0.3150 0.000000 
0.3250 0.000000 
0.3350 0.000000 
0.3450 0.000000 
0.3550 0.000000 
0.3650 0.000000 
0.3750 0.000000 
0.3850 0.000000 
0.3950 0.000000 
0.4050 0.000000 
0.4150 0.000000 
0.4250 0.000000 
0.4350 0.000000 
0.4450 0.000000 
0.4550 0.000000 
0.4650 0.000000 
0.4750 0.000000 
0.4850 0.000000 
0.4950 0.000000 
0.5050 0.000000 
0.5150 0.000000 
0.5250 0.000000 
0.5350 0.000000 
0.5450 0.000000 
0.5550 0.000000 
0.5650 0.000000 
0.5750 0.000000 
0.5850 0.000871 
0.5950 0.012277 
0.6050 0.030891 
0.6150 0.046556 
0.6250 0.062539 
0.6350 0.070797 
0.6450 0.095931 
0.6550 0.109142 
0.6650 0.132697 
0.6750 0.146616 
0.6850 0.154670 
0.6950 0.168000 
0.7050 0.189038 
0.7150 0.221982 
0.7250 0.227858 
0.7350 0.230451 
0.7450 0.259926 
0.7550 0.275777 
0.7650 0.291328 
0.7750 0.315266 
0.7850 0.320057 
0.7950 0.340788 
0.8050 0.354452 
0.8150 0.367364 
0.8250 0.386364 
0.8350 0.392063 
0.8450 0.421308 
0.8550 0.439515 
0.8650 0.457205 
0.8750 0.469432 
0.8850 0.494281 
0.8950 0.510487 
0.9050 0.533679 
0.9150 0.542867 
0.9250 0.569909 
0.9350 0.589633 
0.9450 0.612548 
0.9550 0.640250 
0.9650 0.667822 
0.9750 0.686091 
0.9850 0.719305 
0.9950 0.743461 
1.0050 0.806318 
1.0150 0.855178 
1.0250 0.869411 
1.0350 0.894983 
1.0450 0.917457 
1.0550 0.953082 
1.0650 0.952420 
1.0750 0.983097 
1.0850 0.989243 
1.0950 0.998159 
1.1050 1.015865 
1.1150 1.027597 
1.1250 1.026158 
1.1350 1.065167 
1.1450 1.051436 
1.1550 1.068067 
1.1650 1.086172 
1.1750 1.098162 
1.1850 1.093109 
1.1950 1.088353 
1.2050 1.102860 
1.2150 1.095927 
1.2250 1.114941 
1.2350 1.122458 
1.2450 1.116424 
1.2550 1.133532 
1.2650 1.146323 
1.2750 1.164334 
1.2850 1.153051 
1.2950 1.154591 
1.3050 1.167812 
1.3150 1.150399 
1.3250 1.163903 
1.3350 1.146461 
1.3450 1.167470 
1.3550 1.176079 
1.3650 1.183063 
1.3750 1.171945 
1.3850 1.173311 
1.3950 1.174964 
1.4050 1.185949 
1.4150 1.191651 
1.4250 1.170500 
1.4350 1.168914 
1.4450 1.160853 
1.4550 1.171792 
1.4650 1.140048 
1.4750 1.130666 
1.4850 1.130436 
1.4950 1.115305 
1.5050 1.117392 
1.5150 1.124297 
1.5250 1.102058 
1.5350 1.083444 
1.5450 1.085517 
1.5550 1.076527 
1.5650 1.079272 
1.5750 1.063279 
1.5850 1.069144 
1.5950 1.062033 
1.6050 1.070492 
1.6150 1.049398 
1.6250 1.035603 
1.6350 1.038480 
1.6450 1.026165 
1.6550 1.026072 
1.6650 1.015465 
1.6750 1.020485 
1.6850 1.010543 
1.6950 1.003138 
1.7050 1.001479 
1.7150 0.994860 
1.7250 0.994110 
1.7350 0.992777 
1.7450 0.999830 
1.7550 0.985292 
1.7650 0.990178 
1.7750 0.979755 
1.7850 0.982607 
1.7950 0.990805 
1.8050 0.985236 
1.8150 0.963822 
1.8250 0.975919 
1.8350 0.958652 
1.8450 0.961342 
1.8550 0.961330 
1.8650 0.966266 
1.8750 0.969965 
1.8850 0.975030 
1.8950 0.962730 
1.9050 0.955448 
1.9150 0.960955 
1.9250 0.965784 
1.9350 0.955021 
1.9450 0.959260 
1.9550 0.950084 
1.9650 0.952783 
1.9750 0.962419 
1.9850 0.961499 
1.9950 0.963201 
2.0050 0.967017 
2.0150 0.965834 
2.0250 0.960317 
2.0350 0.969297 
2.0450 0.965989 
2.0550 0.983669 
2.0650 0.959263 
2.0750 0.974582 
2.0850 0.971640 
2.0950 0.968073 
2.1050 0.981306 
2.1150 0.966657 
2.1250 0.972413 
2.1350 0.973953 
2.1450 0.970658 
2.1550 0.988687 
2.1650 0.978448 
2.1750 0.979185 
2.1850 0.982458 
2.1950 0.984922 
2.2050 0.994107 
2.2150 0.977708 
2.2250 0.972709 
2.2350 0.977811 
2.2450 0.988464 
2.2550 0.984886 
2.2650 0.987868 
2.2750 0.994203 
2.2850 1.009798 
2.2950 0.990437 
2.3050 0.994084 
2.3150 0.994820 
2.3250 0.990440 
2.3350 0.993199 
2.3450 0.990285 
2.3550 1.009171 
2.3650 1.001877 
2.3750 0.992702 
2.3850 1.002740 
2.3950 1.000382 
2.4050 1.004938 
2.4150 0.999794 
2.4250 1.008087 
2.4350 1.008449 
2.4450 1.006675 
2.4550 0.998474 
2.4650 1.004557 
2.4750 1.019917 
2.4850 1.007049 
2.4950 1.008880 
2.5050 1.016633 
2.5150 1.009472 
2.5250 0.996273 
2.5350 1.009178 
2.5450 0.997092 
2.5550 1.017588 
2.5650 1.025826 
2.5750 1.024174 
2.5850 1.012713 
2.5950 1.003514 
2.6050 1.006790 
2.6150 1.013311 
2.6250 1.010695 
2.6350 1.006997 
2.6450 1.009435 
2.6550 1.009150 
2.6650 1.005049 
2.6750 1.003920 
2.6850 1.000825 
2.6950 1.007048 
2.7050 1.008452 
2.7150 1.007704 
2.7250 1.003009 
2.7350 1.004537 
2.7450 1.010509 
2.7550 0.999213 
2.7650 1.007264 
2.7750 1.013469 
2.7850 0.999337 
2.7950 1.010053 
2.8050 1.014109 
2.8150 1.008114 
2.8250 1.006640 
2.8350 0.996069 
2.8450 1.007179 
2.8550 1.008689 
2.8650 1.003354 
2.8750 0.999870 
2.8850 0.995996 
2.8950 1.003253 
2.9050 0.996626 
2.9150 1.005856 
2.9250 1.000055 
2.9350 1.009385 
2.9450 1.001259 
2.9550 0.998224 
2.9650 1.003024 
2.9750 1.010351 
2.9850 1.005396 
2.9950 1.000189 
3.0050 1.000992 
3.0150 1.007944 
3.0250 1.000717 
3.0350 1.005427 
3.0450 0.989718 
3.0550 0.995749 
3.0650 0.994263 
3.0750 0.989421 
3.0850 0.990183 
3.0950 0.995527 
3.1050 1.001552 
3.1150 1.008334 
3.1250 1.001774 
3.1350 1.000767 
3.1450 0.997263 
3.1550 0.996411 
3.1650 0.990674 
3.1750 0.996797 
3.1850 1.002157 
3.1950 0.994288 
3.2050 0.999516 
3.2150 0.999417 
3.2250 1.001467 
3.2350 0.994517 
3.2450 0.991351 
3.2550 1.000212 
3.2650 1.000113 
3.2750 1.010852 
3.2850 0.993747 
3.2950 0.991411 
3.3050 1.006038 
3.3150 0.995216 
3.3250 1.002773 
3.3350 0.999258 
3.3450 0.997553 
3.3550 1.003073 
3.3650 1.009196 
3.3750 1.005678 
3.3850 0.998366 
3.3950 1.002332 
3.4050 0.998086 
3.4150 1.006488 
3.4250 1.002755 
3.4350 0.992022 
3.4450 0.996619 
3.4550 1.004209 
3.4650 1.001439 
3.4750 1.001072 
3.4850 1.002425 
3.4950 1.009325 
3.5050 0.997981 
3.5150 0.996534 
3.5250 1.012273 
3.5350 0.998501 
3.5450 1.003506 
3.5550 1.006870 
3.5650 0.996948 
3.5750 0.981387 
3.5850 1.003252 
3.5950 1.010648 
3.6050 0.991192 
3.6150 1.003337 
3.6250 0.988445 
3.6350 1.004554 
3.6450 0.994457 
3.6550 1.000844 
3.6650 1.008665 
3.6750 1.004598 
3.6850 1.005519 
3.6950 0.998751 
3.7050 0.999637 
3.7150 1.002913 
3.7250 0.999237 
3.7350 1.005657 
3.7450 0.998430 
3.7550 0.998166 
3.7650 1.004970 
3.7750 0.998663 
3.7850 0.995283 
3.7950 1.004181 
3.8050 1.003772 
3.8150 0.989036 
3.8250 1.008593 
3.8350 0.996710 
3.8450 1.001485 
3.8550 1.005015 
3.8650 1.002174 
3.8750 1.007097 
3.8850 1.006336 
3.8950 0.993302 
3.9050 0.993872 
3.9150 1.009756 
3.9250 1.004266 
3.9350 1.011565 
3.9450 0.993890 
3.9550 1.002995 
3.9650 1.002778 
3.9750 1.009985 
3.9850 0.994982 
3.9950 1.000524 
4.0050 1.002237 
4.0150 1.010504 
4.0250 1.009314 
4.0350 1.004484 
4.0450 0.997054 
4.0550 0.998143 
4.0650 1.004887 
4.0750 1.004335 
4.0850 1.007073 
4.0950 1.009024 
4.1050 0.996920 
4.1150 1.001070 
4.1250 0.998833 
4.1350 0.990958 
4.1450 1.000397 
4.1550 0.998301 
4.1650 0.999522 
4.1750 1.000306 
4.1850 1.002989 
4.1950 0.999948 
4.2050 0.999872 
4.2150 1.002658 
4.2250 1.001198 
4.2350 1.006272 
4.2450 1.001042 
4.2550 1.003779 
4.2650 0.995410 
4.2750 0.994786 
4.2850 1.001771 
4.2950 0.996832 
4.3050 1.011451 
4.3150 1.004450 
4.3250 0.999124 
4.3350 1.002446 
4.3450 0.998783 
4.3550 0.999576 
4.3650 1.001836 
4.3750 0.998435 
4.3850 1.005545 
4.3950 0.997809 
4.4050 1.001858 
4.4150 1.001704 
4.4250 1.005997 
4.4350 1.007898 
4.4450 0.999339 
4.4550 1.001708 
4.4650 0.997321 
4.4750 0.996433 
4.4850 0.995892 
4.4950 0.994878 