
0.0050 0.000000 
0.0150 0.000000 
0.0250 0.000000 
0.0350 0.000000 
0.0450 0.000000 
0.0550 0.000000 
0.0650 0.000000 
0.0750 0.000000 
0.0850 0.000000 
0.0950 0.000000 
0.1050 0.000000 
0.1150 0.000000 
0.1250 0.000000 
0.1350 0.000000 
0.1450 0.000000 
0.1550 0.000000 
0.1650 0.000000 
0.1750 0.000000 
0.1850 0.000000 
0.1950 0.000000 
0.2050 0.000000 
0.2150 0.000000 
0.2250 0.000000 
0.2350 0.000000 
0.2450 0.000000 
0.2550 0.000000 
0.2650 0.000000 
0.2750 0.000000 
0.2850 0.000000 
0.2950 0.000000 
0.3050 0.000000 
0.3150 0.000000 
0.3250 0.000000 
0.3350 0.000000 
0.3450 0.000000 
0.3550 0.000000 
0.3650 0.000000 
0.3750 0.000000 
0.3850 0.000000 
0.3950 0.000000 
0.4050 0.000000 
0.4150 0.000000 
0.4250 0.000000 
0.4350 0.000000 
0.4450 0.000000 
0.4550 0.000000 
0.4650 0.000000 
0.4750 0.000000 
0.4850 0.013110 
0.4950 0.026723 
0.5050 0.037452 
0.5150 0.048921 
0.5250 0.051553 
0.5350 0.058370 
0.5450 0.063694 
0.5550 0.081216 
0.5650 0.084450 
0.5750 0.087572 
0.5850 0.094218 
0.5950 0.102640 
0.6050 0.121598 
0.6150 0.131656 
0.6250 0.148600 
0.6350 0.159527 
0.6450 0.151802 
0.6550 0.164037 
0.6650 0.166958 
0.6750 0.173698 
0.6850 0.180490 
0.6950 0.194675 
0.7050 0.205807 
0.7150 0.205090 
0.7250 0.220818 
0.7350 0.229177 
0.7450 0.237200 
0.7550 0.241291 
0.7650 0.252062 
0.7750 0.246195 
0.7850 0.249042 
0.7950 0.259419 
0.8050 0.263195 
0.8150 0.272729 
0.8250 0.276976 
0.8350 0.277350 
0.8450 0.291822 
0.8550 0.307651 
0.8650 0.325872 
0.8750 0.341927 
0.8850 0.364743 
0.8950 0.397521 
0.9050 0.463839 
0.9150 0.546032 
0.9250 0.643404 
0.9350 0.785357 
0.9450 0.983738 
0.9550 1.183160 
0.9650 1.432246 
0.9750 1.744070 
0.9850 2.016632 
0.9950 2.377790 
1.0050 2.655387 
1.0150 2.924853 
1.0250 3.168465 
1.0350 3.368024 
1.0450 3.484004 
1.0550 3.582765 
1.0650 3.617643 
1.0750 3.557182 
1.0850 3.432530 
1.0950 3.267786 
1.1050 3.101148 
1.1150 2.799755 
1.1250 2.529770 
1.1350 2.215386 
1.1450 1.928365 
1.1550 1.644447 
1.1650 1.391738 
1.1750 1.176483 
1.1850 1.028762 
1.1950 0.921403 
1.2050 0.830189 
1.2150 0.761672 
1.2250 0.696150 
1.2350 0.682316 
1.2450 0.665620 
1.2550 0.646334 
1.2650 0.631870 
1.2750 0.621915 
1.2850 0.624663 
1.2950 0.641601 
1.3050 0.637357 
1.3150 0.632204 
1.3250 0.633890 
1.3350 0.631589 
1.3450 0.630273 
1.3550 0.638046 
1.3650 0.650706 
1.3750 0.647977 
1.3850 0.649847 
1.3950 0.635661 
1.4050 0.660858 
1.4150 0.652706 
1.4250 0.655389 
1.4350 0.658392 
1.4450 0.651842 
1.4550 0.666561 
1.4650 0.665931 
1.4750 0.686259 
1.4850 0.693265 
1.4950 0.697494 
1.5050 0.696846 
1.5150 0.695417 
1.5250 0.708562 
1.5350 0.712915 
1.5450 0.718263 
1.5550 0.722773 
1.5650 0.719478 
1.5750 0.727176 
1.5850 0.735154 
1.5950 0.741159 
1.6050 0.721234 
1.6150 0.743535 
1.6250 0.743965 
1.6350 0.745017 
1.6450 0.752909 
1.6550 0.743213 
1.6650 0.749995 
1.6750 0.743746 
1.6850 0.757946 
1.6950 0.772834 
1.7050 0.774125 
1.7150 0.764645 
1.7250 0.766810 
1.7350 0.775693 
1.7450 0.780609 
1.7550 0.766830 
1.7650 0.784661 
1.7750 0.775970 
1.7850 0.794843 
1.7950 0.788476 
1.8050 0.791596 
1.8150 0.800142 
1.8250 0.805411 
1.8350 0.797124 
1.8450 0.817168 
1.8550 0.815537 
1.8650 0.831055 
1.8750 0.838617 
1.8850 0.838394 
1.8950 0.850616 
1.9050 0.847418 
1.9150 0.875436 
1.9250 0.891138 
1.9350 0.894182 
1.9450 0.904838 
1.9550 0.955327 
1.9650 0.967478 
1.9750 1.021424 
1.9850 1.055459 
1.9950 1.103072 
2.0050 1.162909 
2.0150 1.222663 
2.0250 1.269466 
2.0350 1.337559 
2.0450 1.404904 
2.0550 1.462116 
2.0650 1.535905 
2.0750 1.580241 
2.0850 1.656816 
2.0950 1.706925 
2.1050 1.741256 
2.1150 1.779100 
2.1250 1.778790 
2.1350 1.754869 
2.1450 1.711928 
2.1550 1.639089 
2.1650 1.569645 
2.1750 1.473531 
2.1850 1.377631 
2.1950 1.269131 
2.2050 1.176729 
2.2150 1.105608 
2.2250 1.032704 
2.2350 0.989742 
2.2450 0.951310 
2.2550 0.924210 
2.2650 0.907951 
2.2750 0.892210 
2.2850 0.889772 
2.2950 0.890373 
2.3050 0.880586 
2.3150 0.876532 
2.3250 0.872880 
2.3350 0.874896 
2.3450 0.882946 
2.3550 0.876374 
2.3650 0.884639 
2.3750 0.877035 
2.3850 0.875157 
2.3950 0.863874 
2.4050 0.881968 
2.4150 0.888765 
2.4250 0.886905 
2.4350 0.875443 
2.4450 0.890748 
2.4550 0.896771 
2.4650 0.889153 
2.4750 0.882045 
2.4850 0.887342 
2.4950 0.880436 
2.5050 0.885868 
2.5150 0.882625 
2.5250 0.882488 
2.5350 0.884645 
2.5450 0.881344 
2.5550 0.883957 
2.5650 0.884350 
2.5750 0.870133 
2.5850 0.887046 
2.5950 0.891639 
2.6050 0.887370 
2.6150 0.900427 
2.6250 0.905047 
2.6350 0.897661 
2.6450 0.904681 
2.6550 0.912550 
2.6650 0.914329 
2.6750 0.912004 
2.6850 0.911097 
2.6950 0.911783 
2.7050 0.915246 
2.7150 0.923059 
2.7250 0.919114 
2.7350 0.920105 
2.7450 0.921337 
2.7550 0.917875 
2.7650 0.923002 
2.7750 0.920021 
2.7850 0.924460 
2.7950 0.930366 
2.8050 0.929829 
2.8150 0.930359 
2.8250 0.946683 
2.8350 0.927939 
2.8450 0.927087 
2.8550 0.939568 
2.8650 0.949098 
2.8750 0.929296 
2.8850 0.933372 
2.8950 0.942144 
2.9050 0.949238 
2.9150 0.933873 
2.9250 0.937117 
2.9350 0.942611 
2.9450 0.946848 
2.9550 0.970127 
2.9650 0.976233 
2.9750 0.995807 
2.9850 1.003305 
2.9950 1.013665 
3.0050 1.028737 
3.0150 1.061718 
3.0250 1.092955 
3.0350 1.125312 
3.0450 1.172002 
3.0550 1.198850 
3.0650 1.239641 
3.0750 1.280695 
3.0850 1.317519 
3.0950 1.344490 
3.1050 1.363990 
3.1150 1.368129 
3.1250 1.362061 
3.1350 1.342557 
3.1450 1.309717 
3.1550 1.266839 
3.1650 1.237525 
3.1750 1.185286 
3.1850 1.139335 
3.1950 1.108848 
3.2050 1.082846 
3.2150 1.048920 
3.2250 1.021250 
3.2350 1.003584 
3.2450 0.996517 
3.2550 0.981032 
3.2650 0.962500 
3.2750 0.958338 
3.2850 0.961855 
3.2950 0.951310 
3.3050 0.948798 
3.3150 0.952700 
3.3250 0.941839 
3.3350 0.945944 
3.3450 0.946623 
3.3550 0.938503 
3.3650 0.939149 
3.3750 0.932443 
3.3850 0.945812 
3.3950 0.947036 
3.4050 0.937276 
3.4150 0.937215 
3.4250 0.939976 
3.4350 0.928280 
3.4450 0.925168 
3.4550 0.932569 
3.4650 0.934398 
3.4750 0.937620 
3.4850 0.933559 
3.4950 0.941048 
3.5050 0.940514 
3.5150 0.943366 
3.5250 0.952438 
3.5350 0.942633 
3.5450 0.949991 
3.5550 0.949272 
3.5650 0.960240 
3.5750 0.955332 
3.5850 0.948258 
3.5950 0.954902 
3.6050 0.936361 
3.6150 0.950195 
3.6250 0.948686 
3.6350 0.943915 
3.6450 0.944474 
3.6550 0.947814 
3.6650 0.947915 
3.6750 0.949203 
3.6850 0.945841 
3.6950 0.954605 
3.7050 0.956488 
3.7150 0.946111 
3.7250 0.960889 
3.7350 0.956121 
3.7450 0.959647 
3.7550 0.959851 
3.7650 0.968642 
3.7750 0.967167 
3.7850 0.973564 
3.7950 0.976119 
3.8050 0.978660 
3.8150 0.980426 
3.8250 0.983278 
3.8350 0.974739 
3.8450 0.983287 
3.8550 0.971176 
3.8650 0.975284 
3.8750 0.987119 
3.8850 0.990923 
3.8950 0.991633 
3.9050 1.000947 
3.9150 1.004578 
3.9250 1.003765 
3.9350 0.999782 
3.9450 0.999919 
3.9550 1.005180 
3.9650 1.005324 
3.9750 1.037252 
3.9850 1.035081 
3.9950 1.051551 
4.0050 1.050745 
4.0150 1.067137 
4.0250 1.064318 
4.0350 1.066963 
4.0450 1.081671 
4.0550 1.078247 
4.0650 1.088793 
4.0750 1.097062 
4.0850 1.107216 
4.0950 1.109446 
4.1050 1.120418 
4.1150 1.102501 
4.1250 1.112068 
4.1350 1.092044 
4.1450 1.083840 
4.1550 1.075285 
4.1650 1.068064 
4.1750 1.057742 
4.1850 1.037291 
4.1950 1.020321 
4.2050 1.009312 
4.2150 1.010858 
4.2250 1.014745 
4.2350 0.993403 
4.2450 0.989736 
4.2550 0.982366 
4.2650 0.988290 
4.2750 0.980577 
4.2850 0.970265 
4.2950 0.975897 
4.3050 0.971665 
4.3150 0.971081 
4.3250 0.967355 
4.3350 0.970553 
4.3450 0.975805 
4.3550 0.958420 
4.3650 0.962617 
4.3750 0.952616 
4.3850 0.960163 
4.3950 0.960336 
4.4050 0.963189 
4.4150 0.968664 
4.4250 0.973902 
4.4350 0.969779 
4.4450 0.963481 
4.4550 0.967505 
4.4650 0.972641 
4.4750 0.971310 
4.4850 0.972199 
4.4950 0.965871 