
0.0050 0.000000 
0.0150 0.000000 
0.0250 0.000000 
0.0350 0.000000 
0.0450 0.000000 
0.0550 0.000000 
0.0650 0.000000 
0.0750 0.000000 
0.0850 0.000000 
0.0950 0.000000 
0.1050 0.000000 
0.1150 0.000000 
0.1250 0.000000 
0.1350 0.000000 
0.1450 0.000000 
0.1550 0.000000 
0.1650 0.000000 
0.1750 0.000000 
0.1850 0.000000 
0.1950 0.000000 
0.2050 0.000000 
0.2150 0.000000 
0.2250 0.000000 
0.2350 0.000000 
0.2450 0.000000 
0.2550 0.000000 
0.2650 0.000000 
0.2750 0.000000 
0.2850 0.000000 
0.2950 0.000000 
0.3050 0.000000 
0.3150 0.000000 
0.3250 0.000000 
0.3350 0.000000 
0.3450 0.000000 
0.3550 0.000000 
0.3650 0.000000 
0.3750 0.000000 
0.3850 0.000000 
0.3950 0.000000 
0.4050 0.000000 
0.4150 0.000000 
0.4250 0.000000 
0.4350 0.000000 
0.4450 0.002474 
0.4550 0.016758 
0.4650 0.026971 
0.4750 0.041042 
0.4850 0.055237 
0.4950 0.065096 
0.5050 0.080110 
0.5150 0.089441 
0.5250 0.103591 
0.5350 0.111348 
0.5450 0.125052 
0.5550 0.143162 
0.5650 0.152972 
0.5750 0.173224 
0.5850 0.176240 
0.5950 0.190148 
0.6050 0.198545 
0.6150 0.205565 
0.6250 0.218753 
0.6350 0.236480 
0.6450 0.244043 
0.6550 0.267728 
0.6650 0.260663 
0.6750 0.277992 
0.6850 0.290100 
0.6950 0.313365 
0.7050 0.312449 
0.7150 0.309894 
0.7250 0.340145 
0.7350 0.344345 
0.7450 0.353001 
0.7550 0.384195 
0.7650 0.391219 
0.7750 0.397843 
0.7850 0.402023 
0.7950 0.421944 
0.8050 0.433442 
0.8150 0.438602 
0.8250 0.453853 
0.8350 0.480264 
0.8450 0.486504 
0.8550 0.495986 
0.8650 0.510270 
0.8750 0.529097 
0.8850 0.548174 
0.8950 0.538847 
0.9050 0.567093 
0.9150 0.587369 
0.9250 0.610065 
0.9350 0.619885 
0.9450 0.626794 
0.9550 0.651938 
0.9650 0.679036 
0.9750 0.692472 
0.9850 0.742059 
0.9950 0.815237 
1.0050 0.984406 
1.0150 1.016825 
1.0250 1.025331 
1.0350 1.017367 
1.0450 0.999765 
1.0550 0.998090 
1.0650 0.975234 
1.0750 0.996182 
1.0850 0.981385 
1.0950 0.971373 
1.1050 0.996266 
1.1150 0.994330 
1.1250 0.976359 
1.1350 0.990635 
1.1450 0.979861 
1.1550 0.998143 
1.1650 0.996640 
1.1750 1.003945 
1.1850 1.010767 
1.1950 1.022616 
1.2050 1.025207 
1.2150 1.020174 
1.2250 1.012227 
1.2350 1.018086 
1.2450 1.020905 
1.2550 1.024223 
1.2650 1.019800 
1.2750 1.022807 
1.2850 1.033071 
1.2950 1.026311 
1.3050 1.034953 
1.3150 1.027307 
1.3250 1.033235 
1.3350 1.052690 
1.3450 1.042990 
1.3550 1.054026 
1.3650 1.052959 
1.3750 1.058797 
1.3850 1.065353 
1.3950 1.060068 
1.4050 1.067372 
1.4150 1.061845 
1.4250 1.068855 
1.4350 1.071425 
1.4450 1.070120 
1.4550 1.080742 
1.4650 1.072226 
1.4750 1.078928 
1.4850 1.073066 
1.4950 1.072708 
1.5050 1.081883 
1.5150 1.088177 
1.5250 1.084256 
1.5350 1.076047 
1.5450 1.080488 
1.5550 1.083939 
1.5650 1.076762 
1.5750 1.072333 
1.5850 1.073076 
1.5950 1.061337 
1.6050 1.065385 
1.6150 1.057593 
1.6250 1.061877 
1.6350 1.056237 
1.6450 1.039350 
1.6550 1.025298 
1.6650 1.037827 
1.6750 1.042101 
1.6850 1.030715 
1.6950 1.033267 
1.7050 1.015955 
1.7150 1.023195 
1.7250 1.036787 
1.7350 1.011040 
1.7450 1.022589 
1.7550 1.012691 
1.7650 1.006195 
1.7750 1.017576 
1.7850 1.008925 
1.7950 1.008078 
1.8050 1.009465 
1.8150 0.995683 
1.8250 0.988230 
1.8350 0.991983 
1.8450 0.987546 
1.8550 0.984171 
1.8650 1.002772 
1.8750 0.987005 
1.8850 0.980876 
1.8950 0.986172 
1.9050 0.983744 
1.9150 0.976658 
1.9250 0.974615 
1.9350 0.991843 
1.9450 0.970373 
1.9550 0.976391 
1.9650 0.979087 
1.9750 0.986211 
1.9850 0.974540 
1.9950 0.976820 
2.0050 0.980696 
2.0150 0.987671 
2.0250 0.974114 
2.0350 0.967701 
2.0450 0.974262 
2.0550 0.977765 
2.0650 0.982476 
2.0750 0.984794 
2.0850 0.973279 
2.0950 0.986509 
2.1050 0.966002 
2.1150 0.972839 
2.1250 0.973057 
2.1350 0.980317 
2.1450 0.977988 
2.1550 0.975324 
2.1650 0.973829 
2.1750 0.984410 
2.1850 0.974909 
2.1950 0.992787 
2.2050 0.991550 
2.2150 0.990555 
2.2250 0.993680 
2.2350 0.984541 
2.2450 0.994212 
2.2550 0.987804 
2.2650 0.991225 
2.2750 0.992513 
2.2850 0.979128 
2.2950 0.990996 
2.3050 0.980069 
2.3150 1.000690 
2.3250 0.992278 
2.3350 0.988331 
2.3450 0.996846 
2.3550 0.993384 
2.3650 1.001191 
2.3750 0.993169 
2.3850 0.994712 
2.3950 0.991210 
2.4050 1.001028 
2.4150 1.001918 
2.4250 1.005056 
2.4350 0.992266 
2.4450 1.005277 
2.4550 1.002269 
2.4650 1.018047 
2.4750 0.998158 
2.4850 0.997452 
2.4950 1.007372 
2.5050 1.004758 
2.5150 0.995774 
2.5250 1.004094 
2.5350 1.002569 
2.5450 1.007270 
2.5550 1.003569 
2.5650 0.996198 
2.5750 1.007807 
2.5850 1.010067 
2.5950 1.004799 
2.6050 1.002425 
2.6150 1.014586 
2.6250 1.015971 
2.6350 1.002098 
2.6450 1.001128 
2.6550 1.007122 
2.6650 1.001874 
2.6750 0.995195 
2.6850 1.004582 
2.6950 1.005556 
2.7050 1.004279 
2.7150 1.014474 
2.7250 1.006836 
2.7350 1.009289 
2.7450 0.996555 
2.7550 0.999803 
2.7650 1.002841 
2.7750 1.003887 
2.7850 1.009805 
2.7950 1.004271 
2.8050 1.005331 
2.8150 1.010817 
2.8250 1.002161 
2.8350 0.997818 
2.8450 0.995188 
2.8550 0.999196 
2.8650 1.007532 
2.8750 0.994041 
2.8850 0.999137 
2.8950 1.006826 
2.9050 1.001630 
2.9150 1.001485 
2.9250 1.002101 
2.9350 0.992983 
2.9450 1.000504 
2.9550 1.007252 
2.9650 0.997776 
2.9750 0.993278 
2.9850 1.010810 
2.9950 1.002159 
3.0050 1.006199 
3.0150 1.000401 
3.0250 0.996703 
3.0350 1.001398 
3.0450 0.999547 
3.0550 1.005965 
3.0650 1.004027 
3.0750 1.006385 
3.0850 0.997113 
3.0950 0.993565 
3.1050 0.993868 
3.1150 0.995459 
3.1250 1.005770 
3.1350 1.000248 
3.1450 1.001886 
3.1550 1.000802 
3.1650 0.991566 
3.1750 0.991922 
3.1850 1.003178 
3.1950 0.997553 
3.2050 0.998261 
3.2150 1.002051 
3.2250 1.006479 
3.2350 1.005620 
3.2450 0.998467 
3.2550 1.002209 
3.2650 1.001764 
3.2750 0.993774 
3.2850 0.993539 
3.2950 0.999250 
3.3050 0.999879 
3.3150 1.001176 
3.3250 0.999893 
3.3350 0.999181 
3.3450 0.991955 
3.3550 0.999250 
3.3650 0.988380 
3.3750 0.998278 
3.3850 1.009508 
3.3950 1.001702 
3.4050 1.005999 
3.4150 1.001680 
3.4250 1.000832 
3.4350 1.004073 
3.4450 1.000964 
3.4550 0.990495 
3.4650 1.000945 
3.4750 0.999989 
3.4850 0.999406 
3.4950 0.996355 
3.5050 0.998885 
3.5150 0.997823 
3.5250 1.005139 
3.5350 0.990904 
3.5450 0.995278 
3.5550 1.005018 
3.5650 0.998555 
3.5750 1.004116 
3.5850 1.017018 
3.5950 1.002178 
3.6050 1.000920 
3.6150 0.999338 
3.6250 0.999629 
3.6350 0.999918 
3.6450 1.003327 
3.6550 0.998831 
3.6650 0.992795 
3.6750 0.991843 
3.6850 1.004266 
3.6950 1.003589 
3.7050 1.000329 
3.7150 1.006413 
3.7250 1.002911 
3.7350 1.002634 
3.7450 0.998796 
3.7550 1.003748 
3.7650 0.996473 
3.7750 1.002878 
3.7850 1.000390 
3.7950 1.002085 
3.8050 0.995139 
3.8150 1.005897 
3.8250 1.009108 
3.8350 0.998182 
3.8450 0.998993 
3.8550 1.001309 
3.8650 1.004100 
3.8750 1.003742 
3.8850 0.994138 
3.8950 1.004612 
3.9050 1.003620 
3.9150 0.992123 
3.9250 0.990383 
3.9350 0.995956 
3.9450 1.003952 
3.9550 1.003753 
3.9650 1.002260 
3.9750 0.998472 
3.9850 1.005458 
3.9950 1.005513 
4.0050 0.999952 
4.0150 1.002279 
4.0250 0.995563 
4.0350 1.002470 
4.0450 1.003759 
4.0550 1.003775 
4.0650 1.003708 
4.0750 0.998729 
4.0850 1.004727 
4.0950 1.000187 
4.1050 0.999421 
4.1150 0.998596 
4.1250 1.003810 
4.1350 0.999089 
4.1450 1.002460 
4.1550 1.003159 
4.1650 1.009956 
4.1750 1.002827 
4.1850 1.001067 
4.1950 1.002905 
4.2050 1.006037 
4.2150 0.998538 
4.2250 1.004115 
4.2350 0.999322 
4.2450 1.002130 
4.2550 1.000119 
4.2650 1.005059 
4.2750 1.002811 
4.2850 1.004626 
4.2950 0.999839 
4.3050 1.006423 
4.3150 1.003736 
4.3250 1.006225 
4.3350 1.007656 
4.3450 1.001914 
4.3550 0.992563 
4.3650 1.003267 
4.3750 1.003851 
4.3850 1.007417 
4.3950 1.007367 
4.4050 1.002169 
4.4150 1.001781 
4.4250 0.993101 
4.4350 0.999217 
4.4450 0.999782 
4.4550 0.993200 
4.4650 0.997819 
4.4750 1.002034 
4.4850 0.997056 
4.4950 1.002378 