
0.0050 0.000000 
0.0150 0.000000 
0.0250 0.000000 
0.0350 0.000000 
0.0450 0.000000 
0.0550 0.000000 
0.0650 0.000000 
0.0750 0.000000 
0.0850 0.000000 
0.0950 0.000000 
0.1050 0.000000 
0.1150 0.000000 
0.1250 0.000000 
0.1350 0.000000 
0.1450 0.000000 
0.1550 0.000000 
0.1650 0.000000 
0.1750 0.000000 
0.1850 0.000000 
0.1950 0.000000 
0.2050 0.000000 
0.2150 0.000000 
0.2250 0.000000 
0.2350 0.000000 
0.2450 0.000000 
0.2550 0.000000 
0.2650 0.000000 
0.2750 0.000000 
0.2850 0.000000 
0.2950 0.000000 
0.3050 0.000000 
0.3150 0.000000 
0.3250 0.000000 
0.3350 0.000000 
0.3450 0.000000 
0.3550 0.000000 
0.3650 0.000000 
0.3750 0.000000 
0.3850 0.000000 
0.3950 0.000000 
0.4050 0.000000 
0.4150 0.000000 
0.4250 0.000000 
0.4350 0.000000 
0.4450 0.000000 
0.4550 0.000000 
0.4650 0.000000 
0.4750 0.000000 
0.4850 0.000000 
0.4950 0.000000 
0.5050 0.000000 
0.5150 0.000000 
0.5250 0.000000 
0.5350 0.000000 
0.5450 0.000000 
0.5550 0.000000 
0.5650 0.000000 
0.5750 0.000000 
0.5850 0.000000 
0.5950 0.000000 
0.6050 0.000000 
0.6150 0.000000 
0.6250 0.000000 
0.6350 0.000000 
0.6450 0.000000 
0.6550 0.000000 
0.6650 0.000000 
0.6750 0.000000 
0.6850 0.000000 
0.6950 0.000000 
0.7050 0.000000 
0.7150 0.000000 
0.7250 0.000000 
0.7350 0.000000 
0.7450 0.000000 
0.7550 0.000000 
0.7650 0.000000 
0.7750 0.000000 
0.7850 0.000000 
0.7950 0.000000 
0.8050 0.000000 
0.8150 0.000000 
0.8250 0.000000 
0.8350 0.000000 
0.8450 0.000000 
0.8550 0.000000 
0.8650 0.000000 
0.8750 0.000000 
0.8850 0.000000 
0.8950 0.000000 
0.9050 0.000000 
0.9150 0.000000 
0.9250 0.000000 
0.9350 0.032894 
0.9450 0.103053 
0.9550 0.192271 
0.9650 0.281239 
0.9750 0.388931 
0.9850 0.599738 
0.9950 1.659853 
1.0050 2.751385 
1.0150 2.463171 
1.0250 2.088749 
1.0350 1.857993 
1.0450 1.770879 
1.0550 1.690822 
1.0650 1.672619 
1.0750 1.615892 
1.0850 1.555962 
1.0950 1.527100 
1.1050 1.473449 
1.1150 1.489124 
1.1250 1.457982 
1.1350 1.418069 
1.1450 1.400152 
1.1550 1.384390 
1.1650 1.367360 
1.1750 1.346771 
1.1850 1.335310 
1.1950 1.320614 
1.2050 1.291224 
1.2150 1.272707 
1.2250 1.266329 
1.2350 1.242509 
1.2450 1.243327 
1.2550 1.238557 
1.2650 1.212821 
1.2750 1.215324 
1.2850 1.202317 
1.2950 1.205785 
1.3050 1.177227 
1.3150 1.174667 
1.3250 1.167767 
1.3350 1.165381 
1.3450 1.158081 
1.3550 1.144968 
1.3650 1.138924 
1.3750 1.116519 
1.3850 1.112677 
1.3950 1.102038 
1.4050 1.094890 
1.4150 1.104612 
1.4250 1.089040 
1.4350 1.081061 
1.4450 1.063032 
1.4550 1.058977 
1.4650 1.064825 
1.4750 1.058673 
1.4850 1.036334 
1.4950 1.044557 
1.5050 1.036731 
1.5150 1.025403 
1.5250 1.018029 
1.5350 1.022765 
1.5450 0.993786 
1.5550 0.999275 
1.5650 1.009768 
1.5750 0.999474 
1.5850 0.981229 
1.5950 1.003629 
1.6050 0.981914 
1.6150 0.985053 
1.6250 0.980481 
1.6350 0.965258 
1.6450 0.964288 
1.6550 0.955435 
1.6650 0.954534 
1.6750 0.943397 
1.6850 0.948813 
1.6950 0.956684 
1.7050 0.955247 
1.7150 0.943817 
1.7250 0.942768 
1.7350 0.932821 
1.7450 0.935028 
1.7550 0.933706 
1.7650 0.930657 
1.7750 0.923167 
1.7850 0.919254 
1.7950 0.928660 
1.8050 0.921399 
1.8150 0.923773 
1.8250 0.919567 
1.8350 0.925183 
1.8450 0.918191 
1.8550 0.917399 
1.8650 0.930952 
1.8750 0.920396 
1.8850 0.927173 
1.8950 0.934195 
1.9050 0.920245 
1.9150 0.923571 
1.9250 0.931212 
1.9350 0.935904 
1.9450 0.938177 
1.9550 0.950477 
1.9650 0.949869 
1.9750 0.963716 
1.9850 0.968343 
1.9950 0.971724 
2.0050 0.990455 
2.0150 0.996364 
2.0250 1.000611 
2.0350 0.994867 
2.0450 0.994150 
2.0550 1.004708 
2.0650 1.003372 
2.0750 0.997065 
2.0850 0.999589 
2.0950 1.015957 
2.1050 1.008422 
2.1150 1.018210 
2.1250 1.001607 
2.1350 1.001050 
2.1450 1.009899 
2.1550 1.010735 
2.1650 1.000196 
2.1750 1.014074 
2.1850 1.008075 
2.1950 1.008671 
2.2050 1.014416 
2.2150 1.008689 
2.2250 1.017840 
2.2350 1.017043 
2.2450 1.026531 
2.2550 1.019564 
2.2650 1.005300 
2.2750 1.015767 
2.2850 1.020158 
2.2950 1.014234 
2.3050 1.010473 
2.3150 1.009846 
2.3250 1.013563 
2.3350 1.017943 
2.3450 1.021557 
2.3550 1.014035 
2.3650 1.013768 
2.3750 1.019621 
2.3850 1.019440 
2.3950 1.014657 
2.4050 1.012899 
2.4150 1.007581 
2.4250 1.017675 
2.4350 1.021437 
2.4450 1.011290 
2.4550 1.009268 
2.4650 1.000015 
2.4750 1.008347 
2.4850 1.008322 
2.4950 0.997300 
2.5050 1.012368 
2.5150 1.006583 
2.5250 1.013641 
2.5350 1.017609 
2.5450 1.015062 
2.5550 1.009591 
2.5650 1.010529 
2.5750 1.010895 
2.5850 0.998988 
2.5950 1.001109 
2.6050 1.006134 
2.6150 1.011709 
2.6250 1.003238 
2.6350 0.998367 
2.6450 1.012312 
2.6550 0.992985 
2.6650 1.011562 
2.6750 1.000213 
2.6850 1.004328 
2.6950 0.997404 
2.7050 1.006144 
2.7150 0.990605 
2.7250 1.015088 
2.7350 1.008726 
2.7450 1.008858 
2.7550 1.003589 
2.7650 0.989360 
2.7750 1.005642 
2.7850 0.988653 
2.7950 0.995248 
2.8050 1.001734 
2.8150 0.988827 
2.8250 1.000768 
2.8350 1.001497 
2.8450 0.985721 
2.8550 0.989312 
2.8650 0.999564 
2.8750 1.002428 
2.8850 0.992083 
2.8950 0.996666 
2.9050 0.990180 
2.9150 0.995472 
2.9250 1.013853 
2.9350 0.994876 
2.9450 0.999721 
2.9550 0.991077 
2.9650 0.998669 
2.9750 0.994945 
2.9850 0.995399 
2.9950 1.007583 
3.0050 1.000025 
3.0150 0.996628 
3.0250 1.000095 
3.0350 0.995875 
3.0450 0.991066 
3.0550 0.995721 
3.0650 1.000791 
3.0750 1.009972 
3.0850 0.998555 
3.0950 1.001661 
3.1050 1.002296 
3.1150 0.995020 
3.1250 1.007932 
3.1350 0.999784 
3.1450 1.004251 
3.1550 0.996248 
3.1650 1.005562 
3.1750 0.997013 
3.1850 1.005433 
3.1950 1.004084 
3.2050 0.999809 
3.2150 1.003912 
3.2250 0.998312 
3.2350 0.995627 
3.2450 0.990983 
3.2550 0.998137 
3.2650 1.002182 
3.2750 1.000381 
3.2850 1.016813 
3.2950 0.996654 
3.3050 1.005080 
3.3150 0.996506 
3.3250 1.002593 
3.3350 0.998027 
3.3450 1.010389 
3.3550 1.002079 
3.3650 1.000097 
3.3750 1.003626 
3.3850 1.001069 
3.3950 0.999838 
3.4050 1.003185 
3.4150 0.996996 
3.4250 1.008098 
3.4350 1.001832 
3.4450 1.006425 
3.4550 0.999704 
3.4650 0.999489 
3.4750 0.997995 
3.4850 1.003505 
3.4950 0.998851 
3.5050 1.006938 
3.5150 1.009990 
3.5250 0.996040 
3.5350 0.998525 
3.5450 0.998222 
3.5550 1.000109 
3.5650 0.995869 
3.5750 1.006748 
3.5850 1.005279 
3.5950 1.000703 
3.6050 0.995582 
3.6150 0.996144 
3.6250 1.007770 
3.6350 0.996601 
3.6450 1.005932 
3.6550 1.004986 
3.6650 0.991161 
3.6750 1.002247 
3.6850 1.005891 
3.6950 1.005603 
3.7050 0.998598 
3.7150 1.000495 
3.7250 1.005092 
3.7350 1.006665 
3.7450 1.004917 
3.7550 1.005525 
3.7650 1.010695 
3.7750 1.000544 
3.7850 1.008255 
3.7950 0.996856 
3.8050 1.005930 
3.8150 0.995404 
3.8250 0.998105 
3.8350 1.003736 
3.8450 1.006357 
3.8550 1.002929 
3.8650 0.992082 
3.8750 1.007848 
3.8850 1.001337 
3.8950 1.001625 
3.9050 1.003598 
3.9150 1.005845 
3.9250 0.998752 
3.9350 1.001326 
3.9450 1.004125 
3.9550 0.997221 
3.9650 1.004201 
3.9750 0.999118 
3.9850 0.997386 
3.9950 0.998404 
4.0050 1.002728 
4.0150 0.994226 
4.0250 0.996498 
4.0350 0.999925 
4.0450 1.001453 
4.0550 1.001940 
4.0650 0.992597 
4.0750 1.002739 
4.0850 1.003847 
4.0950 1.000041 
4.1050 1.001755 
4.1150 0.994355 
4.1250 1.013868 
4.1350 0.997806 
4.1450 0.999798 
4.1550 1.004354 
4.1650 1.002911 
4.1750 1.006044 
4.1850 1.000188 
4.1950 1.005271 
4.2050 1.004389 
4.2150 1.003125 
4.2250 1.004601 
4.2350 1.006029 
4.2450 1.005415 
4.2550 1.009992 
4.2650 1.004417 
4.2750 1.005532 
4.2850 0.999635 
4.2950 1.003724 
4.3050 1.000679 
4.3150 1.007186 
4.3250 1.002803 
4.3350 0.997275 
4.3450 0.996597 
4.3550 1.009969 
4.3650 1.001954 
4.3750 0.994993 
4.3850 1.006305 
4.3950 1.011864 
4.4050 1.010618 
4.4150 0.999960 
4.4250 0.994647 
4.4350 0.997211 
4.4450 1.004613 
4.4550 0.999326 
4.4650 0.992339 
4.4750 0.996395 
4.4850 1.007796 
4.4950 1.002112 