
0.0050 0.188435 
0.0150 0.179869 
0.0250 0.199855 
0.0350 0.207706 
0.0450 0.203852 
0.0550 0.195572 
0.0650 0.211683 
0.0750 0.216272 
0.0850 0.196048 
0.0950 0.208991 
0.1050 0.209459 
0.1150 0.205565 
0.1250 0.218084 
0.1350 0.208624 
0.1450 0.231261 
0.1550 0.229119 
0.1650 0.243353 
0.1750 0.251722 
0.1850 0.226753 
0.1950 0.248819 
0.2050 0.253694 
0.2150 0.267468 
0.2250 0.254722 
0.2350 0.256243 
0.2450 0.264494 
0.2550 0.275075 
0.2650 0.267742 
0.2750 0.283264 
0.2850 0.289741 
0.2950 0.286364 
0.3050 0.295638 
0.3150 0.303262 
0.3250 0.311203 
0.3350 0.308600 
0.3450 0.320829 
0.3550 0.321671 
0.3650 0.318071 
0.3750 0.327056 
0.3850 0.332506 
0.3950 0.321624 
0.4050 0.334879 
0.4150 0.337510 
0.4250 0.341015 
0.4350 0.355651 
0.4450 0.363927 
0.4550 0.349312 
0.4650 0.345160 
0.4750 0.350996 
0.4850 0.355369 
0.4950 0.362994 
0.5050 0.363602 
0.5150 0.363857 
0.5250 0.387858 
0.5350 0.373856 
0.5450 0.375935 
0.5550 0.395376 
0.5650 0.397756 
0.5750 0.396510 
0.5850 0.389499 
0.5950 0.402422 
0.6050 0.400178 
0.6150 0.407262 
0.6250 0.406508 
0.6350 0.407115 
0.6450 0.436694 
0.6550 0.425276 
0.6650 0.416500 
0.6750 0.433425 
0.6850 0.441792 
0.6950 0.441476 
0.7050 0.451423 
0.7150 0.452648 
0.7250 0.475780 
0.7350 0.486134 
0.7450 0.478282 
0.7550 0.494303 
0.7650 0.508240 
0.7750 0.507434 
0.7850 0.537440 
0.7950 0.552028 
0.8050 0.561392 
0.8150 0.563633 
0.8250 0.577275 
0.8350 0.598240 
0.8450 0.606316 
0.8550 0.641893 
0.8650 0.672222 
0.8750 0.692322 
0.8850 0.724001 
0.8950 0.752026 
0.9050 0.773787 
0.9150 0.816768 
0.9250 0.857811 
0.9350 0.892332 
0.9450 0.951821 
0.9550 0.985000 
0.9650 1.022881 
0.9750 1.061999 
0.9850 1.098511 
0.9950 1.135833 
1.0050 1.193957 
1.0150 1.209207 
1.0250 1.231229 
1.0350 1.281900 
1.0450 1.292777 
1.0550 1.309347 
1.0650 1.318883 
1.0750 1.339822 
1.0850 1.339788 
1.0950 1.361480 
1.1050 1.362255 
1.1150 1.353151 
1.1250 1.360353 
1.1350 1.361869 
1.1450 1.346601 
1.1550 1.340161 
1.1650 1.340054 
1.1750 1.301622 
1.1850 1.279672 
1.1950 1.259729 
1.2050 1.253778 
1.2150 1.221456 
1.2250 1.186387 
1.2350 1.172260 
1.2450 1.134103 
1.2550 1.115789 
1.2650 1.100259 
1.2750 1.047098 
1.2850 1.039379 
1.2950 1.013331 
1.3050 1.000823 
1.3150 0.964560 
1.3250 0.970510 
1.3350 0.958345 
1.3450 0.928723 
1.3550 0.897962 
1.3650 0.889845 
1.3750 0.899782 
1.3850 0.886839 
1.3950 0.866127 
1.4050 0.878633 
1.4150 0.867077 
1.4250 0.864787 
1.4350 0.868120 
1.4450 0.846657 
1.4550 0.848660 
1.4650 0.854016 
1.4750 0.848362 
1.4850 0.841404 
1.4950 0.837906 
1.5050 0.853912 
1.5150 0.840800 
1.5250 0.853107 
1.5350 0.840337 
1.5450 0.846685 
1.5550 0.860201 
1.5650 0.844956 
1.5750 0.849745 
1.5850 0.851565 
1.5950 0.861072 
1.6050 0.853596 
1.6150 0.854407 
1.6250 0.856574 
1.6350 0.850046 
1.6450 0.846399 
1.6550 0.865241 
1.6650 0.853957 
1.6750 0.877017 
1.6850 0.870256 
1.6950 0.869924 
1.7050 0.877459 
1.7150 0.870913 
1.7250 0.884495 
1.7350 0.879018 
1.7450 0.882952 
1.7550 0.883434 
1.7650 0.895041 
1.7750 0.896075 
1.7850 0.894659 
1.7950 0.898824 
1.8050 0.896366 
1.8150 0.897465 
1.8250 0.906696 
1.8350 0.908565 
1.8450 0.920413 
1.8550 0.920208 
1.8650 0.929669 
1.8750 0.928187 
1.8850 0.928306 
1.8950 0.929281 
1.9050 0.937106 
1.9150 0.930932 
1.9250 0.949763 
1.9350 0.959083 
1.9450 0.963126 
1.9550 0.953449 
1.9650 0.965782 
1.9750 0.975051 
1.9850 0.969375 
1.9950 0.972366 
2.0050 0.998125 
2.0150 0.984321 
2.0250 0.998333 
2.0350 0.993271 
2.0450 1.003802 
2.0550 1.010820 
2.0650 1.005978 
2.0750 1.014114 
2.0850 1.013073 
2.0950 1.016528 
2.1050 1.031114 
2.1150 1.021725 
2.1250 1.026580 
2.1350 1.029987 
2.1450 1.041212 
2.1550 1.032822 
2.1650 1.028063 
2.1750 1.033484 
2.1850 1.037056 
2.1950 1.047721 
2.2050 1.042786 
2.2150 1.040172 
2.2250 1.037236 
2.2350 1.040521 
2.2450 1.044157 
2.2550 1.041129 
2.2650 1.040919 
2.2750 1.044919 
2.2850 1.042263 
2.2950 1.046520 
2.3050 1.039320 
2.3150 1.043959 
2.3250 1.033671 
2.3350 1.041260 
2.3450 1.033657 
2.3550 1.045828 
2.3650 1.030464 
2.3750 1.044272 
2.3850 1.018508 
2.3950 1.025898 
2.4050 1.029426 
2.4150 1.012784 
2.4250 1.012176 
2.4350 1.013328 
2.4450 1.000906 
2.4550 1.000668 
2.4650 1.004419 
2.4750 0.986830 
2.4850 1.000720 
2.4950 0.989043 
2.5050 0.994282 
2.5150 0.986767 
2.5250 0.988250 
2.5350 0.998455 
2.5450 0.990710 
2.5550 0.975364 
2.5650 0.994565 
2.5750 0.982111 
2.5850 0.988803 
2.5950 0.986713 
2.6050 0.982178 
2.6150 0.981339 
2.6250 0.971647 
2.6350 0.992786 
2.6450 0.971522 
2.6550 0.982005 
2.6650 0.970404 
2.6750 0.982443 
2.6850 0.979905 
2.6950 0.976213 
2.7050 0.967553 
2.7150 0.975207 
2.7250 0.980576 
2.7350 0.974653 
2.7450 0.975718 
2.7550 0.972835 
2.7650 0.968581 
2.7750 0.979362 
2.7850 0.979259 
2.7950 0.984358 
2.8050 0.984299 
2.8150 0.988189 
2.8250 0.987905 
2.8350 0.984879 
2.8450 0.982445 
2.8550 0.987216 
2.8650 0.980672 
2.8750 0.985803 
2.8850 0.989831 
2.8950 0.989164 
2.9050 0.990651 
2.9150 0.981656 
2.9250 0.979417 
2.9350 0.992691 
2.9450 0.987845 
2.9550 0.985839 
2.9650 0.991546 
2.9750 0.993421 
2.9850 0.990471 
2.9950 0.987827 
3.0050 0.994362 
3.0150 0.995352 
3.0250 0.987940 
3.0350 0.996890 
3.0450 1.003956 
3.0550 1.002130 
3.0650 0.992170 
3.0750 0.996374 
3.0850 0.987245 
3.0950 1.009563 
3.1050 1.003039 
3.1150 0.999385 
3.1250 1.008233 
3.1350 1.002513 
3.1450 1.003707 
3.1550 0.996276 
3.1650 1.003508 
3.1750 1.004231 
3.1850 1.014723 
3.1950 1.005075 
3.2050 1.012857 
3.2150 1.007370 
3.2250 1.003165 
3.2350 1.008951 
3.2450 1.010854 
3.2550 1.010433 
3.2650 1.008574 
3.2750 1.003880 
3.2850 1.008977 
3.2950 1.005453 
3.3050 1.013697 
3.3150 1.011495 
3.3250 1.019106 
3.3350 1.019261 
3.3450 1.005403 
3.3550 1.010262 
3.3650 1.002410 
3.3750 1.005804 
3.3850 1.003545 
3.3950 1.004095 
3.4050 1.011876 
3.4150 1.006088 
3.4250 0.999084 
3.4350 1.007957 
3.4450 1.005631 
3.4550 1.004829 
3.4650 1.004080 
3.4750 1.001589 
3.4850 0.997173 
3.4950 0.995082 
3.5050 1.002155 
3.5150 1.010744 
3.5250 1.002155 
3.5350 0.990903 
3.5450 1.004036 
3.5550 0.998257 
3.5650 0.994813 
3.5750 0.990886 
3.5850 0.995522 
3.5950 1.000726 
3.6050 0.999520 
3.6150 0.990347 
3.6250 0.994533 
3.6350 0.988388 
3.6450 0.994293 
3.6550 0.998574 
3.6650 0.993705 
3.6750 0.991121 
3.6850 0.995306 
3.6950 1.000487 
3.7050 0.992688 
3.7150 0.995269 
3.7250 0.993014 
3.7350 0.994962 
3.7450 0.994433 
3.7550 0.993815 
3.7650 0.989089 
3.7750 0.997802 
3.7850 0.982468 
3.7950 0.994422 
3.8050 0.991564 
3.8150 0.995426 
3.8250 0.998575 
3.8350 0.992450 
3.8450 0.997503 
3.8550 0.991657 
3.8650 0.998899 
3.8750 0.990497 
3.8850 0.994864 
3.8950 0.987350 
3.9050 0.992185 
3.9150 0.994701 
3.9250 0.996267 
3.9350 1.004000 
3.9450 1.014425 
3.9550 0.995490 
3.9650 0.997665 
3.9750 0.992726 
3.9850 0.998631 
3.9950 0.995406 
4.0050 0.992540 
4.0150 0.995888 
4.0250 0.998815 
4.0350 0.985254 
4.0450 0.995955 
4.0550 0.990780 
4.0650 0.994765 
4.0750 1.006728 
4.0850 0.991303 
4.0950 0.992604 
4.1050 1.004027 
4.1150 1.003814 
4.1250 0.999351 
4.1350 1.003330 
4.1450 0.993730 
4.1550 1.002151 
4.1650 1.008786 
4.1750 1.002089 
4.1850 0.993626 
4.1950 0.998072 
4.2050 1.000849 
4.2150 1.002922 
4.2250 0.995671 
4.2350 1.008190 
4.2450 1.002211 
4.2550 1.003035 
4.2650 0.993545 
4.2750 1.009935 
4.2850 1.000733 
4.2950 1.006393 
4.3050 1.007377 
4.3150 1.005302 
4.3250 0.999104 
4.3350 1.002071 
4.3450 1.009100 
4.3550 1.010185 
4.3650 1.000954 
4.3750 0.998258 
4.3850 0.998970 
4.3950 0.999658 
4.4050 1.002674 
4.4150 1.003932 
4.4250 1.000525 
4.4350 1.002709 
4.4450 1.000610 
4.4550 1.006874 
4.4650 0.995769 
4.4750 0.998937 
4.4850 0.994939 
4.4950 0.995906 