
0.0050 0.042826 
0.0150 0.158457 
0.0250 0.208421 
0.0350 0.205565 
0.0450 0.193574 
0.0550 0.181297 
0.0650 0.185988 
0.0750 0.189505 
0.0850 0.178918 
0.0950 0.181582 
0.1050 0.209458 
0.1150 0.188435 
0.1250 0.183164 
0.1350 0.202506 
0.1450 0.199284 
0.1550 0.210918 
0.1650 0.198008 
0.1750 0.213655 
0.1850 0.244334 
0.1950 0.203424 
0.2050 0.236155 
0.2150 0.238658 
0.2250 0.240571 
0.2350 0.235543 
0.2450 0.240854 
0.2550 0.235214 
0.2650 0.243316 
0.2750 0.234014 
0.2850 0.258138 
0.2950 0.250675 
0.3050 0.240102 
0.3150 0.240629 
0.3250 0.265781 
0.3350 0.246124 
0.3450 0.239337 
0.3550 0.249105 
0.3650 0.255799 
0.3750 0.270931 
0.3850 0.258714 
0.3950 0.256528 
0.4050 0.256747 
0.4150 0.266134 
0.4250 0.267713 
0.4350 0.271946 
0.4450 0.267425 
0.4550 0.275577 
0.4650 0.293404 
0.4750 0.290861 
0.4850 0.299433 
0.4950 0.298926 
0.5050 0.303813 
0.5150 0.312137 
0.5250 0.302045 
0.5350 0.321037 
0.5450 0.296201 
0.5550 0.311407 
0.5650 0.316011 
0.5750 0.317503 
0.5850 0.323591 
0.5950 0.336471 
0.6050 0.332920 
0.6150 0.336116 
0.6250 0.338258 
0.6350 0.343144 
0.6450 0.344453 
0.6550 0.341570 
0.6650 0.328163 
0.6750 0.342105 
0.6850 0.346953 
0.6950 0.352275 
0.7050 0.350571 
0.7150 0.345940 
0.7250 0.357040 
0.7350 0.363212 
0.7450 0.353915 
0.7550 0.380701 
0.7650 0.381987 
0.7750 0.388839 
0.7850 0.391072 
0.7950 0.423336 
0.8050 0.416100 
0.8150 0.438393 
0.8250 0.462418 
0.8350 0.495355 
0.8450 0.533764 
0.8550 0.568491 
0.8650 0.601830 
0.8750 0.667211 
0.8850 0.719959 
0.8950 0.770108 
0.9050 0.854074 
0.9150 0.929326 
0.9250 1.005907 
0.9350 1.096257 
0.9450 1.187770 
0.9550 1.271221 
0.9650 1.374231 
0.9750 1.477500 
0.9850 1.596764 
0.9950 1.679639 
1.0050 1.757566 
1.0150 1.842865 
1.0250 1.909212 
1.0350 1.968023 
1.0450 2.039092 
1.0550 2.069469 
1.0650 2.113927 
1.0750 2.126156 
1.0850 2.151519 
1.0950 2.154619 
1.1050 2.182201 
1.1150 2.137251 
1.1250 2.123795 
1.1350 2.086532 
1.1450 2.056992 
1.1550 1.992373 
1.1650 1.949941 
1.1750 1.892768 
1.1850 1.829718 
1.1950 1.766576 
1.2050 1.684587 
1.2150 1.586601 
1.2250 1.546892 
1.2350 1.472457 
1.2450 1.389963 
1.2550 1.317276 
1.2650 1.234133 
1.2750 1.159784 
1.2850 1.093094 
1.2950 1.039817 
1.3050 0.990427 
1.3150 0.929521 
1.3250 0.883763 
1.3350 0.858951 
1.3450 0.826131 
1.3550 0.806705 
1.3650 0.774120 
1.3750 0.763608 
1.3850 0.737471 
1.3950 0.734529 
1.4050 0.702469 
1.4150 0.710430 
1.4250 0.693662 
1.4350 0.703180 
1.4450 0.693783 
1.4550 0.687798 
1.4650 0.698269 
1.4750 0.693667 
1.4850 0.701600 
1.4950 0.686759 
1.5050 0.696562 
1.5150 0.702122 
1.5250 0.712089 
1.5350 0.705351 
1.5450 0.698093 
1.5550 0.710748 
1.5650 0.698365 
1.5750 0.714436 
1.5850 0.700785 
1.5950 0.715891 
1.6050 0.713041 
1.6150 0.713821 
1.6250 0.727465 
1.6350 0.714934 
1.6450 0.720153 
1.6550 0.729385 
1.6650 0.718298 
1.6750 0.728197 
1.6850 0.726472 
1.6950 0.738271 
1.7050 0.741768 
1.7150 0.741340 
1.7250 0.743639 
1.7350 0.730800 
1.7450 0.746397 
1.7550 0.757973 
1.7650 0.756449 
1.7750 0.762930 
1.7850 0.762448 
1.7950 0.758593 
1.8050 0.764528 
1.8150 0.769787 
1.8250 0.775924 
1.8350 0.782693 
1.8450 0.785685 
1.8550 0.806742 
1.8650 0.815802 
1.8750 0.820256 
1.8850 0.826974 
1.8950 0.832449 
1.9050 0.867329 
1.9150 0.864061 
1.9250 0.888253 
1.9350 0.898994 
1.9450 0.899304 
1.9550 0.918226 
1.9650 0.938435 
1.9750 0.955974 
1.9850 0.965545 
1.9950 0.994079 
2.0050 1.008650 
2.0150 1.023925 
2.0250 1.044872 
2.0350 1.043991 
2.0450 1.071655 
2.0550 1.089653 
2.0650 1.115671 
2.0750 1.141068 
2.0850 1.145935 
2.0950 1.160505 
2.1050 1.184598 
2.1150 1.187333 
2.1250 1.203433 
2.1350 1.219943 
2.1450 1.227654 
2.1550 1.221971 
2.1650 1.246298 
2.1750 1.242232 
2.1850 1.253024 
2.1950 1.253636 
2.2050 1.252420 
2.2150 1.255499 
2.2250 1.242763 
2.2350 1.246239 
2.2450 1.240091 
2.2550 1.240251 
2.2650 1.229128 
2.2750 1.216336 
2.2850 1.217607 
2.2950 1.199875 
2.3050 1.179701 
2.3150 1.169226 
2.3250 1.156745 
2.3350 1.135147 
2.3450 1.123757 
2.3550 1.109268 
2.3650 1.087023 
2.3750 1.083284 
2.3850 1.059112 
2.3950 1.037783 
2.4050 1.029994 
2.4150 1.012925 
2.4250 0.993671 
2.4350 0.983877 
2.4450 0.973148 
2.4550 0.961463 
2.4650 0.943526 
2.4750 0.943728 
2.4850 0.929825 
2.4950 0.927784 
2.5050 0.926852 
2.5150 0.909612 
2.5250 0.911671 
2.5350 0.909835 
2.5450 0.904453 
2.5550 0.899080 
2.5650 0.901748 
2.5750 0.902834 
2.5850 0.902523 
2.5950 0.890288 
2.6050 0.897969 
2.6150 0.899936 
2.6250 0.891141 
2.6350 0.893410 
2.6450 0.872812 
2.6550 0.890686 
2.6650 0.885649 
2.6750 0.894202 
2.6850 0.901736 
2.6950 0.905661 
2.7050 0.900802 
2.7150 0.906527 
2.7250 0.894924 
2.7350 0.898723 
2.7450 0.901029 
2.7550 0.900496 
2.7650 0.906552 
2.7750 0.911210 
2.7850 0.905825 
2.7950 0.919721 
2.8050 0.906084 
2.8150 0.914686 
2.8250 0.921956 
2.8350 0.909964 
2.8450 0.922699 
2.8550 0.921300 
2.8650 0.924596 
2.8750 0.930099 
2.8850 0.935446 
2.8950 0.919077 
2.9050 0.933314 
2.9150 0.946192 
2.9250 0.937731 
2.9350 0.937221 
2.9450 0.948300 
2.9550 0.950044 
2.9650 0.955007 
2.9750 0.967496 
2.9850 0.971336 
2.9950 0.973865 
3.0050 0.973532 
3.0150 0.981256 
3.0250 0.991897 
3.0350 1.003708 
3.0450 1.000670 
3.0550 1.003950 
3.0650 1.009803 
3.0750 1.005467 
3.0850 1.018180 
3.0950 1.019427 
3.1050 1.042175 
3.1150 1.047729 
3.1250 1.045312 
3.1350 1.063069 
3.1450 1.061516 
3.1550 1.073796 
3.1650 1.080676 
3.1750 1.087298 
3.1850 1.090897 
3.1950 1.103387 
3.2050 1.107795 
3.2150 1.104328 
3.2250 1.103110 
3.2350 1.119717 
3.2450 1.119197 
3.2550 1.118996 
3.2650 1.128120 
3.2750 1.130425 
3.2850 1.125506 
3.2950 1.117579 
3.3050 1.127296 
3.3150 1.112420 
3.3250 1.110957 
3.3350 1.098323 
3.3450 1.095274 
3.3550 1.087579 
3.3650 1.082979 
3.3750 1.069131 
3.3850 1.066129 
3.3950 1.045889 
3.4050 1.040285 
3.4150 1.035189 
3.4250 1.017138 
3.4350 1.000661 
3.4450 0.993019 
3.4550 0.989580 
3.4650 0.984506 
3.4750 0.978601 
3.4850 0.972851 
3.4950 0.969093 
3.5050 0.958035 
3.5150 0.955265 
3.5250 0.958455 
3.5350 0.964966 
3.5450 0.952404 
3.5550 0.958149 
3.5650 0.942606 
3.5750 0.961529 
3.5850 0.944011 
3.5950 0.957877 
3.6050 0.951949 
3.6150 0.953105 
3.6250 0.954042 
3.6350 0.944456 
3.6450 0.953578 
3.6550 0.958977 
3.6650 0.951626 
3.6750 0.958396 
3.6850 0.958027 
3.6950 0.960045 
3.7050 0.948638 
3.7150 0.945996 
3.7250 0.951910 
3.7350 0.959419 
3.7450 0.954394 
3.7550 0.958165 
3.7650 0.958282 
3.7750 0.960029 
3.7850 0.964027 
3.7950 0.964105 
3.8050 0.963171 
3.8150 0.963744 
3.8250 0.971358 
3.8350 0.970524 
3.8450 0.960461 
3.8550 0.967093 
3.8650 0.974708 
3.8750 0.976457 
3.8850 0.969807 
3.8950 0.975534 
3.9050 0.967365 
3.9150 0.973419 
3.9250 0.960285 
3.9350 0.968652 
3.9450 0.975676 
3.9550 0.971352 
3.9650 0.971019 
3.9750 0.967138 
3.9850 0.970338 
3.9950 0.975493 
4.0050 0.976456 
4.0150 0.979311 
4.0250 0.991142 
4.0350 0.983855 
4.0450 0.994982 
4.0550 1.004071 
4.0650 1.002930 
4.0750 1.003977 
4.0850 1.013690 
4.0950 1.019490 
4.1050 1.017176 
4.1150 1.019219 
4.1250 1.025441 
4.1350 1.040922 
4.1450 1.034224 
4.1550 1.038265 
4.1650 1.041054 
4.1750 1.035551 
4.1850 1.040439 
4.1950 1.049158 
4.2050 1.046442 
4.2150 1.054739 
4.2250 1.045969 
4.2350 1.057158 
4.2450 1.060656 
4.2550 1.047892 
4.2650 1.057614 
4.2750 1.064108 
4.2850 1.055957 
4.2950 1.053183 
4.3050 1.043843 
4.3150 1.054374 
4.3250 1.044066 
4.3350 1.037595 
4.3450 1.027787 
4.3550 1.026392 
4.3650 1.022887 
4.3750 1.009933 
4.3850 1.014091 
4.3950 1.006822 
4.4050 0.999994 
4.4150 0.992422 
4.4250 0.994474 
4.4350 0.986949 
4.4450 0.991718 
4.4550 0.983118 
4.4650 0.981934 
4.4750 0.986166 
4.4850 0.979048 
4.4950 0.992461 