
0.0050 0.000000 
0.0150 0.000000 
0.0250 0.000000 
0.0350 0.000000 
0.0450 0.000000 
0.0550 0.000000 
0.0650 0.000000 
0.0750 0.000000 
0.0850 0.000000 
0.0950 0.000000 
0.1050 0.000000 
0.1150 0.000000 
0.1250 0.000000 
0.1350 0.000000 
0.1450 0.000000 
0.1550 0.000000 
0.1650 0.000000 
0.1750 0.000000 
0.1850 0.001803 
0.1950 0.011135 
0.2050 0.023656 
0.2150 0.031536 
0.2250 0.041709 
0.2350 0.055317 
0.2450 0.067151 
0.2550 0.077416 
0.2650 0.084066 
0.2750 0.103088 
0.2850 0.095990 
0.2950 0.110206 
0.3050 0.127926 
0.3150 0.131958 
0.3250 0.138601 
0.3350 0.128730 
0.3450 0.155887 
0.3550 0.164881 
0.3650 0.173156 
0.3750 0.176038 
0.3850 0.184921 
0.3950 0.187150 
0.4050 0.204521 
0.4150 0.207401 
0.4250 0.223692 
0.4350 0.206538 
0.4450 0.232403 
0.4550 0.239454 
0.4650 0.245293 
0.4750 0.242681 
0.4850 0.250664 
0.4950 0.264323 
0.5050 0.277278 
0.5150 0.273263 
0.5250 0.280390 
0.5350 0.286459 
0.5450 0.293709 
0.5550 0.295959 
0.5650 0.306996 
0.5750 0.334782 
0.5850 0.346674 
0.5950 0.334329 
0.6050 0.336430 
0.6150 0.349102 
0.6250 0.345464 
0.6350 0.347025 
0.6450 0.368831 
0.6550 0.374923 
0.6650 0.396173 
0.6750 0.397149 
0.6850 0.385063 
0.6950 0.405502 
0.7050 0.407029 
0.7150 0.419577 
0.7250 0.421690 
0.7350 0.435437 
0.7450 0.448018 
0.7550 0.434459 
0.7650 0.464524 
0.7750 0.453517 
0.7850 0.468160 
0.7950 0.493892 
0.8050 0.499955 
0.8150 0.482054 
0.8250 0.502561 
0.8350 0.495865 
0.8450 0.523889 
0.8550 0.520685 
0.8650 0.532126 
0.8750 0.540193 
0.8850 0.550099 
0.8950 0.567207 
0.9050 0.574340 
0.9150 0.589138 
0.9250 0.592934 
0.9350 0.609771 
0.9450 0.630941 
0.9550 0.635343 
0.9650 0.653782 
0.9750 0.685392 
0.9850 0.742232 
0.9950 0.960418 
1.0050 1.500270 
1.0150 1.628231 
1.0250 1.615001 
1.0350 1.518679 
1.0450 1.419705 
1.0550 1.341507 
1.0650 1.223705 
1.0750 1.171927 
1.0850 1.094619 
1.0950 1.061853 
1.1050 1.007069 
1.1150 0.985918 
1.1250 0.965292 
1.1350 0.941948 
1.1450 0.959974 
1.1550 0.936045 
1.1650 0.933389 
1.1750 0.926423 
1.1850 0.923676 
1.1950 0.912624 
1.2050 0.905577 
1.2150 0.910300 
1.2250 0.913623 
1.2350 0.906186 
1.2450 0.912024 
1.2550 0.909952 
1.2650 0.936643 
1.2750 0.912530 
1.2850 0.918935 
1.2950 0.898162 
1.3050 0.916609 
1.3150 0.926925 
1.3250 0.930517 
1.3350 0.928559 
1.3450 0.927517 
1.3550 0.921391 
1.3650 0.947613 
1.3750 0.927029 
1.3850 0.952835 
1.3950 0.930794 
1.4050 0.938103 
1.4150 0.937107 
1.4250 0.948163 
1.4350 0.943185 
1.4450 0.939338 
1.4550 0.947864 
1.4650 0.961227 
1.4750 0.948887 
1.4850 0.958442 
1.4950 0.967813 
1.5050 0.955731 
1.5150 0.957445 
1.5250 0.974307 
1.5350 0.978549 
1.5450 0.976269 
1.5550 0.978302 
1.5650 0.968088 
1.5750 0.973236 
1.5850 0.982414 
1.5950 0.977131 
1.6050 0.977765 
1.6150 0.977122 
1.6250 0.989624 
1.6350 0.991267 
1.6450 0.987699 
1.6550 1.002285 
1.6650 1.011157 
1.6750 1.007433 
1.6850 1.005222 
1.6950 1.005607 
1.7050 0.996771 
1.7150 1.004322 
1.7250 1.010646 
1.7350 1.006363 
1.7450 0.998606 
1.7550 1.027875 
1.7650 1.011760 
1.7750 1.003959 
1.7850 1.026821 
1.7950 1.018737 
1.8050 1.012399 
1.8150 1.021002 
1.8250 1.019121 
1.8350 1.016281 
1.8450 1.025094 
1.8550 1.016820 
1.8650 1.015642 
1.8750 1.014022 
1.8850 1.020756 
1.8950 1.010606 
1.9050 1.019978 
1.9150 1.020555 
1.9250 0.998713 
1.9350 1.017142 
1.9450 1.004063 
1.9550 0.997061 
1.9650 1.004478 
1.9750 1.015714 
1.9850 1.014526 
1.9950 1.017890 
2.0050 1.014914 
2.0150 1.019261 
2.0250 1.026940 
2.0350 1.012291 
2.0450 1.027659 
2.0550 1.006579 
2.0650 1.022447 
2.0750 1.016214 
2.0850 1.009958 
2.0950 1.002946 
2.1050 1.004566 
2.1150 1.003342 
2.1250 1.005026 
2.1350 0.995766 
2.1450 1.004042 
2.1550 0.999553 
2.1650 0.998815 
2.1750 0.989479 
2.1850 1.003929 
2.1950 0.985857 
2.2050 0.998100 
2.2150 0.996266 
2.2250 0.993872 
2.2350 0.990277 
2.2450 0.990139 
2.2550 0.986516 
2.2650 0.986698 
2.2750 0.993227 
2.2850 0.988479 
2.2950 0.991666 
2.3050 1.003243 
2.3150 1.000026 
2.3250 0.982794 
2.3350 0.996127 
2.3450 0.991487 
2.3550 0.989174 
2.3650 0.999131 
2.3750 0.988095 
2.3850 0.993063 
2.3950 0.996349 
2.4050 0.988945 
2.4150 0.981496 
2.4250 0.988806 
2.4350 0.997041 
2.4450 0.993425 
2.4550 1.000320 
2.4650 0.984688 
2.4750 0.998400 
2.4850 0.984828 
2.4950 0.992914 
2.5050 0.986842 
2.5150 0.995740 
2.5250 0.993532 
2.5350 0.991171 
2.5450 0.993934 
2.5550 0.997613 
2.5650 0.991965 
2.5750 0.984037 
2.5850 0.997368 
2.5950 0.987668 
2.6050 0.989988 
2.6150 1.002686 
2.6250 0.991709 
2.6350 0.987692 
2.6450 0.994179 
2.6550 1.002903 
2.6650 1.000847 
2.6750 0.993789 
2.6850 1.002831 
2.6950 1.001242 
2.7050 0.994229 
2.7150 1.005531 
2.7250 1.000468 
2.7350 0.998723 
2.7450 1.004062 
2.7550 0.990834 
2.7650 0.998605 
2.7750 1.010079 
2.7850 0.996082 
2.7950 1.004945 
2.8050 1.005971 
2.8150 1.012882 
2.8250 0.999104 
2.8350 1.005448 
2.8450 0.999545 
2.8550 1.000064 
2.8650 1.008636 
2.8750 0.996421 
2.8850 1.010873 
2.8950 1.007122 
2.9050 0.992505 
2.9150 0.994504 
2.9250 1.005872 
2.9350 1.005277 
2.9450 1.008982 
2.9550 0.998398 
2.9650 0.994488 
2.9750 0.997704 
2.9850 1.003764 
2.9950 1.007212 
3.0050 0.995642 
3.0150 1.001393 
3.0250 1.008830 
3.0350 1.007117 
3.0450 1.004657 
3.0550 0.998407 
3.0650 1.003609 
3.0750 1.003966 
3.0850 0.997806 
3.0950 1.007491 
3.1050 1.015901 
3.1150 1.011904 
3.1250 1.004593 
3.1350 1.003113 
3.1450 1.000689 
3.1550 0.994378 
3.1650 1.005751 
3.1750 0.990791 
3.1850 0.998425 
3.1950 1.014817 
3.2050 0.997274 
3.2150 1.000242 
3.2250 0.998153 
3.2350 0.998720 
3.2450 1.003474 
3.2550 1.002261 
3.2650 0.993067 
3.2750 1.006674 
3.2850 0.998329 
3.2950 0.997952 
3.3050 1.000682 
3.3150 1.009251 
3.3250 0.996935 
3.3350 1.003233 
3.3450 1.000315 
3.3550 1.000652 
3.3650 1.007493 
3.3750 1.006160 
3.3850 1.005339 
3.3950 1.002130 
3.4050 1.006702 
3.4150 0.994943 
3.4250 0.999683 
3.4350 1.004819 
3.4450 0.996644 
3.4550 1.005621 
3.4650 0.992973 
3.4750 1.002795 
3.4850 1.002007 
3.4950 0.997970 
3.5050 0.999788 
3.5150 1.007435 
3.5250 0.989901 
3.5350 1.003171 
3.5450 0.999114 
3.5550 1.006750 
3.5650 1.004314 
3.5750 0.999475 
3.5850 0.999172 
3.5950 0.988878 
3.6050 1.001134 
3.6150 1.007572 
3.6250 0.998378 
3.6350 1.012672 
3.6450 0.994950 
3.6550 0.998644 
3.6650 1.002177 
3.6750 1.000827 
3.6850 0.994679 
3.6950 0.996852 
3.7050 1.010673 
3.7150 0.997894 
3.7250 1.008583 
3.7350 1.008817 
3.7450 1.001422 
3.7550 0.997870 
3.7650 1.004152 
3.7750 0.994041 
3.7850 1.007192 
3.7950 0.999561 
3.8050 1.003524 
3.8150 1.000449 
3.8250 1.002533 
3.8350 1.000770 
3.8450 0.997302 
3.8550 1.002397 
3.8650 0.995026 
3.8750 0.998355 
3.8850 1.001161 
3.8950 0.997716 
3.9050 1.006884 
3.9150 1.001628 
3.9250 1.001977 
3.9350 1.004086 
3.9450 0.999376 
3.9550 1.001741 
3.9650 1.011731 
3.9750 1.006327 
3.9850 0.994703 
3.9950 1.008512 
4.0050 0.996278 
4.0150 0.997677 
4.0250 1.005382 
4.0350 1.003699 
4.0450 0.997350 
4.0550 1.005211 
4.0650 1.000678 
4.0750 0.998394 
4.0850 0.998508 
4.0950 1.000250 
4.1050 0.998483 
4.1150 1.014521 
4.1250 1.001944 
4.1350 1.006557 
4.1450 1.002729 
4.1550 0.989179 
4.1650 1.006423 
4.1750 1.005553 
4.1850 1.000679 
4.1950 0.997113 
4.2050 1.006565 
4.2150 1.001156 
4.2250 0.996197 
4.2350 1.005464 
4.2450 0.996769 
4.2550 1.004242 
4.2650 1.001910 
4.2750 0.994926 
4.2850 1.003927 
4.2950 1.003943 
4.3050 1.007575 
4.3150 1.001416 
4.3250 1.002249 
4.3350 1.007498 
4.3450 1.013826 
4.3550 1.000755 
4.3650 0.999151 
4.3750 1.003851 
4.3850 1.008393 
4.3950 0.998296 
4.4050 0.998265 
4.4150 1.007227 
4.4250 1.000815 
4.4350 0.998233 
4.4450 0.995856 
4.4550 0.995582 
4.4650 1.007419 
4.4750 1.006795 
4.4850 1.006937 
4.4950 1.003177 