
0.0050 0.000000 
0.0150 0.000000 
0.0250 0.000000 
0.0350 0.000000 
0.0450 0.000000 
0.0550 0.000000 
0.0650 0.000000 
0.0750 0.000000 
0.0850 0.000000 
0.0950 0.000000 
0.1050 0.000000 
0.1150 0.000000 
0.1250 0.000000 
0.1350 0.000000 
0.1450 0.000000 
0.1550 0.000000 
0.1650 0.000000 
0.1750 0.000000 
0.1850 0.000000 
0.1950 0.000000 
0.2050 0.000000 
0.2150 0.000000 
0.2250 0.000000 
0.2350 0.000000 
0.2450 0.000000 
0.2550 0.000000 
0.2650 0.000000 
0.2750 0.000000 
0.2850 0.000000 
0.2950 0.000000 
0.3050 0.000000 
0.3150 0.000000 
0.3250 0.000000 
0.3350 0.000000 
0.3450 0.000000 
0.3550 0.000000 
0.3650 0.000000 
0.3750 0.000000 
0.3850 0.000000 
0.3950 0.000000 
0.4050 0.000000 
0.4150 0.000000 
0.4250 0.000000 
0.4350 0.000000 
0.4450 0.000000 
0.4550 0.000000 
0.4650 0.000000 
0.4750 0.000000 
0.4850 0.000000 
0.4950 0.000000 
0.5050 0.000000 
0.5150 0.000000 
0.5250 0.000000 
0.5350 0.000000 
0.5450 0.000000 
0.5550 0.000000 
0.5650 0.000000 
0.5750 0.000000 
0.5850 0.000000 
0.5950 0.000000 
0.6050 0.000000 
0.6150 0.000000 
0.6250 0.000000 
0.6350 0.000000 
0.6450 0.000000 
0.6550 0.000000 
0.6650 0.000000 
0.6750 0.000000 
0.6850 0.000000 
0.6950 0.000000 
0.7050 0.000000 
0.7150 0.000000 
0.7250 0.000000 
0.7350 0.000000 
0.7450 0.000000 
0.7550 0.000000 
0.7650 0.000000 
0.7750 0.000000 
0.7850 0.000000 
0.7950 0.000000 
0.8050 0.000000 
0.8150 0.000000 
0.8250 0.000000 
0.8350 0.000000 
0.8450 0.000000 
0.8550 0.002589 
0.8650 0.026877 
0.8750 0.065407 
0.8850 0.096431 
0.8950 0.128478 
0.9050 0.160763 
0.9150 0.193090 
0.9250 0.246181 
0.9350 0.273358 
0.9450 0.324847 
0.9550 0.375888 
0.9650 0.472764 
0.9750 0.679623 
0.9850 1.168416 
0.9950 2.120062 
1.0050 3.384871 
1.0150 4.453073 
1.0250 5.054974 
1.0350 4.857137 
1.0450 3.900355 
1.0550 2.822400 
1.0650 2.042444 
1.0750 1.613433 
1.0850 1.371063 
1.0950 1.272246 
1.1050 1.184160 
1.1150 1.157833 
1.1250 1.151605 
1.1350 1.144057 
1.1450 1.124352 
1.1550 1.112666 
1.1650 1.085147 
1.1750 1.083137 
1.1850 1.058848 
1.1950 1.061159 
1.2050 1.041134 
1.2150 1.037514 
1.2250 1.022603 
1.2350 1.016636 
1.2450 1.009599 
1.2550 0.995673 
1.2650 1.008605 
1.2750 1.006078 
1.2850 0.978360 
1.2950 0.979465 
1.3050 0.977742 
1.3150 0.974034 
1.3250 0.959755 
1.3350 0.948310 
1.3450 0.945663 
1.3550 0.946078 
1.3650 0.954428 
1.3750 0.943601 
1.3850 0.951601 
1.3950 0.937524 
1.4050 0.928202 
1.4150 0.937650 
1.4250 0.937921 
1.4350 0.920404 
1.4450 0.918723 
1.4550 0.907385 
1.4650 0.912400 
1.4750 0.917693 
1.4850 0.903601 
1.4950 0.900547 
1.5050 0.902468 
1.5150 0.895516 
1.5250 0.898788 
1.5350 0.906244 
1.5450 0.903382 
1.5550 0.881503 
1.5650 0.877089 
1.5750 0.890295 
1.5850 0.883510 
1.5950 0.880718 
1.6050 0.882004 
1.6150 0.896017 
1.6250 0.881744 
1.6350 0.890103 
1.6450 0.876455 
1.6550 0.874839 
1.6650 0.886628 
1.6750 0.878750 
1.6850 0.885613 
1.6950 0.879094 
1.7050 0.878861 
1.7150 0.878980 
1.7250 0.860779 
1.7350 0.887337 
1.7450 0.878449 
1.7550 0.881098 
1.7650 0.880330 
1.7750 0.884190 
1.7850 0.878533 
1.7950 0.889403 
1.8050 0.899537 
1.8150 0.882970 
1.8250 0.883668 
1.8350 0.886314 
1.8450 0.898792 
1.8550 0.893269 
1.8650 0.903424 
1.8750 0.899986 
1.8850 0.908774 
1.8950 0.933248 
1.9050 0.927555 
1.9150 0.938561 
1.9250 0.948520 
1.9350 0.949680 
1.9450 0.950124 
1.9550 0.975080 
1.9650 0.995522 
1.9750 1.020559 
1.9850 1.073235 
1.9950 1.146540 
2.0050 1.258149 
2.0150 1.412837 
2.0250 1.517141 
2.0350 1.514070 
2.0450 1.436867 
2.0550 1.320873 
2.0650 1.226646 
2.0750 1.147080 
2.0850 1.098151 
2.0950 1.053766 
2.1050 1.050802 
2.1150 1.035704 
2.1250 1.028349 
2.1350 1.015979 
2.1450 1.017070 
2.1550 1.014145 
2.1650 1.005840 
2.1750 1.004841 
2.1850 1.005103 
2.1950 0.998354 
2.2050 1.003525 
2.2150 1.001205 
2.2250 1.006355 
2.2350 0.988861 
2.2450 0.997562 
2.2550 0.999326 
2.2650 0.989113 
2.2750 0.989959 
2.2850 0.989638 
2.2950 0.996805 
2.3050 1.002538 
2.3150 0.989135 
2.3250 0.990514 
2.3350 0.985988 
2.3450 0.983177 
2.3550 0.986016 
2.3650 0.993529 
2.3750 0.988563 
2.3850 0.990304 
2.3950 0.982894 
2.4050 0.974942 
2.4150 0.976329 
2.4250 0.983132 
2.4350 0.985561 
2.4450 0.975701 
2.4550 0.978941 
2.4650 0.980596 
2.4750 0.977782 
2.4850 0.984209 
2.4950 0.990619 
2.5050 0.984147 
2.5150 0.967122 
2.5250 0.988419 
2.5350 0.968881 
2.5450 0.975460 
2.5550 0.967669 
2.5650 0.973135 
2.5750 0.984834 
2.5850 0.980734 
2.5950 0.973898 
2.6050 0.983654 
2.6150 0.970714 
2.6250 0.972624 
2.6350 0.963165 
2.6450 0.965639 
2.6550 0.979011 
2.6650 0.980733 
2.6750 0.981069 
2.6850 0.983280 
2.6950 0.967647 
2.7050 0.962844 
2.7150 0.982922 
2.7250 0.970630 
2.7350 0.973965 
2.7450 0.977525 
2.7550 0.984907 
2.7650 0.982526 
2.7750 0.988882 
2.7850 0.968790 
2.7950 0.988395 
2.8050 0.983445 
2.8150 0.980019 
2.8250 0.979673 
2.8350 0.981712 
2.8450 0.977937 
2.8550 0.973410 
2.8650 0.992132 
2.8750 1.000643 
2.8850 0.998159 
2.8950 0.987097 
2.9050 0.983087 
2.9150 1.002600 
2.9250 1.003709 
2.9350 1.007374 
2.9450 1.002014 
2.9550 1.011766 
2.9650 1.018425 
2.9750 1.016904 
2.9850 1.017656 
2.9950 1.025399 
3.0050 1.044672 
3.0150 1.044361 
3.0250 1.054398 
3.0350 1.049549 
3.0450 1.051162 
3.0550 1.041541 
3.0650 1.033378 
3.0750 1.019928 
3.0850 1.013606 
3.0950 1.007850 
3.1050 1.010062 
3.1150 1.002268 
3.1250 1.002048 
3.1350 0.999894 
3.1450 0.999003 
3.1550 1.006657 
3.1650 0.994078 
3.1750 1.008729 
3.1850 0.998801 
3.1950 1.002050 
3.2050 0.993298 
3.2150 0.997263 
3.2250 0.990383 
3.2350 1.006096 
3.2450 1.005293 
3.2550 1.006860 
3.2650 0.999511 
3.2750 0.999389 
3.2850 0.996142 
3.2950 0.994525 
3.3050 0.986346 
3.3150 0.997590 
3.3250 0.997192 
3.3350 1.013850 
3.3450 1.000085 
3.3550 0.991322 
3.3650 0.996971 
3.3750 0.997391 
3.3850 0.996648 
3.3950 0.998528 
3.4050 1.000121 
3.4150 1.003633 
3.4250 1.007024 
3.4350 1.002827 
3.4450 1.000045 
3.4550 0.998368 
3.4650 1.002574 
3.4750 0.983326 
3.4850 0.990841 
3.4950 0.995229 
3.5050 0.999275 
3.5150 1.000208 
3.5250 0.990581 
3.5350 0.998066 
3.5450 0.996050 
3.5550 0.986323 
3.5650 0.995461 
3.5750 0.987464 
3.5850 0.987744 
3.5950 0.993161 
3.6050 0.985949 
3.6150 0.988430 
3.6250 0.991701 
3.6350 0.989188 
3.6450 0.993588 
3.6550 0.997614 
3.6650 0.985513 
3.6750 0.992681 
3.6850 0.992010 
3.6950 1.000556 
3.7050 0.992826 
3.7150 1.000404 
3.7250 0.991590 
3.7350 0.993909 
3.7450 1.005396 
3.7550 0.996025 
3.7650 0.998859 
3.7750 1.002674 
3.7850 0.995215 
3.7950 0.994331 
3.8050 0.997409 
3.8150 1.006391 
3.8250 1.000833 
3.8350 1.001907 
3.8450 1.003732 
3.8550 0.995229 
3.8650 1.002861 
3.8750 0.994647 
3.8850 0.997705 
3.8950 0.994619 
3.9050 0.997267 
3.9150 0.997629 
3.9250 1.007078 
3.9350 0.990804 
3.9450 1.005795 
3.9550 1.002087 
3.9650 1.005194 
3.9750 1.000107 
3.9850 1.011640 
3.9950 1.003844 
4.0050 0.996021 
4.0150 1.011356 
4.0250 1.007104 
4.0350 1.014681 
4.0450 1.006064 
4.0550 1.002172 
4.0650 0.998869 
4.0750 0.999212 
4.0850 0.997251 
4.0950 1.006309 
4.1050 0.999734 
4.1150 0.995457 
4.1250 1.000430 
4.1350 1.001365 
4.1450 1.006382 
4.1550 1.001615 
4.1650 1.006033 
4.1750 0.998360 
4.1850 0.994792 
4.1950 0.995747 
4.2050 0.999262 
4.2150 1.003815 
4.2250 1.003811 
4.2350 1.009705 
4.2450 1.003360 
4.2550 0.999034 
4.2650 0.991419 
4.2750 0.994906 
4.2850 1.002310 
4.2950 0.998366 
4.3050 0.998573 
4.3150 1.000603 
4.3250 1.007353 
4.3350 1.008544 
4.3450 1.000024 
4.3550 1.015725 
4.3650 1.004717 
4.3750 1.001505 
4.3850 1.005057 
4.3950 1.003006 
4.4050 1.000130 
4.4150 0.998894 
4.4250 0.998670 
4.4350 1.002130 
4.4450 1.002746 
4.4550 0.999980 
4.4650 0.996727 
4.4750 0.994311 
4.4850 1.001939 
4.4950 0.997943 