
0.0050 0.000000 
0.0150 0.000000 
0.0250 0.000000 
0.0350 0.000000 
0.0450 0.000000 
0.0550 0.000000 
0.0650 0.000000 
0.0750 0.000000 
0.0850 0.000000 
0.0950 0.000000 
0.1050 0.000000 
0.1150 0.000000 
0.1250 0.000000 
0.1350 0.000000 
0.1450 0.000000 
0.1550 0.000000 
0.1650 0.000000 
0.1750 0.000000 
0.1850 0.000000 
0.1950 0.000000 
0.2050 0.000000 
0.2150 0.000000 
0.2250 0.000000 
0.2350 0.000000 
0.2450 0.000000 
0.2550 0.000000 
0.2650 0.000000 
0.2750 0.000000 
0.2850 0.000000 
0.2950 0.000000 
0.3050 0.000000 
0.3150 0.000000 
0.3250 0.000000 
0.3350 0.000000 
0.3450 0.000000 
0.3550 0.000000 
0.3650 0.000000 
0.3750 0.000000 
0.3850 0.000000 
0.3950 0.000000 
0.4050 0.000000 
0.4150 0.000000 
0.4250 0.000000 
0.4350 0.000000 
0.4450 0.000000 
0.4550 0.000000 
0.4650 0.000000 
0.4750 0.000000 
0.4850 0.000000 
0.4950 0.000514 
0.5050 0.003023 
0.5150 0.004776 
0.5250 0.004525 
0.5350 0.008882 
0.5450 0.008410 
0.5550 0.014836 
0.5650 0.016078 
0.5750 0.016097 
0.5850 0.022647 
0.5950 0.023697 
0.6050 0.026258 
0.6150 0.032051 
0.6250 0.035213 
0.6350 0.036135 
0.6450 0.039005 
0.6550 0.046070 
0.6650 0.047684 
0.6750 0.054288 
0.6850 0.067156 
0.6950 0.066686 
0.7050 0.075519 
0.7150 0.079823 
0.7250 0.078729 
0.7350 0.097921 
0.7450 0.091362 
0.7550 0.104473 
0.7650 0.109345 
0.7750 0.121999 
0.7850 0.127719 
0.7950 0.143253 
0.8050 0.145186 
0.8150 0.159083 
0.8250 0.172749 
0.8350 0.176300 
0.8450 0.191054 
0.8550 0.196801 
0.8650 0.204088 
0.8750 0.218608 
0.8850 0.223851 
0.8950 0.237447 
0.9050 0.254039 
0.9150 0.264591 
0.9250 0.274824 
0.9350 0.277367 
0.9450 0.292390 
0.9550 0.314504 
0.9650 0.314705 
0.9750 0.346542 
0.9850 0.460791 
0.9950 2.442543 
1.0050 13.439757 
1.0150 14.598319 
1.0250 11.030335 
1.0350 6.706152 
1.0450 3.704171 
1.0550 2.038037 
1.0650 1.268772 
1.0750 0.892686 
1.0850 0.717592 
1.0950 0.623626 
1.1050 0.585676 
1.1150 0.559798 
1.1250 0.553632 
1.1350 0.536528 
1.1450 0.534991 
1.1550 0.533554 
1.1650 0.527676 
1.1750 0.532640 
1.1850 0.546807 
1.1950 0.543820 
1.2050 0.557376 
1.2150 0.567972 
1.2250 0.573870 
1.2350 0.577185 
1.2450 0.580173 
1.2550 0.586445 
1.2650 0.600644 
1.2750 0.615826 
1.2850 0.612911 
1.2950 0.629280 
1.3050 0.631211 
1.3150 0.639796 
1.3250 0.645869 
1.3350 0.664252 
1.3450 0.669102 
1.3550 0.662041 
1.3650 0.685155 
1.3750 0.686024 
1.3850 0.703395 
1.3950 0.700145 
1.4050 0.697731 
1.4150 0.706329 
1.4250 0.728163 
1.4350 0.711686 
1.4450 0.727453 
1.4550 0.731094 
1.4650 0.717847 
1.4750 0.722835 
1.4850 0.715857 
1.4950 0.726045 
1.5050 0.728157 
1.5150 0.737228 
1.5250 0.737672 
1.5350 0.736275 
1.5450 0.747163 
1.5550 0.747699 
1.5650 0.751120 
1.5750 0.757859 
1.5850 0.751638 
1.5950 0.752668 
1.6050 0.760070 
1.6150 0.757916 
1.6250 0.757575 
1.6350 0.780010 
1.6450 0.766924 
1.6550 0.768186 
1.6650 0.775742 
1.6750 0.776631 
1.6850 0.787239 
1.6950 0.785783 
1.7050 0.789402 
1.7150 0.794523 
1.7250 0.792852 
1.7350 0.797451 
1.7450 0.793922 
1.7550 0.798901 
1.7650 0.786742 
1.7750 0.794689 
1.7850 0.803312 
1.7950 0.797707 
1.8050 0.793206 
1.8150 0.796706 
1.8250 0.791276 
1.8350 0.807691 
1.8450 0.804760 
1.8550 0.809183 
1.8650 0.819650 
1.8750 0.819208 
1.8850 0.834134 
1.8950 0.844981 
1.9050 0.852172 
1.9150 0.879541 
1.9250 0.894643 
1.9350 0.942659 
1.9450 0.985659 
1.9550 1.063354 
1.9650 1.171826 
1.9750 1.333449 
1.9850 1.615297 
1.9950 2.144087 
2.0050 3.203434 
2.0150 3.819238 
2.0250 3.454019 
2.0350 2.709883 
2.0450 2.043619 
2.0550 1.545481 
2.0650 1.262852 
2.0750 1.084612 
2.0850 0.991803 
2.0950 0.934139 
2.1050 0.909537 
2.1150 0.891954 
2.1250 0.879724 
2.1350 0.866328 
2.1450 0.855247 
2.1550 0.861994 
2.1650 0.853206 
2.1750 0.857504 
2.1850 0.850616 
2.1950 0.854264 
2.2050 0.858847 
2.2150 0.848960 
2.2250 0.854678 
2.2350 0.850977 
2.2450 0.847005 
2.2550 0.865731 
2.2650 0.867691 
2.2750 0.866402 
2.2850 0.866546 
2.2950 0.875439 
2.3050 0.867200 
2.3150 0.858220 
2.3250 0.872807 
2.3350 0.876837 
2.3450 0.872814 
2.3550 0.897097 
2.3650 0.888686 
2.3750 0.888515 
2.3850 0.885407 
2.3950 0.879719 
2.4050 0.890747 
2.4150 0.885651 
2.4250 0.875520 
2.4350 0.881234 
2.4450 0.889209 
2.4550 0.874801 
2.4650 0.890540 
2.4750 0.887225 
2.4850 0.889888 
2.4950 0.897463 
2.5050 0.899825 
2.5150 0.920285 
2.5250 0.912145 
2.5350 0.908891 
2.5450 0.914631 
2.5550 0.905170 
2.5650 0.902014 
2.5750 0.908909 
2.5850 0.912278 
2.5950 0.918850 
2.6050 0.910965 
2.6150 0.911247 
2.6250 0.915045 
2.6350 0.895357 
2.6450 0.909335 
2.6550 0.907559 
2.6650 0.911153 
2.6750 0.917373 
2.6850 0.907881 
2.6950 0.902488 
2.7050 0.916130 
2.7150 0.914715 
2.7250 0.923726 
2.7350 0.934421 
2.7450 0.935166 
2.7550 0.935005 
2.7650 0.939515 
2.7750 0.944053 
2.7850 0.958506 
2.7950 0.963220 
2.8050 0.961621 
2.8150 0.972790 
2.8250 0.985605 
2.8350 0.976797 
2.8450 0.997532 
2.8550 1.001981 
2.8650 1.013889 
2.8750 1.029343 
2.8850 1.030404 
2.8950 1.041678 
2.9050 1.061057 
2.9150 1.069977 
2.9250 1.085005 
2.9350 1.112109 
2.9450 1.143413 
2.9550 1.175779 
2.9650 1.206484 
2.9750 1.241123 
2.9850 1.295066 
2.9950 1.374289 
3.0050 1.476063 
3.0150 1.550787 
3.0250 1.522262 
3.0350 1.433744 
3.0450 1.306687 
3.0550 1.194652 
3.0650 1.116045 
3.0750 1.052715 
3.0850 1.013384 
3.0950 0.985967 
3.1050 0.970266 
3.1150 0.962571 
3.1250 0.963929 
3.1350 0.954258 
3.1450 0.950059 
3.1550 0.939680 
3.1650 0.934230 
3.1750 0.937864 
3.1850 0.936294 
3.1950 0.946242 
3.2050 0.940519 
3.2150 0.929353 
3.2250 0.936950 
3.2350 0.945003 
3.2450 0.950106 
3.2550 0.944302 
3.2650 0.954511 
3.2750 0.955126 
3.2850 0.953368 
3.2950 0.958811 
3.3050 0.965902 
3.3150 0.971507 
3.3250 0.975226 
3.3350 0.958971 
3.3450 0.963651 
3.3550 0.968864 
3.3650 0.962329 
3.3750 0.964904 
3.3850 0.951371 
3.3950 0.947792 
3.4050 0.961037 
3.4150 0.958828 
3.4250 0.966696 
3.4350 0.974393 
3.4450 0.964542 
3.4550 0.965716 
3.4650 0.973152 
3.4750 0.970306 
3.4850 0.963697 
3.4950 0.961678 
3.5050 0.964404 
3.5150 0.951591 
3.5250 0.963817 
3.5350 0.957852 
3.5450 0.956867 
3.5550 0.963539 
3.5650 0.966790 
3.5750 0.969521 
3.5850 0.966342 
3.5950 0.955307 
3.6050 0.971926 
3.6150 0.965811 
3.6250 0.960060 
3.6350 0.966552 
3.6450 0.964913 
3.6550 0.958579 
3.6650 0.964952 
3.6750 0.968055 
3.6850 0.959118 
3.6950 0.966365 
3.7050 0.972764 
3.7150 0.963702 
3.7250 0.986240 
3.7350 0.979457 
3.7450 0.982739 
3.7550 0.988850 
3.7650 0.998632 
3.7750 0.992546 
3.7850 0.984593 
3.7950 1.000327 
3.8050 0.985989 
3.8150 0.995336 
3.8250 1.002242 
3.8350 1.005521 
3.8450 1.006780 
3.8550 1.010407 
3.8650 1.015056 
3.8750 1.012903 
3.8850 1.030248 
3.8950 1.033602 
3.9050 1.028352 
3.9150 1.043121 
3.9250 1.050601 
3.9350 1.066022 
3.9450 1.070739 
3.9550 1.059448 
3.9650 1.078764 
3.9750 1.066950 
3.9850 1.076899 
3.9950 1.087868 
4.0050 1.109505 
4.0150 1.118080 
4.0250 1.120024 
4.0350 1.096411 
4.0450 1.085203 
4.0550 1.052973 
4.0650 1.042684 
4.0750 1.021570 
4.0850 1.006717 
4.0950 0.995967 
4.1050 0.984896 
4.1150 0.984023 
4.1250 0.981412 
4.1350 0.975338 
4.1450 0.978333 
4.1550 0.977876 
4.1650 0.983069 
4.1750 0.978873 
4.1850 0.977743 
4.1950 0.969032 
4.2050 0.967523 
4.2150 0.975947 
4.2250 0.976860 
4.2350 0.978111 
4.2450 0.984576 
4.2550 0.985623 
4.2650 0.985060 
4.2750 0.970651 
4.2850 0.966991 
4.2950 0.979642 
4.3050 0.979217 
4.3150 0.980182 
4.3250 0.992972 
4.3350 0.972290 
4.3450 0.981278 
4.3550 0.975138 
4.3650 0.980159 
4.3750 0.969766 
4.3850 0.964026 
4.3950 0.966526 
4.4050 0.962742 
4.4150 0.948549 
4.4250 0.954761 
4.4350 0.957067 
4.4450 0.968120 
4.4550 0.966160 
4.4650 0.979098 
4.4750 0.969495 
4.4850 0.974928 
4.4950 0.968726 