
0.0050 0.000000 
0.0150 0.000000 
0.0250 0.000000 
0.0350 0.000000 
0.0450 0.000000 
0.0550 0.000000 
0.0650 0.000000 
0.0750 0.000000 
0.0850 0.000000 
0.0950 0.000000 
0.1050 0.000000 
0.1150 0.000000 
0.1250 0.000000 
0.1350 0.000000 
0.1450 0.000000 
0.1550 0.000000 
0.1650 0.000000 
0.1750 0.000000 
0.1850 0.000000 
0.1950 0.000000 
0.2050 0.000000 
0.2150 0.000000 
0.2250 0.000000 
0.2350 0.000000 
0.2450 0.000000 
0.2550 0.000000 
0.2650 0.000000 
0.2750 0.000000 
0.2850 0.000000 
0.2950 0.000000 
0.3050 0.000000 
0.3150 0.000000 
0.3250 0.000000 
0.3350 0.000000 
0.3450 0.000000 
0.3550 0.000000 
0.3650 0.000000 
0.3750 0.000000 
0.3850 0.000000 
0.3950 0.000000 
0.4050 0.000000 
0.4150 0.000000 
0.4250 0.000000 
0.4350 0.000000 
0.4450 0.000000 
0.4550 0.000000 
0.4650 0.000000 
0.4750 0.000000 
0.4850 0.000000 
0.4950 0.000000 
0.5050 0.000000 
0.5150 0.000000 
0.5250 0.000000 
0.5350 0.000000 
0.5450 0.000000 
0.5550 0.000000 
0.5650 0.000000 
0.5750 0.000000 
0.5850 0.000000 
0.5950 0.000000 
0.6050 0.000000 
0.6150 0.000000 
0.6250 0.000000 
0.6350 0.000000 
0.6450 0.000000 
0.6550 0.000000 
0.6650 0.000000 
0.6750 0.000000 
0.6850 0.000000 
0.6950 0.000000 
0.7050 0.000000 
0.7150 0.000000 
0.7250 0.000000 
0.7350 0.000000 
0.7450 0.000000 
0.7550 0.000000 
0.7650 0.000000 
0.7750 0.000000 
0.7850 0.000000 
0.7950 0.000000 
0.8050 0.000000 
0.8150 0.000000 
0.8250 0.000000 
0.8350 0.000000 
0.8450 0.000000 
0.8550 0.001793 
0.8650 0.031701 
0.8750 0.079131 
0.8850 0.120875 
0.8950 0.159979 
0.9050 0.202459 
0.9150 0.263287 
0.9250 0.293612 
0.9350 0.342518 
0.9450 0.414466 
0.9550 0.470908 
0.9650 0.534134 
0.9750 0.626921 
0.9850 0.729860 
0.9950 0.842903 
1.0050 0.981692 
1.0150 1.099371 
1.0250 1.176678 
1.0350 1.244262 
1.0450 1.292287 
1.0550 1.344982 
1.0650 1.355546 
1.0750 1.373052 
1.0850 1.388979 
1.0950 1.410535 
1.1050 1.414572 
1.1150 1.430850 
1.1250 1.453358 
1.1350 1.476448 
1.1450 1.479548 
1.1550 1.454832 
1.1650 1.452792 
1.1750 1.418342 
1.1850 1.418731 
1.1950 1.384710 
1.2050 1.379354 
1.2150 1.386091 
1.2250 1.364585 
1.2350 1.323119 
1.2450 1.312260 
1.2550 1.318976 
1.2650 1.303262 
1.2750 1.295489 
1.2850 1.290891 
1.2950 1.275229 
1.3050 1.244376 
1.3150 1.242800 
1.3250 1.226758 
1.3350 1.235628 
1.3450 1.221083 
1.3550 1.194092 
1.3650 1.190503 
1.3750 1.180138 
1.3850 1.171894 
1.3950 1.175637 
1.4050 1.154239 
1.4150 1.150996 
1.4250 1.149776 
1.4350 1.119902 
1.4450 1.118085 
1.4550 1.115179 
1.4650 1.109458 
1.4750 1.111221 
1.4850 1.089335 
1.4950 1.084014 
1.5050 1.075076 
1.5150 1.068454 
1.5250 1.066677 
1.5350 1.041063 
1.5450 1.042138 
1.5550 1.056871 
1.5650 1.042720 
1.5750 1.026254 
1.5850 1.022654 
1.5950 1.006681 
1.6050 1.010696 
1.6150 1.016406 
1.6250 1.003129 
1.6350 0.987089 
1.6450 0.992735 
1.6550 0.981491 
1.6650 0.985564 
1.6750 0.968226 
1.6850 0.970911 
1.6950 0.968222 
1.7050 0.961809 
1.7150 0.967122 
1.7250 0.950789 
1.7350 0.952412 
1.7450 0.964786 
1.7550 0.949863 
1.7650 0.933222 
1.7750 0.945157 
1.7850 0.938011 
1.7950 0.936654 
1.8050 0.926794 
1.8150 0.936432 
1.8250 0.944701 
1.8350 0.933469 
1.8450 0.926154 
1.8550 0.924537 
1.8650 0.929898 
1.8750 0.915203 
1.8850 0.911448 
1.8950 0.920986 
1.9050 0.915581 
1.9150 0.926382 
1.9250 0.930680 
1.9350 0.922130 
1.9450 0.920036 
1.9550 0.937629 
1.9650 0.941435 
1.9750 0.934214 
1.9850 0.933393 
1.9950 0.944230 
2.0050 0.950994 
2.0150 0.940732 
2.0250 0.949979 
2.0350 0.949353 
2.0450 0.955627 
2.0550 0.952777 
2.0650 0.969773 
2.0750 0.976229 
2.0850 0.971681 
2.0950 0.985734 
2.1050 0.966124 
2.1150 0.975505 
2.1250 0.988981 
2.1350 0.984400 
2.1450 0.976554 
2.1550 0.981153 
2.1650 1.000275 
2.1750 0.996237 
2.1850 1.003616 
2.1950 0.995045 
2.2050 0.994108 
2.2150 1.000664 
2.2250 1.000325 
2.2350 1.009434 
2.2450 0.996725 
2.2550 1.012780 
2.2650 1.004809 
2.2750 1.021928 
2.2850 0.998726 
2.2950 1.011589 
2.3050 1.003873 
2.3150 1.010843 
2.3250 1.022165 
2.3350 1.021713 
2.3450 1.020391 
2.3550 1.008590 
2.3650 1.021718 
2.3750 1.005369 
2.3850 1.006574 
2.3950 1.015049 
2.4050 1.009310 
2.4150 1.016571 
2.4250 1.010801 
2.4350 1.013223 
2.4450 1.012094 
2.4550 1.013551 
2.4650 1.021480 
2.4750 1.014011 
2.4850 1.015924 
2.4950 1.021967 
2.5050 1.017009 
2.5150 1.015182 
2.5250 1.012016 
2.5350 1.006616 
2.5450 1.027289 
2.5550 1.015814 
2.5650 1.021294 
2.5750 1.009534 
2.5850 1.016483 
2.5950 1.010893 
2.6050 1.018998 
2.6150 1.013540 
2.6250 1.004801 
2.6350 1.011507 
2.6450 1.004361 
2.6550 1.010470 
2.6650 1.000911 
2.6750 0.998902 
2.6850 1.011459 
2.6950 1.006698 
2.7050 1.004438 
2.7150 1.002508 
2.7250 1.008593 
2.7350 1.004631 
2.7450 1.010228 
2.7550 1.001510 
2.7650 0.994987 
2.7750 1.008816 
2.7850 1.001394 
2.7950 1.010298 
2.8050 1.000362 
2.8150 0.994233 
2.8250 1.004642 
2.8350 0.992600 
2.8450 0.999696 
2.8550 1.002101 
2.8650 1.007383 
2.8750 0.993714 
2.8850 0.987104 
2.8950 0.991232 
2.9050 0.997067 
2.9150 0.998435 
2.9250 1.003124 
2.9350 1.004985 
2.9450 0.993217 
2.9550 1.003201 
2.9650 0.996593 
2.9750 1.001440 
2.9850 1.001586 
2.9950 1.003016 
3.0050 1.008504 
3.0150 0.999521 
3.0250 1.000717 
3.0350 0.993621 
3.0450 0.999491 
3.0550 0.998772 
3.0650 0.991054 
3.0750 1.006079 
3.0850 0.988521 
3.0950 0.989144 
3.1050 1.005683 
3.1150 0.998507 
3.1250 0.992306 
3.1350 0.990755 
3.1450 0.998324 
3.1550 1.004299 
3.1650 0.991944 
3.1750 1.002534 
3.1850 0.990961 
3.1950 1.015085 
3.2050 0.988015 
3.2150 0.999816 
3.2250 0.998630 
3.2350 0.994094 
3.2450 0.995726 
3.2550 1.011536 
3.2650 0.995818 
3.2750 0.994819 
3.2850 1.005437 
3.2950 0.999067 
3.3050 0.994445 
3.3150 1.004710 
3.3250 1.002336 
3.3350 1.003874 
3.3450 0.993335 
3.3550 1.003634 
3.3650 0.997047 
3.3750 1.001244 
3.3850 0.990205 
3.3950 0.995757 
3.4050 0.998413 
3.4150 0.997372 
3.4250 1.009173 
3.4350 1.002504 
3.4450 1.003471 
3.4550 1.000125 
3.4650 1.008104 
3.4750 1.001564 
3.4850 0.997247 
3.4950 0.995547 
3.5050 1.003717 
3.5150 1.000938 
3.5250 0.995895 
3.5350 1.005010 
3.5450 1.003168 
3.5550 0.999821 
3.5650 1.002298 
3.5750 0.996125 
3.5850 0.998838 
3.5950 1.005437 
3.6050 0.996175 
3.6150 0.992287 
3.6250 0.999370 
3.6350 1.009025 
3.6450 1.005697 
3.6550 1.002317 
3.6650 1.000987 
3.6750 1.000478 
3.6850 1.000412 
3.6950 1.010094 
3.7050 1.003146 
3.7150 0.998032 
3.7250 1.006057 
3.7350 0.997252 
3.7450 1.000920 
3.7550 1.003748 
3.7650 0.995451 
3.7750 1.002584 
3.7850 0.998966 
3.7950 1.003956 
3.8050 0.990013 
3.8150 1.005247 
3.8250 1.004635 
3.8350 1.004339 
3.8450 1.008627 
3.8550 1.004371 
3.8650 1.004277 
3.8750 1.001358 
3.8850 0.998806 
3.8950 1.003097 
3.9050 1.002831 
3.9150 1.002523 
3.9250 1.004985 
3.9350 0.995348 
3.9450 0.985759 
3.9550 1.000075 
3.9650 0.998031 
3.9750 1.005014 
3.9850 1.011340 
3.9950 0.990460 
4.0050 0.997923 
4.0150 0.998338 
4.0250 0.995797 
4.0350 0.998230 
4.0450 0.998831 
4.0550 1.007700 
4.0650 0.998089 
4.0750 1.001836 
4.0850 1.005648 
4.0950 0.997159 
4.1050 1.000609 
4.1150 0.998180 
4.1250 0.999434 
4.1350 0.999502 
4.1450 0.999736 
4.1550 1.002460 
4.1650 1.001822 
4.1750 1.003114 
4.1850 1.003991 
4.1950 1.002395 
4.2050 0.996312 
4.2150 1.002800 
4.2250 1.010776 
4.2350 1.002959 
4.2450 1.003078 
4.2550 1.005548 
4.2650 0.997115 
4.2750 0.994125 
4.2850 1.003268 
4.2950 1.000656 
4.3050 1.003362 
4.3150 0.993981 
4.3250 0.992833 
4.3350 0.995361 
4.3450 0.994963 
4.3550 1.002052 
4.3650 0.999328 
4.3750 0.996283 
4.3850 1.008647 
4.3950 1.002967 
4.4050 1.000207 
4.4150 1.003351 
4.4250 1.002575 
4.4350 0.995687 
4.4450 1.003786 
4.4550 1.001266 
4.4650 1.005369 
4.4750 1.001710 
4.4850 0.997533 
4.4950 1.005004 