
0.0050 0.000000 
0.0150 0.000000 
0.0250 0.000000 
0.0350 0.000000 
0.0450 0.000000 
0.0550 0.000000 
0.0650 0.000000 
0.0750 0.000000 
0.0850 0.000000 
0.0950 0.000000 
0.1050 0.000000 
0.1150 0.000000 
0.1250 0.000000 
0.1350 0.000000 
0.1450 0.000000 
0.1550 0.000000 
0.1650 0.000000 
0.1750 0.000000 
0.1850 0.000000 
0.1950 0.000000 
0.2050 0.000000 
0.2150 0.000000 
0.2250 0.000000 
0.2350 0.000000 
0.2450 0.000000 
0.2550 0.000000 
0.2650 0.000000 
0.2750 0.000000 
0.2850 0.000000 
0.2950 0.000000 
0.3050 0.000000 
0.3150 0.000000 
0.3250 0.000000 
0.3350 0.000000 
0.3450 0.000000 
0.3550 0.000000 
0.3650 0.000000 
0.3750 0.000000 
0.3850 0.000000 
0.3950 0.000000 
0.4050 0.000000 
0.4150 0.000000 
0.4250 0.000000 
0.4350 0.000000 
0.4450 0.000000 
0.4550 0.000000 
0.4650 0.000000 
0.4750 0.000000 
0.4850 0.000000 
0.4950 0.000000 
0.5050 0.001679 
0.5150 0.017625 
0.5250 0.033776 
0.5350 0.049329 
0.5450 0.063694 
0.5550 0.075251 
0.5650 0.089559 
0.5750 0.108099 
0.5850 0.115994 
0.5950 0.130763 
0.6050 0.139290 
0.6150 0.162463 
0.6250 0.175383 
0.6350 0.183751 
0.6450 0.192915 
0.6550 0.210367 
0.6650 0.222312 
0.6750 0.234032 
0.6850 0.260556 
0.6950 0.258058 
0.7050 0.275173 
0.7150 0.291574 
0.7250 0.303889 
0.7350 0.319922 
0.7450 0.331645 
0.7550 0.349258 
0.7650 0.352064 
0.7750 0.375442 
0.7850 0.377086 
0.7950 0.403100 
0.8050 0.428260 
0.8150 0.426172 
0.8250 0.440644 
0.8350 0.469965 
0.8450 0.461211 
0.8550 0.482241 
0.8650 0.493534 
0.8750 0.508852 
0.8850 0.526617 
0.8950 0.544557 
0.9050 0.563139 
0.9150 0.582528 
0.9250 0.608315 
0.9350 0.613142 
0.9450 0.630039 
0.9550 0.652830 
0.9650 0.678507 
0.9750 0.696667 
0.9850 0.732023 
0.9950 0.754595 
1.0050 0.810558 
1.0150 0.829147 
1.0250 0.837894 
1.0350 0.862204 
1.0450 0.884991 
1.0550 0.904519 
1.0650 0.919520 
1.0750 0.934084 
1.0850 0.944688 
1.0950 0.948870 
1.1050 0.962931 
1.1150 0.968023 
1.1250 0.986061 
1.1350 1.006263 
1.1450 0.988277 
1.1550 1.019778 
1.1650 1.025849 
1.1750 1.032109 
1.1850 1.030993 
1.1950 1.043600 
1.2050 1.056282 
1.2150 1.036040 
1.2250 1.054705 
1.2350 1.063537 
1.2450 1.053933 
1.2550 1.071468 
1.2650 1.059659 
1.2750 1.076808 
1.2850 1.077225 
1.2950 1.099511 
1.3050 1.091248 
1.3150 1.094661 
1.3250 1.102659 
1.3350 1.101909 
1.3450 1.088163 
1.3550 1.104346 
1.3650 1.085907 
1.3750 1.112982 
1.3850 1.122351 
1.3950 1.109012 
1.4050 1.112142 
1.4150 1.109859 
1.4250 1.123002 
1.4350 1.134653 
1.4450 1.118322 
1.4550 1.122865 
1.4650 1.125947 
1.4750 1.135702 
1.4850 1.124113 
1.4950 1.130551 
1.5050 1.126354 
1.5150 1.115789 
1.5250 1.110959 
1.5350 1.112032 
1.5450 1.099829 
1.5550 1.090693 
1.5650 1.083527 
1.5750 1.079380 
1.5850 1.069467 
1.5950 1.074453 
1.6050 1.057565 
1.6150 1.064519 
1.6250 1.059722 
1.6350 1.058065 
1.6450 1.042309 
1.6550 1.033089 
1.6650 1.034134 
1.6750 1.036391 
1.6850 1.028333 
1.6950 1.019009 
1.7050 1.016155 
1.7150 1.001882 
1.7250 1.021340 
1.7350 1.007496 
1.7450 1.007808 
1.7550 0.995122 
1.7650 0.999469 
1.7750 0.994046 
1.7850 0.996819 
1.7950 0.994231 
1.8050 0.998155 
1.8150 0.992106 
1.8250 0.993986 
1.8350 0.977598 
1.8450 0.996019 
1.8550 0.975882 
1.8650 0.981977 
1.8750 0.986595 
1.8850 0.985453 
1.8950 0.966427 
1.9050 0.966569 
1.9150 0.977907 
1.9250 0.971553 
1.9350 0.982527 
1.9450 0.963521 
1.9550 0.967782 
1.9650 0.967609 
1.9750 0.978122 
1.9850 0.973594 
1.9950 0.968126 
2.0050 0.971747 
2.0150 0.969099 
2.0250 0.976392 
2.0350 0.961655 
2.0450 0.976101 
2.0550 0.971612 
2.0650 0.969607 
2.0750 0.972564 
2.0850 0.964263 
2.0950 0.982430 
2.1050 0.981996 
2.1150 0.965526 
2.1250 0.980415 
2.1350 0.979797 
2.1450 0.973925 
2.1550 0.973421 
2.1650 0.979869 
2.1750 0.969087 
2.1850 0.984883 
2.1950 0.980756 
2.2050 0.990775 
2.2150 0.984421 
2.2250 0.994371 
2.2350 0.997465 
2.2450 0.982868 
2.2550 0.993186 
2.2650 0.978623 
2.2750 0.979778 
2.2850 0.997642 
2.2950 0.985447 
2.3050 0.989078 
2.3150 0.994784 
2.3250 0.994080 
2.3350 0.996567 
2.3450 0.985765 
2.3550 0.991061 
2.3650 1.005853 
2.3750 0.991370 
2.3850 0.989085 
2.3950 0.998847 
2.4050 0.997119 
2.4150 0.999440 
2.4250 1.000897 
2.4350 1.012872 
2.4450 1.005416 
2.4550 1.010417 
2.4650 0.994675 
2.4750 1.006413 
2.4850 1.003403 
2.4950 1.006619 
2.5050 1.003666 
2.5150 1.001756 
2.5250 1.019701 
2.5350 1.015282 
2.5450 1.002332 
2.5550 1.011566 
2.5650 1.008729 
2.5750 1.008803 
2.5850 1.012217 
2.5950 1.006512 
2.6050 1.021394 
2.6150 1.011807 
2.6250 1.008709 
2.6350 1.002682 
2.6450 0.993016 
2.6550 1.014173 
2.6650 1.007648 
2.6750 1.008395 
2.6850 1.014198 
2.6950 0.996484 
2.7050 1.002794 
2.7150 0.997785 
2.7250 1.006805 
2.7350 1.012102 
2.7450 1.005120 
2.7550 1.008119 
2.7650 1.014406 
2.7750 1.015995 
2.7850 1.000780 
2.7950 0.996960 
2.8050 1.002832 
2.8150 0.998911 
2.8250 1.002978 
2.8350 1.009640 
2.8450 1.006788 
2.8550 1.007311 
2.8650 1.004220 
2.8750 0.997996 
2.8850 1.000085 
2.8950 1.004375 
2.9050 1.007634 
2.9150 1.006794 
2.9250 1.004498 
2.9350 0.998722 
2.9450 1.006398 
2.9550 0.999845 
2.9650 1.001640 
2.9750 1.006010 
2.9850 0.998120 
2.9950 1.006612 
3.0050 0.997264 
3.0150 1.004031 
3.0250 1.007501 
3.0350 1.009738 
3.0450 1.001597 
3.0550 1.004510 
3.0650 0.988236 
3.0750 0.997320 
3.0850 1.003184 
3.0950 1.003595 
3.1050 0.987341 
3.1150 1.004080 
3.1250 0.993237 
3.1350 1.001612 
3.1450 1.002620 
3.1550 1.002646 
3.1650 1.003589 
3.1750 1.010642 
3.1850 1.006024 
3.1950 0.995064 
3.2050 0.998901 
3.2150 1.002902 
3.2250 0.989349 
3.2350 0.995389 
3.2450 0.993328 
3.2550 0.991122 
3.2650 1.001319 
3.2750 0.998083 
3.2850 0.999110 
3.2950 1.000469 
3.3050 0.996800 
3.3150 0.994107 
3.3250 0.985591 
3.3350 0.998309 
3.3450 0.994332 
3.3550 1.006515 
3.3650 1.003935 
3.3750 1.005577 
3.3850 0.996066 
3.3950 1.000972 
3.4050 1.004341 
3.4150 0.998849 
3.4250 0.994015 
3.4350 0.996877 
3.4450 1.002379 
3.4550 0.999135 
3.4650 1.005981 
3.4750 0.997577 
3.4850 1.005198 
3.4950 0.997113 
3.5050 1.000422 
3.5150 0.996923 
3.5250 1.004435 
3.5350 1.002590 
3.5450 0.993275 
3.5550 1.002708 
3.5650 1.006209 
3.5750 1.001795 
3.5850 1.000126 
3.5950 1.013217 
3.6050 1.003743 
3.6150 1.002414 
3.6250 1.002767 
3.6350 1.001377 
3.6450 1.003491 
3.6550 1.000890 
3.6650 0.994032 
3.6750 0.998336 
3.6850 1.001457 
3.6950 1.006390 
3.7050 0.998529 
3.7150 0.996559 
3.7250 0.997101 
3.7350 1.003413 
3.7450 1.004323 
3.7550 0.996549 
3.7650 0.999381 
3.7750 1.002289 
3.7850 0.994898 
3.7950 0.996585 
3.8050 1.007953 
3.8150 0.994686 
3.8250 0.993945 
3.8350 0.993342 
3.8450 0.995901 
3.8550 0.999911 
3.8650 1.001599 
3.8750 1.007826 
3.8850 0.998718 
3.8950 1.009707 
3.9050 0.996369 
3.9150 1.002786 
3.9250 0.999929 
3.9350 1.010804 
3.9450 1.003974 
3.9550 1.002671 
3.9650 1.002411 
3.9750 1.004928 
3.9850 0.993866 
3.9950 1.008940 
4.0050 1.000357 
4.0150 1.002471 
4.0250 1.003618 
4.0350 1.003572 
4.0450 0.996483 
4.0550 0.998164 
4.0650 1.002151 
4.0750 0.998058 
4.0850 1.005334 
4.0950 1.000877 
4.1050 0.995753 
4.1150 0.995353 
4.1250 1.000803 
4.1350 1.004820 
4.1450 1.002233 
4.1550 0.994821 
4.1650 1.008169 
4.1750 1.000511 
4.1850 1.005381 
4.1950 1.010390 
4.2050 1.001947 
4.2150 1.002374 
4.2250 1.002940 
4.2350 1.003160 
4.2450 0.993807 
4.2550 0.997024 
4.2650 1.009993 
4.2750 1.000069 
4.2850 1.002010 
4.2950 0.994780 
4.3050 1.004058 
4.3150 0.997055 
4.3250 1.000568 
4.3350 0.995420 
4.3450 0.992423 
4.3550 0.998024 
4.3650 1.001837 
4.3750 1.002717 
4.3850 0.998501 
4.3950 0.999638 
4.4050 1.004131 
4.4150 1.005599 
4.4250 1.007389 
4.4350 0.999507 
4.4450 0.997646 
4.4550 1.001746 
4.4650 1.002015 
4.4750 1.008860 
4.4850 0.997247 
4.4950 1.001692 