
0.0050 0.000000 
0.0150 0.000000 
0.0250 0.000000 
0.0350 0.000000 
0.0450 0.000000 
0.0550 0.000000 
0.0650 0.000000 
0.0750 0.000000 
0.0850 0.000000 
0.0950 0.000000 
0.1050 0.000000 
0.1150 0.000000 
0.1250 0.000000 
0.1350 0.000000 
0.1450 0.000000 
0.1550 0.000000 
0.1650 0.000000 
0.1750 0.000000 
0.1850 0.000000 
0.1950 0.000000 
0.2050 0.000000 
0.2150 0.000000 
0.2250 0.000000 
0.2350 0.000000 
0.2450 0.000000 
0.2550 0.000000 
0.2650 0.000000 
0.2750 0.000000 
0.2850 0.000000 
0.2950 0.000000 
0.3050 0.000000 
0.3150 0.000000 
0.3250 0.000000 
0.3350 0.000000 
0.3450 0.000000 
0.3550 0.000000 
0.3650 0.000000 
0.3750 0.000000 
0.3850 0.000000 
0.3950 0.000000 
0.4050 0.000000 
0.4150 0.000000 
0.4250 0.000000 
0.4350 0.000000 
0.4450 0.000000 
0.4550 0.000000 
0.4650 0.000000 
0.4750 0.000000 
0.4850 0.000000 
0.4950 0.002741 
0.5050 0.009741 
0.5150 0.016636 
0.5250 0.020363 
0.5350 0.031247 
0.5450 0.040490 
0.5550 0.044967 
0.5650 0.046583 
0.5750 0.060695 
0.5850 0.069103 
0.5950 0.068950 
0.6050 0.082704 
0.6150 0.088553 
0.6250 0.101967 
0.6350 0.105325 
0.6450 0.115960 
0.6550 0.120692 
0.6650 0.134614 
0.6750 0.140066 
0.6850 0.147719 
0.6950 0.161760 
0.7050 0.175768 
0.7150 0.175468 
0.7250 0.186088 
0.7350 0.197579 
0.7450 0.209448 
0.7550 0.217060 
0.7650 0.223252 
0.7750 0.250368 
0.7850 0.256197 
0.7950 0.267342 
0.8050 0.272395 
0.8150 0.279205 
0.8250 0.301743 
0.8350 0.304983 
0.8450 0.322254 
0.8550 0.338326 
0.8650 0.344676 
0.8750 0.380568 
0.8850 0.371384 
0.8950 0.389432 
0.9050 0.412260 
0.9150 0.415879 
0.9250 0.427063 
0.9350 0.455597 
0.9450 0.462161 
0.9550 0.476886 
0.9650 0.506408 
0.9750 0.550534 
0.9850 0.650784 
0.9950 1.551589 
1.0050 5.651686 
1.0150 6.333389 
1.0250 5.311349 
1.0350 3.911010 
1.0450 2.740054 
1.0550 1.934527 
1.0650 1.478580 
1.0750 1.199606 
1.0850 1.045192 
1.0950 0.944276 
1.1050 0.897573 
1.1150 0.873499 
1.1250 0.855233 
1.1350 0.843824 
1.1450 0.820473 
1.1550 0.816206 
1.1650 0.810401 
1.1750 0.820882 
1.1850 0.808369 
1.1950 0.826258 
1.2050 0.827641 
1.2150 0.833213 
1.2250 0.833054 
1.2350 0.846920 
1.2450 0.833773 
1.2550 0.839051 
1.2650 0.847417 
1.2750 0.880879 
1.2850 0.866880 
1.2950 0.873191 
1.3050 0.870775 
1.3150 0.882217 
1.3250 0.881573 
1.3350 0.883240 
1.3450 0.897000 
1.3550 0.892546 
1.3650 0.902849 
1.3750 0.890721 
1.3850 0.900888 
1.3950 0.908708 
1.4050 0.917086 
1.4150 0.922027 
1.4250 0.914381 
1.4350 0.923913 
1.4450 0.933668 
1.4550 0.924809 
1.4650 0.930579 
1.4750 0.916710 
1.4850 0.938207 
1.4950 0.934979 
1.5050 0.945520 
1.5150 0.946625 
1.5250 0.939207 
1.5350 0.935667 
1.5450 0.950794 
1.5550 0.941240 
1.5650 0.934536 
1.5750 0.942337 
1.5850 0.942174 
1.5950 0.935375 
1.6050 0.922756 
1.6150 0.940323 
1.6250 0.927566 
1.6350 0.930893 
1.6450 0.935166 
1.6550 0.932577 
1.6650 0.928787 
1.6750 0.936923 
1.6850 0.941414 
1.6950 0.934415 
1.7050 0.938868 
1.7150 0.935601 
1.7250 0.935539 
1.7350 0.936759 
1.7450 0.928616 
1.7550 0.939984 
1.7650 0.926254 
1.7750 0.918307 
1.7850 0.932077 
1.7950 0.935797 
1.8050 0.928782 
1.8150 0.921231 
1.8250 0.922563 
1.8350 0.929372 
1.8450 0.944581 
1.8550 0.933516 
1.8650 0.933517 
1.8750 0.938483 
1.8850 0.952688 
1.8950 0.945419 
1.9050 0.952084 
1.9150 0.952122 
1.9250 0.970532 
1.9350 0.954801 
1.9450 0.986932 
1.9550 1.013186 
1.9650 1.030739 
1.9750 1.055425 
1.9850 1.111283 
1.9950 1.207824 
2.0050 1.387906 
2.0150 1.497217 
2.0250 1.473217 
2.0350 1.382611 
2.0450 1.280437 
2.0550 1.184286 
2.0650 1.130691 
2.0750 1.075841 
2.0850 1.048850 
2.0950 1.020158 
2.1050 1.003429 
2.1150 0.990858 
2.1250 0.978566 
2.1350 0.968710 
2.1450 0.977231 
2.1550 0.968742 
2.1650 0.971816 
2.1750 0.977967 
2.1850 0.969004 
2.1950 0.956423 
2.2050 0.972443 
2.2150 0.971844 
2.2250 0.958997 
2.2350 0.972152 
2.2450 0.967070 
2.2550 0.974805 
2.2650 0.976435 
2.2750 0.966442 
2.2850 0.968318 
2.2950 0.973344 
2.3050 0.968685 
2.3150 0.957901 
2.3250 0.968642 
2.3350 0.972958 
2.3450 0.971332 
2.3550 0.966853 
2.3650 0.980916 
2.3750 0.969525 
2.3850 0.967404 
2.3950 0.982430 
2.4050 0.976577 
2.4150 0.984575 
2.4250 0.975342 
2.4350 0.980612 
2.4450 0.978672 
2.4550 0.986741 
2.4650 0.978793 
2.4750 0.978058 
2.4850 0.977191 
2.4950 0.991578 
2.5050 0.988685 
2.5150 0.985034 
2.5250 0.987268 
2.5350 0.989687 
2.5450 0.991987 
2.5550 0.987375 
2.5650 0.980934 
2.5750 0.986793 
2.5850 0.990060 
2.5950 0.987899 
2.6050 0.985951 
2.6150 0.982450 
2.6250 0.986824 
2.6350 0.982437 
2.6450 0.990333 
2.6550 0.986996 
2.6650 0.984101 
2.6750 0.990082 
2.6850 0.993852 
2.6950 0.990075 
2.7050 0.996346 
2.7150 0.984716 
2.7250 0.985282 
2.7350 0.987219 
2.7450 0.990450 
2.7550 0.988910 
2.7650 0.999224 
2.7750 0.996523 
2.7850 0.994210 
2.7950 0.992341 
2.8050 0.988505 
2.8150 0.987794 
2.8250 0.999406 
2.8350 0.993595 
2.8450 0.991011 
2.8550 0.994673 
2.8650 0.990371 
2.8750 0.992703 
2.8850 0.988497 
2.8950 1.002367 
2.9050 0.999864 
2.9150 0.998053 
2.9250 1.001955 
2.9350 1.006121 
2.9450 1.009186 
2.9550 1.005342 
2.9650 1.018598 
2.9750 1.018628 
2.9850 1.024159 
2.9950 1.023143 
3.0050 1.041940 
3.0150 1.038660 
3.0250 1.036278 
3.0350 1.048563 
3.0450 1.035857 
3.0550 1.025279 
3.0650 1.020181 
3.0750 1.011919 
3.0850 1.005429 
3.0950 1.005059 
3.1050 1.003507 
3.1150 0.987471 
3.1250 0.989680 
3.1350 0.995365 
3.1450 0.992178 
3.1550 0.995815 
3.1650 0.992241 
3.1750 1.004123 
3.1850 0.996787 
3.1950 0.993967 
3.2050 0.982945 
3.2150 0.982047 
3.2250 0.993751 
3.2350 0.990736 
3.2450 0.996886 
3.2550 0.988311 
3.2650 0.993670 
3.2750 1.000198 
3.2850 0.992081 
3.2950 0.988478 
3.3050 0.991314 
3.3150 0.997590 
3.3250 0.988550 
3.3350 0.984179 
3.3450 0.998755 
3.3550 1.007254 
3.3650 0.982738 
3.3750 0.990422 
3.3850 0.989371 
3.3950 0.991071 
3.4050 0.987160 
3.4150 1.001755 
3.4250 1.002804 
3.4350 1.003326 
3.4450 1.002726 
3.4550 0.997155 
3.4650 0.999538 
3.4750 0.993024 
3.4850 0.988043 
3.4950 0.991950 
3.5050 0.989392 
3.5150 0.997726 
3.5250 0.999267 
3.5350 1.002614 
3.5450 1.000972 
3.5550 0.992795 
3.5650 0.996084 
3.5750 0.997800 
3.5850 1.000007 
3.5950 0.990401 
3.6050 0.997409 
3.6150 1.013204 
3.6250 0.995264 
3.6350 1.002577 
3.6450 0.998563 
3.6550 0.997872 
3.6650 1.002364 
3.6750 1.003853 
3.6850 1.000761 
3.6950 1.002431 
3.7050 0.992226 
3.7150 1.008968 
3.7250 0.999995 
3.7350 0.996863 
3.7450 1.005214 
3.7550 0.993975 
3.7650 1.003539 
3.7750 1.003626 
3.7850 0.996706 
3.7950 1.001702 
3.8050 0.998444 
3.8150 0.996861 
3.8250 1.012373 
3.8350 1.006502 
3.8450 0.993076 
3.8550 0.997715 
3.8650 0.998877 
3.8750 1.006391 
3.8850 0.998453 
3.8950 1.003821 
3.9050 0.998034 
3.9150 0.993631 
3.9250 0.999297 
3.9350 0.996978 
3.9450 1.003908 
3.9550 1.002628 
3.9650 1.002044 
3.9750 0.993522 
3.9850 0.996785 
3.9950 1.006541 
4.0050 1.007107 
4.0150 1.009843 
4.0250 0.995286 
4.0350 0.997720 
4.0450 1.005873 
4.0550 1.005063 
4.0650 1.005855 
4.0750 0.998897 
4.0850 0.996664 
4.0950 0.990097 
4.1050 0.996399 
4.1150 1.000342 
4.1250 1.001218 
4.1350 0.994537 
4.1450 0.991893 
4.1550 0.994080 
4.1650 0.996379 
4.1750 1.002151 
4.1850 0.989640 
4.1950 1.003802 
4.2050 0.995213 
4.2150 0.998051 
4.2250 0.998627 
4.2350 0.998777 
4.2450 1.001123 
4.2550 0.998310 
4.2650 1.002873 
4.2750 0.998828 
4.2850 1.003548 
4.2950 0.997011 
4.3050 1.000560 
4.3150 1.001872 
4.3250 0.999222 
4.3350 1.000315 
4.3450 1.000890 
4.3550 0.998732 
4.3650 1.002385 
4.3750 1.009033 
4.3850 1.008023 
4.3950 1.004505 
4.4050 1.001237 
4.4150 1.005560 
4.4250 0.992676 
4.4350 0.996246 
4.4450 1.006923 
4.4550 1.000325 
4.4650 1.009508 
4.4750 1.002417 
4.4850 1.008960 
4.4950 0.995088 