
0.0050 0.000000 
0.0150 0.000000 
0.0250 0.000000 
0.0350 0.000000 
0.0450 0.000000 
0.0550 0.000000 
0.0650 0.000000 
0.0750 0.000000 
0.0850 0.000000 
0.0950 0.000000 
0.1050 0.000000 
0.1150 0.000000 
0.1250 0.000000 
0.1350 0.000000 
0.1450 0.000000 
0.1550 0.000000 
0.1650 0.000000 
0.1750 0.000000 
0.1850 0.000000 
0.1950 0.000000 
0.2050 0.000000 
0.2150 0.000000 
0.2250 0.000000 
0.2350 0.000000 
0.2450 0.000000 
0.2550 0.000000 
0.2650 0.000000 
0.2750 0.000000 
0.2850 0.000000 
0.2950 0.000000 
0.3050 0.000000 
0.3150 0.000000 
0.3250 0.000000 
0.3350 0.000000 
0.3450 0.000000 
0.3550 0.000000 
0.3650 0.000000 
0.3750 0.000000 
0.3850 0.000000 
0.3950 0.000000 
0.4050 0.000000 
0.4150 0.000000 
0.4250 0.000000 
0.4350 0.000000 
0.4450 0.000000 
0.4550 0.000000 
0.4650 0.000000 
0.4750 0.000000 
0.4850 0.000000 
0.4950 0.000000 
0.5050 0.000000 
0.5150 0.000000 
0.5250 0.000000 
0.5350 0.000000 
0.5450 0.000000 
0.5550 0.000000 
0.5650 0.000000 
0.5750 0.000000 
0.5850 0.000000 
0.5950 0.000000 
0.6050 0.000000 
0.6150 0.000000 
0.6250 0.000000 
0.6350 0.000000 
0.6450 0.000000 
0.6550 0.000000 
0.6650 0.000000 
0.6750 0.000000 
0.6850 0.000000 
0.6950 0.000000 
0.7050 0.000000 
0.7150 0.000000 
0.7250 0.000000 
0.7350 0.000000 
0.7450 0.000000 
0.7550 0.000000 
0.7650 0.000000 
0.7750 0.000000 
0.7850 0.000000 
0.7950 0.000000 
0.8050 0.000000 
0.8150 0.000000 
0.8250 0.000000 
0.8350 0.000000 
0.8450 0.000000 
0.8550 0.001892 
0.8650 0.031898 
0.8750 0.068424 
0.8850 0.112407 
0.8950 0.149510 
0.9050 0.187964 
0.9150 0.245133 
0.9250 0.284770 
0.9350 0.329943 
0.9450 0.394631 
0.9550 0.463057 
0.9650 0.541993 
0.9750 0.656725 
0.9850 0.870797 
0.9950 1.114506 
1.0050 1.437006 
1.0150 1.709096 
1.0250 1.887591 
1.0350 1.969835 
1.0450 1.916488 
1.0550 1.786332 
1.0650 1.627471 
1.0750 1.561486 
1.0850 1.498677 
1.0950 1.448534 
1.1050 1.434327 
1.1150 1.419991 
1.1250 1.431377 
1.1350 1.418971 
1.1450 1.429721 
1.1550 1.389854 
1.1650 1.370654 
1.1750 1.335666 
1.1850 1.333583 
1.1950 1.331677 
1.2050 1.305665 
1.2150 1.301281 
1.2250 1.261803 
1.2350 1.261435 
1.2450 1.248946 
1.2550 1.243792 
1.2650 1.233526 
1.2750 1.228238 
1.2850 1.214534 
1.2950 1.193069 
1.3050 1.169773 
1.3150 1.173499 
1.3250 1.170150 
1.3350 1.157710 
1.3450 1.149643 
1.3550 1.151455 
1.3650 1.141487 
1.3750 1.132657 
1.3850 1.114649 
1.3950 1.132016 
1.4050 1.105338 
1.4150 1.101716 
1.4250 1.087124 
1.4350 1.071009 
1.4450 1.074846 
1.4550 1.061559 
1.4650 1.054803 
1.4750 1.059367 
1.4850 1.050877 
1.4950 1.033879 
1.5050 1.042347 
1.5150 1.025685 
1.5250 1.024019 
1.5350 1.019984 
1.5450 0.999699 
1.5550 0.999385 
1.5650 1.019752 
1.5750 0.983048 
1.5850 0.992595 
1.5950 0.979647 
1.6050 0.982233 
1.6150 0.981299 
1.6250 0.978957 
1.6350 0.963012 
1.6450 0.980172 
1.6550 0.968643 
1.6650 0.954893 
1.6750 0.967971 
1.6850 0.960723 
1.6950 0.945399 
1.7050 0.959354 
1.7150 0.946705 
1.7250 0.934995 
1.7350 0.927849 
1.7450 0.939775 
1.7550 0.924314 
1.7650 0.935157 
1.7750 0.926631 
1.7850 0.923895 
1.7950 0.930325 
1.8050 0.928072 
1.8150 0.933655 
1.8250 0.918678 
1.8350 0.922995 
1.8450 0.926015 
1.8550 0.917814 
1.8650 0.936449 
1.8750 0.919576 
1.8850 0.924817 
1.8950 0.925179 
1.9050 0.914236 
1.9150 0.927140 
1.9250 0.942573 
1.9350 0.921379 
1.9450 0.940944 
1.9550 0.933215 
1.9650 0.955391 
1.9750 0.969686 
1.9850 0.960251 
1.9950 0.971295 
2.0050 0.978310 
2.0150 0.991190 
2.0250 0.998291 
2.0350 1.000577 
2.0450 1.005849 
2.0550 1.010404 
2.0650 1.013385 
2.0750 1.010902 
2.0850 1.014015 
2.0950 0.997929 
2.1050 1.013213 
2.1150 1.007625 
2.1250 1.009248 
2.1350 1.004171 
2.1450 1.013484 
2.1550 1.007048 
2.1650 0.999920 
2.1750 1.016707 
2.1850 1.014098 
2.1950 1.015718 
2.2050 1.028795 
2.2150 1.004445 
2.2250 1.012424 
2.2350 1.011996 
2.2450 1.011229 
2.2550 1.012553 
2.2650 1.016884 
2.2750 1.007202 
2.2850 1.012304 
2.2950 1.018963 
2.3050 1.010992 
2.3150 1.024910 
2.3250 1.020548 
2.3350 1.006047 
2.3450 1.000235 
2.3550 1.020568 
2.3650 1.020959 
2.3750 1.010803 
2.3850 1.014889 
2.3950 1.012087 
2.4050 1.015209 
2.4150 1.009209 
2.4250 1.010167 
2.4350 1.002692 
2.4450 1.004123 
2.4550 1.013724 
2.4650 1.007679 
2.4750 1.007829 
2.4850 1.004263 
2.4950 1.010764 
2.5050 1.011890 
2.5150 1.014061 
2.5250 1.015842 
2.5350 1.001253 
2.5450 1.006665 
2.5550 1.005241 
2.5650 1.007929 
2.5750 1.010729 
2.5850 1.000510 
2.5950 1.010597 
2.6050 1.008333 
2.6150 1.006053 
2.6250 1.013822 
2.6350 1.002487 
2.6450 1.003423 
2.6550 1.001808 
2.6650 0.995266 
2.6750 1.026260 
2.6850 1.005664 
2.6950 0.992931 
2.7050 1.006713 
2.7150 1.004303 
2.7250 1.009974 
2.7350 0.992284 
2.7450 1.004996 
2.7550 1.002534 
2.7650 0.993503 
2.7750 1.005643 
2.7850 0.999675 
2.7950 1.006872 
2.8050 0.992498 
2.8150 0.998820 
2.8250 0.986392 
2.8350 0.999808 
2.8450 0.989057 
2.8550 0.991469 
2.8650 0.995803 
2.8750 0.983453 
2.8850 1.007761 
2.8950 0.992708 
2.9050 0.999305 
2.9150 0.999373 
2.9250 0.999675 
2.9350 0.988554 
2.9450 0.999343 
2.9550 0.995504 
2.9650 0.992729 
2.9750 0.997474 
2.9850 1.002646 
2.9950 1.001959 
3.0050 0.995301 
3.0150 1.000712 
3.0250 1.001339 
3.0350 1.005567 
3.0450 1.005556 
3.0550 1.002606 
3.0650 1.002549 
3.0750 1.001824 
3.0850 0.996559 
3.0950 0.999588 
3.1050 0.996705 
3.1150 1.000291 
3.1250 0.996740 
3.1350 1.010532 
3.1450 1.004387 
3.1550 0.996384 
3.1650 1.006102 
3.1750 1.001780 
3.1850 1.000036 
3.1950 0.997259 
3.2050 1.006427 
3.2150 0.995241 
3.2250 0.996402 
3.2350 1.000015 
3.2450 1.002499 
3.2550 0.997585 
3.2650 1.005928 
3.2750 1.003018 
3.2850 1.001219 
3.2950 0.997355 
3.3050 0.991029 
3.3150 1.003497 
3.3250 1.007403 
3.3350 0.993975 
3.3450 0.997988 
3.3550 1.006184 
3.3650 1.002664 
3.3750 1.004867 
3.3850 1.001726 
3.3950 1.002181 
3.4050 1.002833 
3.4150 1.003182 
3.4250 1.003653 
3.4350 0.996752 
3.4450 1.002627 
3.4550 1.003170 
3.4650 0.997589 
3.4750 1.004124 
3.4850 0.993271 
3.4950 1.000001 
3.5050 1.001447 
3.5150 1.002033 
3.5250 1.007517 
3.5350 0.998694 
3.5450 1.004808 
3.5550 0.996091 
3.5650 0.997596 
3.5750 1.007681 
3.5850 1.002488 
3.5950 0.997491 
3.6050 1.005001 
3.6150 1.003503 
3.6250 1.001823 
3.6350 1.005330 
3.6450 0.999760 
3.6550 0.997754 
3.6650 1.009645 
3.6750 0.994845 
3.6850 1.012576 
3.6950 1.005718 
3.7050 0.997975 
3.7150 1.009729 
3.7250 1.002636 
3.7350 1.002932 
3.7450 1.007818 
3.7550 1.003133 
3.7650 1.000313 
3.7750 1.001088 
3.7850 0.999057 
3.7950 0.990004 
3.8050 1.002827 
3.8150 1.005270 
3.8250 1.004210 
3.8350 1.007796 
3.8450 1.002753 
3.8550 0.999601 
3.8650 1.000094 
3.8750 0.996943 
3.8850 1.010299 
3.8950 1.005205 
3.9050 0.993762 
3.9150 0.998896 
3.9250 1.000256 
3.9350 1.010500 
3.9450 0.999962 
3.9550 1.005310 
3.9650 0.996823 
3.9750 0.999505 
3.9850 0.998331 
3.9950 0.994486 
4.0050 0.999567 
4.0150 1.003984 
4.0250 0.997412 
4.0350 0.991996 
4.0450 1.005662 
4.0550 1.002700 
4.0650 1.003793 
4.0750 1.006433 
4.0850 1.001795 
4.0950 0.997346 
4.1050 0.996670 
4.1150 1.004001 
4.1250 1.002794 
4.1350 1.004034 
4.1450 1.001346 
4.1550 1.000524 
4.1650 1.000282 
4.1750 1.006331 
4.1850 0.996836 
4.1950 0.998989 
4.2050 1.005976 
4.2150 1.010046 
4.2250 1.001543 
4.2350 1.003948 
4.2450 1.003702 
4.2550 1.007016 
4.2650 1.009753 
4.2750 1.002971 
4.2850 1.001492 
4.2950 1.003943 
4.3050 1.007794 
4.3150 0.997352 
4.3250 1.001141 
4.3350 1.000551 
4.3450 1.000299 
4.3550 0.997062 
4.3650 0.998446 
4.3750 1.002130 
4.3850 0.998013 
4.3950 1.000398 
4.4050 0.998129 
4.4150 1.004727 
4.4250 1.006152 
4.4350 0.998253 
4.4450 1.006884 
4.4550 0.998482 
4.4650 0.999314 
4.4750 0.997217 
4.4850 0.999269 
4.4950 1.003862 