
0.0050 0.000000 
0.0150 0.000000 
0.0250 0.000000 
0.0350 0.000000 
0.0450 0.000000 
0.0550 0.000000 
0.0650 0.000000 
0.0750 0.000000 
0.0850 0.000000 
0.0950 0.000000 
0.1050 0.000000 
0.1150 0.000000 
0.1250 0.000000 
0.1350 0.000000 
0.1450 0.000000 
0.1550 0.000000 
0.1650 0.000000 
0.1750 0.000000 
0.1850 0.000000 
0.1950 0.000000 
0.2050 0.000000 
0.2150 0.000000 
0.2250 0.000000 
0.2350 0.000000 
0.2450 0.000000 
0.2550 0.000000 
0.2650 0.000000 
0.2750 0.000000 
0.2850 0.000000 
0.2950 0.000000 
0.3050 0.000000 
0.3150 0.000000 
0.3250 0.000000 
0.3350 0.000000 
0.3450 0.000000 
0.3550 0.000000 
0.3650 0.000000 
0.3750 0.000000 
0.3850 0.000000 
0.3950 0.000000 
0.4050 0.000000 
0.4150 0.000000 
0.4250 0.000000 
0.4350 0.000000 
0.4450 0.000000 
0.4550 0.000000 
0.4650 0.000000 
0.4750 0.000000 
0.4850 0.000000 
0.4950 0.000000 
0.5050 0.000000 
0.5150 0.000000 
0.5250 0.000000 
0.5350 0.000000 
0.5450 0.000000 
0.5550 0.000000 
0.5650 0.000000 
0.5750 0.000000 
0.5850 0.000000 
0.5950 0.000000 
0.6050 0.000000 
0.6150 0.000000 
0.6250 0.000000 
0.6350 0.000000 
0.6450 0.000000 
0.6550 0.000000 
0.6650 0.000000 
0.6750 0.004031 
0.6850 0.020234 
0.6950 0.041847 
0.7050 0.065506 
0.7150 0.081131 
0.7250 0.101257 
0.7350 0.127784 
0.7450 0.145951 
0.7550 0.158908 
0.7650 0.179202 
0.7750 0.197988 
0.7850 0.219985 
0.7950 0.239505 
0.8050 0.274299 
0.8150 0.284010 
0.8250 0.305562 
0.8350 0.317219 
0.8450 0.342508 
0.8550 0.360038 
0.8650 0.399710 
0.8750 0.418333 
0.8850 0.429416 
0.8950 0.464140 
0.9050 0.489441 
0.9150 0.522478 
0.9250 0.549740 
0.9350 0.595829 
0.9450 0.607950 
0.9550 0.645514 
0.9650 0.696255 
0.9750 0.724547 
0.9850 0.760488 
0.9950 0.814809 
1.0050 0.872974 
1.0150 0.930669 
1.0250 0.958805 
1.0350 0.997683 
1.0450 1.014122 
1.0550 1.065319 
1.0650 1.066330 
1.0750 1.102137 
1.0850 1.104913 
1.0950 1.118228 
1.1050 1.136705 
1.1150 1.154163 
1.1250 1.186244 
1.1350 1.164945 
1.1450 1.156676 
1.1550 1.167601 
1.1650 1.169628 
1.1750 1.180040 
1.1850 1.192220 
1.1950 1.197275 
1.2050 1.187521 
1.2150 1.241254 
1.2250 1.205815 
1.2350 1.201686 
1.2450 1.223387 
1.2550 1.238082 
1.2650 1.215991 
1.2750 1.222016 
1.2850 1.238636 
1.2950 1.249072 
1.3050 1.243722 
1.3150 1.241891 
1.3250 1.228175 
1.3350 1.233838 
1.3450 1.232439 
1.3550 1.214246 
1.3650 1.206195 
1.3750 1.197020 
1.3850 1.204245 
1.3950 1.173190 
1.4050 1.168636 
1.4150 1.156244 
1.4250 1.165409 
1.4350 1.141613 
1.4450 1.140001 
1.4550 1.130433 
1.4650 1.115343 
1.4750 1.108269 
1.4850 1.103706 
1.4950 1.100402 
1.5050 1.085513 
1.5150 1.080908 
1.5250 1.074403 
1.5350 1.066314 
1.5450 1.066286 
1.5550 1.066974 
1.5650 1.046866 
1.5750 1.038939 
1.5850 1.018830 
1.5950 1.018030 
1.6050 1.037189 
1.6150 1.010854 
1.6250 1.004495 
1.6350 1.017589 
1.6450 1.010436 
1.6550 1.000273 
1.6650 0.994540 
1.6750 0.996777 
1.6850 0.977195 
1.6950 0.984395 
1.7050 0.972227 
1.7150 0.977481 
1.7250 0.964800 
1.7350 0.966639 
1.7450 0.974624 
1.7550 0.959937 
1.7650 0.975225 
1.7750 0.973692 
1.7850 0.949256 
1.7950 0.951120 
1.8050 0.954194 
1.8150 0.958081 
1.8250 0.959117 
1.8350 0.954323 
1.8450 0.944813 
1.8550 0.951061 
1.8650 0.946067 
1.8750 0.946684 
1.8850 0.949107 
1.8950 0.938973 
1.9050 0.949214 
1.9150 0.954397 
1.9250 0.949940 
1.9350 0.941644 
1.9450 0.949377 
1.9550 0.946413 
1.9650 0.955869 
1.9750 0.939795 
1.9850 0.962791 
1.9950 0.954165 
2.0050 0.963651 
2.0150 0.958329 
2.0250 0.961161 
2.0350 0.967198 
2.0450 0.968538 
2.0550 0.966747 
2.0650 0.965677 
2.0750 0.977506 
2.0850 0.969878 
2.0950 0.970765 
2.1050 0.973877 
2.1150 0.977162 
2.1250 0.978244 
2.1350 0.969470 
2.1450 0.976076 
2.1550 0.978418 
2.1650 0.980934 
2.1750 0.993329 
2.1850 0.986877 
2.1950 0.995823 
2.2050 0.978101 
2.2150 0.990286 
2.2250 0.994448 
2.2350 0.993986 
2.2450 0.992880 
2.2550 0.996862 
2.2650 0.999338 
2.2750 1.001266 
2.2850 1.000597 
2.2950 0.996582 
2.3050 1.003169 
2.3150 1.002573 
2.3250 0.997939 
2.3350 1.002569 
2.3450 1.005009 
2.3550 1.008772 
2.3650 1.007154 
2.3750 1.015626 
2.3850 1.017971 
2.3950 1.009375 
2.4050 1.010340 
2.4150 1.005740 
2.4250 1.021481 
2.4350 1.006062 
2.4450 1.006605 
2.4550 1.005856 
2.4650 1.011562 
2.4750 1.011283 
2.4850 1.011040 
2.4950 1.017273 
2.5050 1.014040 
2.5150 1.010526 
2.5250 1.009578 
2.5350 1.023240 
2.5450 1.025542 
2.5550 1.018893 
2.5650 1.017394 
2.5750 1.017468 
2.5850 1.004346 
2.5950 1.017778 
2.6050 1.003738 
2.6150 1.009290 
2.6250 1.017405 
2.6350 1.005278 
2.6450 1.013281 
2.6550 1.006992 
2.6650 0.995362 
2.6750 0.992447 
2.6850 1.007926 
2.6950 0.995627 
2.7050 1.000866 
2.7150 1.012836 
2.7250 1.009252 
2.7350 1.001036 
2.7450 1.012627 
2.7550 1.008430 
2.7650 1.007727 
2.7750 1.010357 
2.7850 1.000411 
2.7950 0.995890 
2.8050 0.993778 
2.8150 0.995843 
2.8250 1.006761 
2.8350 0.997938 
2.8450 1.006698 
2.8550 1.001621 
2.8650 0.999862 
2.8750 0.998591 
2.8850 0.993802 
2.8950 0.994244 
2.9050 1.003455 
2.9150 0.994152 
2.9250 0.996576 
2.9350 1.004607 
2.9450 0.992694 
2.9550 0.990498 
2.9650 1.007523 
2.9750 0.997934 
2.9850 1.014190 
2.9950 1.000389 
3.0050 0.995187 
3.0150 1.002754 
3.0250 0.999812 
3.0350 1.000947 
3.0450 0.997581 
3.0550 1.000199 
3.0650 0.998754 
3.0750 1.005078 
3.0850 0.993898 
3.0950 1.001219 
3.1050 1.000533 
3.1150 0.999193 
3.1250 0.991430 
3.1350 1.008922 
3.1450 0.998487 
3.1550 0.998688 
3.1650 0.993241 
3.1750 0.998441 
3.1850 0.992867 
3.1950 1.000203 
3.2050 0.993699 
3.2150 0.990213 
3.2250 1.000327 
3.2350 1.005488 
3.2450 0.996938 
3.2550 1.005362 
3.2650 0.997127 
3.2750 0.990667 
3.2850 0.999735 
3.2950 0.999898 
3.3050 1.012481 
3.3150 1.001253 
3.3250 1.001256 
3.3350 1.002079 
3.3450 0.998167 
3.3550 0.998103 
3.3650 1.000021 
3.3750 1.014193 
3.3850 0.991923 
3.3950 0.996311 
3.4050 0.997483 
3.4150 1.008767 
3.4250 1.001256 
3.4350 1.001831 
3.4450 0.997190 
3.4550 1.001982 
3.4650 1.000872 
3.4750 0.995903 
3.4850 0.999283 
3.4950 0.994544 
3.5050 0.999934 
3.5150 0.999965 
3.5250 0.991600 
3.5350 0.998090 
3.5450 1.001986 
3.5550 1.002155 
3.5650 0.995676 
3.5750 0.997178 
3.5850 1.005399 
3.5950 1.001869 
3.6050 1.011123 
3.6150 1.011737 
3.6250 1.005151 
3.6350 1.001566 
3.6450 1.001590 
3.6550 0.995274 
3.6650 0.997696 
3.6750 1.006041 
3.6850 0.998509 
3.6950 1.000718 
3.7050 1.000907 
3.7150 1.011870 
3.7250 1.002475 
3.7350 0.998626 
3.7450 0.999481 
3.7550 1.000900 
3.7650 0.996655 
3.7750 0.998369 
3.7850 1.002673 
3.7950 0.997690 
3.8050 1.002153 
3.8150 1.003364 
3.8250 0.998776 
3.8350 1.002599 
3.8450 0.995145 
3.8550 1.002685 
3.8650 1.000249 
3.8750 0.990232 
3.8850 0.996802 
3.8950 0.994553 
3.9050 1.008439 
3.9150 0.999050 
3.9250 1.001411 
3.9350 0.999913 
3.9450 1.004689 
3.9550 0.998107 
3.9650 1.003684 
3.9750 1.011643 
3.9850 1.007969 
3.9950 0.999475 
4.0050 1.003711 
4.0150 1.004261 
4.0250 1.002704 
4.0350 0.992187 
4.0450 0.997160 
4.0550 1.002088 
4.0650 0.998300 
4.0750 0.999737 
4.0850 0.998696 
4.0950 1.003947 
4.1050 1.005569 
4.1150 1.006475 
4.1250 1.001881 
4.1350 0.997330 
4.1450 1.004401 
4.1550 1.000112 
4.1650 0.998885 
4.1750 0.998298 
4.1850 0.998900 
4.1950 1.001539 
4.2050 1.004328 
4.2150 0.996569 
4.2250 0.996177 
4.2350 0.997262 
4.2450 0.996649 
4.2550 1.000823 
4.2650 0.998319 
4.2750 0.999589 
4.2850 1.002869 
4.2950 1.005277 
4.3050 0.998056 
4.3150 1.011112 
4.3250 0.999381 
4.3350 1.001657 
4.3450 0.996460 
4.3550 0.998260 
4.3650 1.006834 
4.3750 0.999725 
4.3850 0.999711 
4.3950 1.001449 
4.4050 0.992944 
4.4150 1.006568 
4.4250 1.009342 
4.4350 0.999430 
4.4450 0.999070 
4.4550 0.995178 
4.4650 0.985996 
4.4750 1.004119 
4.4850 1.015121 
4.4950 1.006698 