
0.0050 0.000000 
0.0150 0.000000 
0.0250 0.000000 
0.0350 0.000000 
0.0450 0.000000 
0.0550 0.000000 
0.0650 0.000000 
0.0750 0.000000 
0.0850 0.000000 
0.0950 0.000000 
0.1050 0.000000 
0.1150 0.000000 
0.1250 0.000000 
0.1350 0.000000 
0.1450 0.000000 
0.1550 0.000000 
0.1650 0.000000 
0.1750 0.000000 
0.1850 0.000000 
0.1950 0.000000 
0.2050 0.000000 
0.2150 0.000000 
0.2250 0.000000 
0.2350 0.000000 
0.2450 0.000000 
0.2550 0.000000 
0.2650 0.000000 
0.2750 0.000000 
0.2850 0.000000 
0.2950 0.000000 
0.3050 0.000000 
0.3150 0.000000 
0.3250 0.000000 
0.3350 0.000000 
0.3450 0.000000 
0.3550 0.000000 
0.3650 0.000000 
0.3750 0.000000 
0.3850 0.000000 
0.3950 0.000000 
0.4050 0.000000 
0.4150 0.000000 
0.4250 0.000000 
0.4350 0.000000 
0.4450 0.000000 
0.4550 0.000000 
0.4650 0.000000 
0.4750 0.000000 
0.4850 0.000000 
0.4950 0.000000 
0.5050 0.000000 
0.5150 0.000000 
0.5250 0.000000 
0.5350 0.000000 
0.5450 0.000000 
0.5550 0.000000 
0.5650 0.000000 
0.5750 0.000000 
0.5850 0.000000 
0.5950 0.000000 
0.6050 0.000000 
0.6150 0.000000 
0.6250 0.000000 
0.6350 0.000000 
0.6450 0.000000 
0.6550 0.000000 
0.6650 0.000000 
0.6750 0.000000 
0.6850 0.000000 
0.6950 0.000000 
0.7050 0.000000 
0.7150 0.000000 
0.7250 0.000000 
0.7350 0.000000 
0.7450 0.008679 
0.7550 0.033359 
0.7650 0.054394 
0.7750 0.076757 
0.7850 0.105927 
0.7950 0.126765 
0.8050 0.157558 
0.8150 0.177989 
0.8250 0.202366 
0.8350 0.237889 
0.8450 0.259879 
0.8550 0.283947 
0.8650 0.314255 
0.8750 0.337936 
0.8850 0.356467 
0.8950 0.394000 
0.9050 0.417625 
0.9150 0.455353 
0.9250 0.478363 
0.9350 0.513913 
0.9450 0.548805 
0.9550 0.595550 
0.9650 0.619256 
0.9750 0.662843 
0.9850 0.705549 
0.9950 0.766330 
1.0050 0.847278 
1.0150 0.889019 
1.0250 0.918474 
1.0350 0.981211 
1.0450 1.018934 
1.0550 1.021604 
1.0650 1.066089 
1.0750 1.073904 
1.0850 1.117721 
1.0950 1.144546 
1.1050 1.157153 
1.1150 1.187736 
1.1250 1.185487 
1.1350 1.208222 
1.1450 1.204344 
1.1550 1.231767 
1.1650 1.250155 
1.1750 1.268161 
1.1850 1.252825 
1.1950 1.272006 
1.2050 1.303399 
1.2150 1.298683 
1.2250 1.303863 
1.2350 1.308268 
1.2450 1.305544 
1.2550 1.330804 
1.2650 1.330441 
1.2750 1.318843 
1.2850 1.307357 
1.2950 1.306657 
1.3050 1.257714 
1.3150 1.276801 
1.3250 1.272289 
1.3350 1.242723 
1.3450 1.240117 
1.3550 1.208703 
1.3650 1.226577 
1.3750 1.203723 
1.3850 1.201965 
1.3950 1.183652 
1.4050 1.187163 
1.4150 1.178200 
1.4250 1.168403 
1.4350 1.165881 
1.4450 1.162684 
1.4550 1.127617 
1.4650 1.130375 
1.4750 1.109485 
1.4850 1.112961 
1.4950 1.118046 
1.5050 1.099978 
1.5150 1.085641 
1.5250 1.087671 
1.5350 1.071264 
1.5450 1.065181 
1.5550 1.064008 
1.5650 1.066451 
1.5750 1.053142 
1.5850 1.050559 
1.5950 1.043832 
1.6050 1.034848 
1.6150 1.028302 
1.6250 1.013323 
1.6350 1.016441 
1.6450 1.026424 
1.6550 1.008271 
1.6650 0.997463 
1.6750 0.995604 
1.6850 0.997873 
1.6950 0.999208 
1.7050 0.983948 
1.7150 0.979871 
1.7250 0.979009 
1.7350 0.959649 
1.7450 0.961017 
1.7550 0.972395 
1.7650 0.967966 
1.7750 0.962384 
1.7850 0.967295 
1.7950 0.948360 
1.8050 0.949367 
1.8150 0.949374 
1.8250 0.949475 
1.8350 0.945944 
1.8450 0.940090 
1.8550 0.946410 
1.8650 0.942861 
1.8750 0.951377 
1.8850 0.949923 
1.8950 0.932527 
1.9050 0.937241 
1.9150 0.926694 
1.9250 0.931123 
1.9350 0.938995 
1.9450 0.944677 
1.9550 0.937061 
1.9650 0.951392 
1.9750 0.940963 
1.9850 0.951944 
1.9950 0.938362 
2.0050 0.948651 
2.0150 0.949255 
2.0250 0.942258 
2.0350 0.966274 
2.0450 0.962939 
2.0550 0.953899 
2.0650 0.954339 
2.0750 0.962763 
2.0850 0.964468 
2.0950 0.962037 
2.1050 0.967707 
2.1150 0.971708 
2.1250 0.973017 
2.1350 0.971552 
2.1450 0.978825 
2.1550 0.974809 
2.1650 0.976276 
2.1750 0.974509 
2.1850 0.970724 
2.1950 0.993954 
2.2050 0.976125 
2.2150 0.987122 
2.2250 0.993527 
2.2350 0.985803 
2.2450 0.997334 
2.2550 1.000652 
2.2650 0.991830 
2.2750 1.008479 
2.2850 1.007292 
2.2950 1.003918 
2.3050 1.008397 
2.3150 1.002389 
2.3250 1.014555 
2.3350 1.012123 
2.3450 1.001693 
2.3550 0.991932 
2.3650 1.009033 
2.3750 1.011919 
2.3850 1.001843 
2.3950 1.023829 
2.4050 1.007675 
2.4150 1.006555 
2.4250 1.011612 
2.4350 1.018137 
2.4450 1.009017 
2.4550 1.013028 
2.4650 1.020371 
2.4750 1.008312 
2.4850 1.026863 
2.4950 1.013060 
2.5050 1.012811 
2.5150 1.008962 
2.5250 1.013370 
2.5350 1.015720 
2.5450 1.009352 
2.5550 1.009090 
2.5650 1.013428 
2.5750 1.011127 
2.5850 1.012283 
2.5950 1.019623 
2.6050 0.999800 
2.6150 1.023249 
2.6250 1.016818 
2.6350 1.004466 
2.6450 1.007399 
2.6550 1.011951 
2.6650 1.010695 
2.6750 1.016832 
2.6850 1.010186 
2.6950 1.000005 
2.7050 1.020936 
2.7150 1.010885 
2.7250 1.001566 
2.7350 1.006476 
2.7450 1.000044 
2.7550 1.007592 
2.7650 0.998079 
2.7750 1.016703 
2.7850 1.011371 
2.7950 1.007759 
2.8050 1.006885 
2.8150 1.010209 
2.8250 1.000284 
2.8350 1.002643 
2.8450 1.004565 
2.8550 1.003658 
2.8650 1.001683 
2.8750 1.003320 
2.8850 0.999107 
2.8950 1.008628 
2.9050 1.007251 
2.9150 0.998287 
2.9250 0.986578 
2.9350 0.994614 
2.9450 0.990458 
2.9550 1.003837 
2.9650 1.004062 
2.9750 1.003453 
2.9850 0.998578 
2.9950 0.996077 
3.0050 1.007850 
3.0150 1.000769 
3.0250 0.997184 
3.0350 0.997988 
3.0450 1.000670 
3.0550 1.004594 
3.0650 0.986813 
3.0750 0.992397 
3.0850 1.007951 
3.0950 0.998096 
3.1050 1.003893 
3.1150 0.997848 
3.1250 0.988420 
3.1350 0.993456 
3.1450 0.988181 
3.1550 0.992345 
3.1650 0.999185 
3.1750 0.997821 
3.1850 0.991041 
3.1950 0.998677 
3.2050 0.994099 
3.2150 1.006466 
3.2250 0.998285 
3.2350 1.002130 
3.2450 0.997096 
3.2550 0.991490 
3.2650 0.998935 
3.2750 0.998918 
3.2850 1.003536 
3.2950 1.001455 
3.3050 0.995066 
3.3150 0.988302 
3.3250 0.995597 
3.3350 1.003874 
3.3450 1.005480 
3.3550 0.993948 
3.3650 1.003528 
3.3750 1.005880 
3.3850 1.007841 
3.3950 1.016036 
3.4050 1.007757 
3.4150 1.000352 
3.4250 0.993315 
3.4350 0.994710 
3.4450 0.997239 
3.4550 0.994704 
3.4650 0.998798 
3.4750 1.010277 
3.4850 1.000805 
3.4950 0.996942 
3.5050 1.004839 
3.5150 1.000160 
3.5250 0.995360 
3.5350 0.994775 
3.5450 1.003313 
3.5550 1.000133 
3.5650 1.003018 
3.5750 1.001891 
3.5850 1.005471 
3.5950 1.011433 
3.6050 0.998049 
3.6150 1.000687 
3.6250 0.992810 
3.6350 1.002177 
3.6450 0.999619 
3.6550 1.003511 
3.6650 0.998723 
3.6750 0.996637 
3.6850 0.999972 
3.6950 0.991829 
3.7050 1.013166 
3.7150 1.003512 
3.7250 0.993818 
3.7350 1.003619 
3.7450 0.999618 
3.7550 0.996299 
3.7650 0.997609 
3.7750 1.006345 
3.7850 1.009294 
3.7950 0.999876 
3.8050 1.005165 
3.8150 0.991480 
3.8250 1.009577 
3.8350 0.998963 
3.8450 1.005222 
3.8550 1.000045 
3.8650 1.000891 
3.8750 0.996810 
3.8850 1.009991 
3.8950 0.992533 
3.9050 0.998516 
3.9150 1.010761 
3.9250 1.007862 
3.9350 0.997087 
3.9450 1.009958 
3.9550 1.010998 
3.9650 1.003942 
3.9750 1.002001 
3.9850 0.999426 
3.9950 0.998083 
4.0050 0.997773 
4.0150 1.009950 
4.0250 1.000898 
4.0350 0.990512 
4.0450 1.007607 
4.0550 1.004619 
4.0650 1.000636 
4.0750 1.004251 
4.0850 1.007345 
4.0950 1.001274 
4.1050 1.001464 
4.1150 0.998451 
4.1250 0.997444 
4.1350 1.001965 
4.1450 1.004792 
4.1550 1.003428 
4.1650 0.995578 
4.1750 1.000634 
4.1850 1.001844 
4.1950 1.000907 
4.2050 1.003961 
4.2150 1.005094 
4.2250 0.998222 
4.2350 0.998858 
4.2450 1.004488 
4.2550 1.007278 
4.2650 0.996072 
4.2750 1.003852 
4.2850 0.999296 
4.2950 1.003983 
4.3050 0.999308 
4.3150 1.001079 
4.3250 0.997601 
4.3350 1.004834 
4.3450 1.000240 
4.3550 1.006256 
4.3650 1.004169 
4.3750 1.000038 
4.3850 1.001701 
4.3950 0.998801 
4.4050 1.005393 
4.4150 0.996665 
4.4250 0.997702 
4.4350 0.996980 
4.4450 0.989504 
4.4550 0.996676 
4.4650 1.001096 
4.4750 1.005954 
4.4850 0.999612 
4.4950 1.000589 