
0.0050 0.000000 
0.0150 0.000000 
0.0250 0.000000 
0.0350 0.000000 
0.0450 0.000000 
0.0550 0.000000 
0.0650 0.000000 
0.0750 0.000000 
0.0850 0.000000 
0.0950 0.000000 
0.1050 0.000000 
0.1150 0.000000 
0.1250 0.000000 
0.1350 0.000000 
0.1450 0.000000 
0.1550 0.000000 
0.1650 0.000000 
0.1750 0.000000 
0.1850 0.000000 
0.1950 0.000000 
0.2050 0.000000 
0.2150 0.000000 
0.2250 0.000000 
0.2350 0.000000 
0.2450 0.000000 
0.2550 0.000000 
0.2650 0.000000 
0.2750 0.000000 
0.2850 0.000000 
0.2950 0.000000 
0.3050 0.000000 
0.3150 0.000000 
0.3250 0.000000 
0.3350 0.000000 
0.3450 0.000000 
0.3550 0.000000 
0.3650 0.000000 
0.3750 0.000000 
0.3850 0.000000 
0.3950 0.000000 
0.4050 0.000000 
0.4150 0.000000 
0.4250 0.000000 
0.4350 0.000000 
0.4450 0.000000 
0.4550 0.000000 
0.4650 0.000000 
0.4750 0.000000 
0.4850 0.000000 
0.4950 0.000000 
0.5050 0.000000 
0.5150 0.000000 
0.5250 0.000000 
0.5350 0.000000 
0.5450 0.000000 
0.5550 0.000000 
0.5650 0.000000 
0.5750 0.000000 
0.5850 0.000000 
0.5950 0.000000 
0.6050 0.000000 
0.6150 0.000000 
0.6250 0.000000 
0.6350 0.000000 
0.6450 0.000000 
0.6550 0.000000 
0.6650 0.000000 
0.6750 0.000000 
0.6850 0.000000 
0.6950 0.000000 
0.7050 0.000000 
0.7150 0.000000 
0.7250 0.000000 
0.7350 0.000000 
0.7450 0.000000 
0.7550 0.000000 
0.7650 0.000000 
0.7750 0.000000 
0.7850 0.000000 
0.7950 0.000000 
0.8050 0.000000 
0.8150 0.000000 
0.8250 0.000000 
0.8350 0.000000 
0.8450 0.000000 
0.8550 0.000000 
0.8650 0.000000 
0.8750 0.000000 
0.8850 0.000000 
0.8950 0.000000 
0.9050 0.000000 
0.9150 0.000000 
0.9250 0.000000 
0.9350 0.000000 
0.9450 0.000000 
0.9550 0.001339 
0.9650 0.027373 
0.9750 0.085827 
0.9850 0.175977 
0.9950 8.808041 
1.0050 25.529009 
1.0150 12.131537 
1.0250 5.243742 
1.0350 2.576977 
1.0450 1.590031 
1.0550 1.139901 
1.0650 0.931767 
1.0750 0.811158 
1.0850 0.755939 
1.0950 0.715195 
1.1050 0.693165 
1.1150 0.739132 
1.1250 0.703560 
1.1350 0.659596 
1.1450 0.646189 
1.1550 0.713054 
1.1650 0.683607 
1.1750 0.669176 
1.1850 0.670822 
1.1950 0.674082 
1.2050 0.651947 
1.2150 0.674546 
1.2250 0.674005 
1.2350 0.653650 
1.2450 0.662331 
1.2550 0.662513 
1.2650 0.675978 
1.2750 0.646205 
1.2850 0.648965 
1.2950 0.668153 
1.3050 0.670571 
1.3150 0.669969 
1.3250 0.707307 
1.3350 0.674798 
1.3450 0.663836 
1.3550 0.649319 
1.3650 0.641516 
1.3750 0.641771 
1.3850 0.658413 
1.3950 0.678304 
1.4050 0.667905 
1.4150 0.670801 
1.4250 0.680306 
1.4350 0.667909 
1.4450 0.693488 
1.4550 0.685921 
1.4650 0.679798 
1.4750 0.678793 
1.4850 0.705682 
1.4950 0.708058 
1.5050 0.687543 
1.5150 0.695867 
1.5250 0.700276 
1.5350 0.707242 
1.5450 0.717489 
1.5550 0.695704 
1.5650 0.697002 
1.5750 0.744306 
1.5850 0.718024 
1.5950 0.707380 
1.6050 0.728788 
1.6150 0.738406 
1.6250 0.713383 
1.6350 0.723656 
1.6450 0.738945 
1.6550 0.730004 
1.6650 0.763638 
1.6750 0.756390 
1.6850 0.745326 
1.6950 0.746887 
1.7050 0.773224 
1.7150 0.750004 
1.7250 0.760126 
1.7350 0.764175 
1.7450 0.760934 
1.7550 0.770383 
1.7650 0.783403 
1.7750 0.804553 
1.7850 0.793742 
1.7950 0.772963 
1.8050 0.772053 
1.8150 0.787718 
1.8250 0.784864 
1.8350 0.782693 
1.8450 0.794991 
1.8550 0.810242 
1.8650 0.814840 
1.8750 0.844448 
1.8850 0.900118 
1.8950 0.888709 
1.9050 0.956838 
1.9150 1.010695 
1.9250 1.083567 
1.9350 1.167563 
1.9450 1.252059 
1.9550 1.399189 
1.9650 1.630087 
1.9750 1.841046 
1.9850 2.261648 
1.9950 2.933030 
2.0050 3.891336 
2.0150 3.508304 
2.0250 2.492351 
2.0350 1.760866 
2.0450 1.395462 
2.0550 1.154932 
2.0650 1.073962 
2.0750 0.980758 
2.0850 0.956763 
2.0950 0.930223 
2.1050 0.908806 
2.1150 0.925164 
2.1250 0.892230 
2.1350 0.885620 
2.1450 0.913172 
2.1550 0.884200 
2.1650 0.887230 
2.1750 0.870627 
2.1850 0.854605 
2.1950 0.847528 
2.2050 0.874078 
2.2150 0.855094 
2.2250 0.858634 
2.2350 0.864207 
2.2450 0.842018 
2.2550 0.870014 
2.2650 0.879199 
2.2750 0.877146 
2.2850 0.879561 
2.2950 0.874471 
2.3050 0.865754 
2.3150 0.852571 
2.3250 0.856154 
2.3350 0.880424 
2.3450 0.887211 
2.3550 0.882435 
2.3650 0.865448 
2.3750 0.849648 
2.3850 0.865194 
2.3950 0.866764 
2.4050 0.863878 
2.4150 0.870431 
2.4250 0.882852 
2.4350 0.863121 
2.4450 0.885888 
2.4550 0.879223 
2.4650 0.901359 
2.4750 0.890368 
2.4850 0.895255 
2.4950 0.902362 
2.5050 0.883377 
2.5150 0.870763 
2.5250 0.864884 
2.5350 0.884240 
2.5450 0.885778 
2.5550 0.868399 
2.5650 0.884717 
2.5750 0.878632 
2.5850 0.898389 
2.5950 0.882678 
2.6050 0.877032 
2.6150 0.900884 
2.6250 0.926737 
2.6350 0.872646 
2.6450 0.889942 
2.6550 0.916060 
2.6650 0.912661 
2.6750 0.921815 
2.6850 0.920777 
2.6950 0.923267 
2.7050 0.948716 
2.7150 0.924980 
2.7250 0.935899 
2.7350 0.930389 
2.7450 0.945101 
2.7550 0.986179 
2.7650 0.953275 
2.7750 0.972892 
2.7850 0.969128 
2.7950 0.967074 
2.8050 0.983933 
2.8150 0.977710 
2.8250 1.000103 
2.8350 1.032682 
2.8450 1.033536 
2.8550 1.036960 
2.8650 1.041166 
2.8750 1.049329 
2.8850 1.062531 
2.8950 1.098002 
2.9050 1.116716 
2.9150 1.104121 
2.9250 1.158116 
2.9350 1.189342 
2.9450 1.168964 
2.9550 1.222250 
2.9650 1.264365 
2.9750 1.310766 
2.9850 1.346171 
2.9950 1.432846 
3.0050 1.497006 
3.0150 1.526480 
3.0250 1.413204 
3.0350 1.259481 
3.0450 1.160011 
3.0550 1.073871 
3.0650 1.025287 
3.0750 1.031802 
3.0850 0.998582 
3.0950 0.966930 
3.1050 0.963738 
3.1150 0.964109 
3.1250 0.961904 
3.1350 0.946729 
3.1450 0.941956 
3.1550 0.944424 
3.1650 0.930610 
3.1750 0.950308 
3.1850 0.959492 
3.1950 0.945332 
3.2050 0.961279 
3.2150 0.967284 
3.2250 0.931514 
3.2350 0.932577 
3.2450 0.922250 
3.2550 0.932768 
3.2650 0.931880 
3.2750 0.917027 
3.2850 0.951468 
3.2950 0.980925 
3.3050 0.947556 
3.3150 0.956724 
3.3250 0.972705 
3.3350 0.983461 
3.3450 0.939259 
3.3550 0.947451 
3.3650 0.950841 
3.3750 0.962396 
3.3850 0.948794 
3.3950 0.944063 
3.4050 0.942827 
3.4150 0.972077 
3.4250 0.979182 
3.4350 0.950963 
3.4450 0.950466 
3.4550 0.959601 
3.4650 0.963723 
3.4750 0.962455 
3.4850 0.955525 
3.4950 0.946383 
3.5050 0.970236 
3.5150 0.999965 
3.5250 0.957994 
3.5350 0.963006 
3.5450 0.974697 
3.5550 0.957452 
3.5650 0.957385 
3.5750 0.944734 
3.5850 0.983688 
3.5950 0.965442 
3.6050 0.977858 
3.6150 0.985402 
3.6250 0.994438 
3.6350 0.973352 
3.6450 0.980870 
3.6550 0.940910 
3.6650 0.950693 
3.6750 0.974293 
3.6850 0.972721 
3.6950 0.966527 
3.7050 0.968724 
3.7150 0.984678 
3.7250 0.991223 
3.7350 0.990038 
3.7450 0.995415 
3.7550 1.009238 
3.7650 0.996496 
3.7750 0.995242 
3.7850 0.988571 
3.7950 1.013491 
3.8050 1.011685 
3.8150 1.010292 
3.8250 1.013356 
3.8350 1.020644 
3.8450 0.989160 
3.8550 1.024231 
3.8650 1.043429 
3.8750 1.038952 
3.8850 1.040442 
3.8950 1.054202 
3.9050 1.017136 
3.9150 1.051970 
3.9250 1.049773 
3.9350 1.057783 
3.9450 1.058205 
3.9550 1.062757 
3.9650 1.067330 
3.9750 1.062044 
3.9850 1.086215 
3.9950 1.107547 
4.0050 1.130480 
4.0150 1.112456 
4.0250 1.101491 
4.0350 1.068129 
4.0450 1.052253 
4.0550 1.006898 
4.0650 1.016777 
4.0750 1.004082 
4.0850 0.975723 
4.0950 1.001608 
4.1050 0.984563 
4.1150 0.984210 
4.1250 0.966584 
4.1350 0.983117 
4.1450 0.985598 
4.1550 0.987388 
4.1650 0.970170 
4.1750 0.984508 
4.1850 0.971774 
4.1950 0.970357 
4.2050 0.967748 
4.2150 0.980636 
4.2250 0.956813 
4.2350 0.975283 
4.2450 0.961864 
4.2550 0.984900 
4.2650 0.995832 
4.2750 0.996867 
4.2850 0.999874 
4.2950 1.017249 
4.3050 0.991498 
4.3150 1.000346 
4.3250 0.957524 
4.3350 0.966547 
4.3450 0.973265 
4.3550 0.971464 
4.3650 0.976885 
4.3750 0.985469 
4.3850 0.965138 
4.3950 0.969096 
4.4050 0.968025 
4.4150 0.967501 
4.4250 0.971465 
4.4350 0.974776 
4.4450 0.984461 
4.4550 1.001151 
4.4650 0.983065 
4.4750 1.002608 
4.4850 0.986927 
4.4950 0.990177 