
0.0050 0.000000 
0.0150 0.000000 
0.0250 0.000000 
0.0350 0.000000 
0.0450 0.000000 
0.0550 0.000000 
0.0650 0.000000 
0.0750 0.000000 
0.0850 0.000000 
0.0950 0.000000 
0.1050 0.000000 
0.1150 0.000000 
0.1250 0.000000 
0.1350 0.000000 
0.1450 0.000000 
0.1550 0.000000 
0.1650 0.000000 
0.1750 0.000000 
0.1850 0.000000 
0.1950 0.000000 
0.2050 0.000000 
0.2150 0.000000 
0.2250 0.000000 
0.2350 0.000000 
0.2450 0.000000 
0.2550 0.000000 
0.2650 0.000000 
0.2750 0.000000 
0.2850 0.000000 
0.2950 0.000000 
0.3050 0.000000 
0.3150 0.000000 
0.3250 0.000000 
0.3350 0.000000 
0.3450 0.000000 
0.3550 0.000000 
0.3650 0.000000 
0.3750 0.000000 
0.3850 0.000000 
0.3950 0.000000 
0.4050 0.000000 
0.4150 0.000000 
0.4250 0.000000 
0.4350 0.000000 
0.4450 0.000000 
0.4550 0.000000 
0.4650 0.000000 
0.4750 0.000000 
0.4850 0.000000 
0.4950 0.000000 
0.5050 0.002183 
0.5150 0.014660 
0.5250 0.030544 
0.5350 0.042668 
0.5450 0.055285 
0.5550 0.072499 
0.5650 0.083399 
0.5750 0.101454 
0.5850 0.105831 
0.5950 0.118771 
0.6050 0.137043 
0.6150 0.150168 
0.6250 0.166954 
0.6350 0.178130 
0.6450 0.187644 
0.6550 0.204656 
0.6650 0.211829 
0.6750 0.221310 
0.6850 0.255964 
0.6950 0.253530 
0.7050 0.267452 
0.7150 0.290385 
0.7250 0.284764 
0.7350 0.306496 
0.7450 0.324336 
0.7550 0.334945 
0.7650 0.348393 
0.7750 0.369292 
0.7850 0.374918 
0.7950 0.394964 
0.8050 0.414831 
0.8150 0.411862 
0.8250 0.433730 
0.8350 0.450592 
0.8450 0.467459 
0.8550 0.463717 
0.8650 0.507809 
0.8750 0.517417 
0.8850 0.523826 
0.8950 0.548650 
0.9050 0.575564 
0.9150 0.591186 
0.9250 0.630142 
0.9350 0.661800 
0.9450 0.686930 
0.9550 0.713590 
0.9650 0.760803 
0.9750 0.802596 
0.9850 0.807899 
0.9950 0.861918 
1.0050 0.904266 
1.0150 0.928066 
1.0250 0.932694 
1.0350 0.957327 
1.0450 0.973335 
1.0550 0.983626 
1.0650 0.973313 
1.0750 0.997531 
1.0850 0.986336 
1.0950 0.986791 
1.1050 0.987392 
1.1150 1.020408 
1.1250 0.999705 
1.1350 1.024671 
1.1450 1.022389 
1.1550 1.022288 
1.1650 1.023214 
1.1750 1.034359 
1.1850 1.039126 
1.1950 1.048954 
1.2050 1.027118 
1.2150 1.039340 
1.2250 1.057282 
1.2350 1.052624 
1.2450 1.058729 
1.2550 1.067593 
1.2650 1.080027 
1.2750 1.066971 
1.2850 1.061290 
1.2950 1.068148 
1.3050 1.079152 
1.3150 1.075259 
1.3250 1.086881 
1.3350 1.093024 
1.3450 1.077314 
1.3550 1.081106 
1.3650 1.090971 
1.3750 1.093368 
1.3850 1.079587 
1.3950 1.104485 
1.4050 1.099871 
1.4150 1.117218 
1.4250 1.099762 
1.4350 1.096407 
1.4450 1.109521 
1.4550 1.107142 
1.4650 1.125656 
1.4750 1.117934 
1.4850 1.120032 
1.4950 1.104570 
1.5050 1.113308 
1.5150 1.104913 
1.5250 1.092877 
1.5350 1.097627 
1.5450 1.096900 
1.5550 1.082896 
1.5650 1.070052 
1.5750 1.065935 
1.5850 1.057778 
1.5950 1.048864 
1.6050 1.050809 
1.6150 1.039775 
1.6250 1.042014 
1.6350 1.039473 
1.6450 1.031200 
1.6550 1.030922 
1.6650 1.018594 
1.6750 1.028897 
1.6850 1.015612 
1.6950 1.011250 
1.7050 1.010595 
1.7150 1.005965 
1.7250 1.010597 
1.7350 1.004346 
1.7450 0.996649 
1.7550 0.999161 
1.7650 0.989016 
1.7750 0.991015 
1.7850 0.996389 
1.7950 0.984144 
1.8050 0.982019 
1.8150 0.988153 
1.8250 0.969789 
1.8350 0.975690 
1.8450 0.974814 
1.8550 0.976480 
1.8650 0.978725 
1.8750 0.968006 
1.8850 0.980332 
1.8950 0.979545 
1.9050 0.962847 
1.9150 0.977148 
1.9250 0.971642 
1.9350 0.967649 
1.9450 0.961369 
1.9550 0.982116 
1.9650 0.966522 
1.9750 0.976089 
1.9850 0.977597 
1.9950 0.978019 
2.0050 0.972259 
2.0150 0.978173 
2.0250 0.974030 
2.0350 0.968583 
2.0450 0.963440 
2.0550 0.971986 
2.0650 0.974490 
2.0750 0.965810 
2.0850 0.969632 
2.0950 0.980758 
2.1050 0.978992 
2.1150 0.986171 
2.1250 0.974103 
2.1350 0.982318 
2.1450 0.973925 
2.1550 0.970764 
2.1650 0.992539 
2.1750 0.978674 
2.1850 0.983396 
2.1950 0.977914 
2.2050 0.990659 
2.2150 0.985617 
2.2250 0.982350 
2.2350 0.987294 
2.2450 0.993870 
2.2550 0.980604 
2.2650 0.991263 
2.2750 0.983197 
2.2850 1.006020 
2.2950 0.973828 
2.3050 0.984221 
2.3150 0.997331 
2.3250 0.995734 
2.3350 0.996969 
2.3450 1.000344 
2.3550 1.007611 
2.3650 1.000576 
2.3750 0.989462 
2.3850 1.010839 
2.3950 1.007555 
2.4050 0.998221 
2.4150 0.995937 
2.4250 0.999663 
2.4350 0.999567 
2.4450 0.998145 
2.4550 0.994714 
2.4650 1.001437 
2.4750 1.007553 
2.4850 1.006396 
2.4950 1.009428 
2.5050 1.011685 
2.5150 1.013516 
2.5250 1.001588 
2.5350 0.995420 
2.5450 1.020403 
2.5550 1.008487 
2.5650 1.023027 
2.5750 0.994794 
2.5850 1.017640 
2.5950 1.002031 
2.6050 0.997438 
2.6150 1.006315 
2.6250 1.008579 
2.6350 1.013259 
2.6450 1.013669 
2.6550 1.001100 
2.6650 1.010471 
2.6750 1.001779 
2.6850 1.005792 
2.6950 1.008126 
2.7050 1.008546 
2.7150 1.010317 
2.7250 1.008091 
2.7350 1.015385 
2.7450 0.997489 
2.7550 1.003837 
2.7650 0.997554 
2.7750 1.005673 
2.7850 1.009928 
2.7950 0.999072 
2.8050 0.993839 
2.8150 0.999093 
2.8250 1.002917 
2.8350 1.002915 
2.8450 1.003843 
2.8550 1.009198 
2.8650 1.002996 
2.8750 1.002428 
2.8850 1.009481 
2.8950 1.000949 
2.9050 1.000629 
2.9150 1.010784 
2.9250 0.998067 
2.9350 1.000528 
2.9450 1.003001 
2.9550 1.002130 
2.9650 0.996333 
2.9750 1.011356 
2.9850 1.003648 
2.9950 1.000960 
3.0050 1.004094 
3.0150 1.000202 
3.0250 1.001225 
3.0350 1.002215 
3.0450 1.001232 
3.0550 1.003502 
3.0650 1.002074 
3.0750 1.000601 
3.0850 1.003627 
3.0950 1.004617 
3.1050 1.003893 
3.1150 1.004629 
3.1250 0.999531 
3.1350 0.998693 
3.1450 1.000036 
3.1550 1.000992 
3.1650 1.006616 
3.1750 1.007005 
3.1850 0.990290 
3.1950 0.996161 
3.2050 0.994686 
3.2150 1.005908 
3.2250 0.993379 
3.2350 0.993195 
3.2450 1.004160 
3.2550 1.012272 
3.2650 0.989400 
3.2750 0.997848 
3.2850 1.003146 
3.2950 0.997614 
3.3050 1.006374 
3.3150 0.998518 
3.3250 1.005551 
3.3350 0.994514 
3.3450 1.008906 
3.3550 0.993081 
3.3650 0.999589 
3.3750 0.996783 
3.3850 1.001221 
3.3950 0.993767 
3.4050 0.997132 
3.4150 1.002105 
3.4250 0.988271 
3.4350 0.998146 
3.4450 0.997960 
3.4550 1.005869 
3.4650 0.999489 
3.4750 1.002647 
3.4850 1.002499 
3.4950 1.001078 
3.5050 1.001447 
3.5150 0.994027 
3.5250 1.001839 
3.5350 1.009921 
3.5450 0.989294 
3.5550 1.008025 
3.5650 1.002274 
3.5750 1.001102 
3.5850 0.996905 
3.5950 1.000893 
3.6050 0.993210 
3.6150 1.007785 
3.6250 0.995665 
3.6350 0.993753 
3.6450 0.997930 
3.6550 0.998925 
3.6650 1.005421 
3.6750 0.999407 
3.6850 1.005357 
3.6950 1.003450 
3.7050 0.996359 
3.7150 0.997687 
3.7250 1.005643 
3.7350 0.997138 
3.7450 1.008503 
3.7550 0.994773 
3.7650 0.995314 
3.7750 1.006028 
3.7850 0.999260 
3.7950 1.001499 
3.8050 1.004109 
3.8150 1.010337 
3.8250 0.997859 
3.8350 1.006190 
3.8450 1.000751 
3.8550 0.996738 
3.8650 1.005118 
3.8750 0.989834 
3.8850 0.995503 
3.8950 1.002943 
3.9050 1.000684 
3.9150 0.998547 
3.9250 1.003917 
3.9350 1.004522 
3.9450 1.004733 
3.9550 1.000011 
3.9650 1.003231 
3.9750 1.002324 
3.9850 1.009279 
3.9950 0.995535 
4.0050 0.991301 
4.0150 0.999105 
4.0250 1.002364 
4.0350 0.995325 
4.0450 0.997499 
4.0550 0.997341 
4.0650 1.003204 
4.0750 1.001165 
4.0850 1.007115 
4.0950 1.003029 
4.1050 0.995732 
4.1150 0.997183 
4.1250 0.991823 
4.1350 0.992614 
4.1450 1.000789 
4.1550 0.993833 
4.1650 1.008231 
4.1750 1.001413 
4.1850 1.004093 
4.1950 0.996441 
4.2050 1.006667 
4.2150 1.004160 
4.2250 1.007071 
4.2350 1.004393 
4.2450 1.005537 
4.2550 0.989564 
4.2650 1.004938 
4.2750 0.998988 
4.2850 0.999715 
4.2950 1.003345 
4.3050 0.996268 
4.3150 1.002686 
4.3250 1.002071 
4.3350 1.003157 
4.3450 1.005123 
4.3550 1.007827 
4.3650 1.000641 
4.3750 0.995638 
4.3850 1.005642 
4.3950 1.004272 
4.4050 1.003315 
4.4150 0.999417 
4.4250 1.002072 
4.4350 1.006876 
4.4450 0.999744 
4.4550 0.997848 
4.4650 1.000732 
4.4750 0.995381 
4.4850 0.999364 
4.4950 1.007308 