
0.0050 0.000000 
0.0150 0.000000 
0.0250 0.000000 
0.0350 0.000000 
0.0450 0.000000 
0.0550 0.000000 
0.0650 0.000000 
0.0750 0.000000 
0.0850 0.000000 
0.0950 0.000000 
0.1050 0.000000 
0.1150 0.000000 
0.1250 0.000000 
0.1350 0.000000 
0.1450 0.000000 
0.1550 0.000000 
0.1650 0.000000 
0.1750 0.000000 
0.1850 0.000000 
0.1950 0.000000 
0.2050 0.000000 
0.2150 0.000000 
0.2250 0.000000 
0.2350 0.000000 
0.2450 0.000000 
0.2550 0.000000 
0.2650 0.000000 
0.2750 0.000000 
0.2850 0.000000 
0.2950 0.000000 
0.3050 0.000000 
0.3150 0.000000 
0.3250 0.000000 
0.3350 0.000000 
0.3450 0.000000 
0.3550 0.000000 
0.3650 0.000000 
0.3750 0.000000 
0.3850 0.000000 
0.3950 0.000000 
0.4050 0.000000 
0.4150 0.000000 
0.4250 0.000000 
0.4350 0.000000 
0.4450 0.000000 
0.4550 0.000000 
0.4650 0.000000 
0.4750 0.000000 
0.4850 0.000000 
0.4950 0.004968 
0.5050 0.017634 
0.5150 0.028825 
0.5250 0.043957 
0.5350 0.051550 
0.5450 0.066809 
0.5550 0.072498 
0.5650 0.084150 
0.5750 0.102782 
0.5850 0.111638 
0.5950 0.120056 
0.6050 0.136061 
0.6150 0.146023 
0.6250 0.159612 
0.6350 0.163542 
0.6450 0.187776 
0.6550 0.189214 
0.6650 0.209784 
0.6750 0.218791 
0.6850 0.228282 
0.6950 0.233708 
0.7050 0.258404 
0.7150 0.268139 
0.7250 0.273383 
0.7350 0.287976 
0.7450 0.289733 
0.7550 0.309588 
0.7650 0.316579 
0.7750 0.338436 
0.7850 0.356703 
0.7950 0.356848 
0.8050 0.381311 
0.8150 0.396820 
0.8250 0.408551 
0.8350 0.412150 
0.8450 0.427455 
0.8550 0.435929 
0.8650 0.452086 
0.8750 0.484616 
0.8850 0.485811 
0.8950 0.501446 
0.9050 0.526055 
0.9150 0.540912 
0.9250 0.554529 
0.9350 0.570863 
0.9450 0.597040 
0.9550 0.622941 
0.9650 0.633737 
0.9750 0.673768 
0.9850 0.733494 
0.9950 0.972666 
1.0050 1.785551 
1.0150 1.980160 
1.0250 1.883765 
1.0350 1.703572 
1.0450 1.526403 
1.0550 1.355890 
1.0650 1.239315 
1.0750 1.159714 
1.0850 1.103498 
1.0950 1.054222 
1.1050 1.037394 
1.1150 1.025914 
1.1250 1.013652 
1.1350 1.010921 
1.1450 0.992373 
1.1550 0.989061 
1.1650 1.002716 
1.1750 0.988266 
1.1850 1.006593 
1.1950 0.992138 
1.2050 1.000644 
1.2150 0.997356 
1.2250 1.007492 
1.2350 1.004824 
1.2450 1.014258 
1.2550 1.008656 
1.2650 1.021081 
1.2750 1.013773 
1.2850 1.019128 
1.2950 1.009575 
1.3050 1.034495 
1.3150 1.029578 
1.3250 1.046953 
1.3350 1.020922 
1.3450 1.032394 
1.3550 1.041996 
1.3650 1.041456 
1.3750 1.034964 
1.3850 1.034111 
1.3950 1.038288 
1.4050 1.051942 
1.4150 1.054245 
1.4250 1.048251 
1.4350 1.069225 
1.4450 1.063268 
1.4550 1.059623 
1.4650 1.067739 
1.4750 1.072331 
1.4850 1.068353 
1.4950 1.061173 
1.5050 1.059534 
1.5150 1.075949 
1.5250 1.070260 
1.5350 1.056803 
1.5450 1.055235 
1.5550 1.035787 
1.5650 1.045338 
1.5750 1.043818 
1.5850 1.050397 
1.5950 1.042922 
1.6050 1.035699 
1.6150 1.013974 
1.6250 1.023832 
1.6350 1.021349 
1.6450 1.010540 
1.6550 1.018796 
1.6650 1.005618 
1.6750 1.010134 
1.6850 1.003194 
1.6950 1.000064 
1.7050 0.997673 
1.7150 1.000487 
1.7250 0.992328 
1.7350 0.995485 
1.7450 0.990824 
1.7550 0.983540 
1.7650 0.987758 
1.7750 0.994720 
1.7850 0.992464 
1.7950 0.988236 
1.8050 0.988928 
1.8150 0.983635 
1.8250 0.974516 
1.8350 0.965402 
1.8450 0.978842 
1.8550 0.962574 
1.8650 0.989077 
1.8750 0.984362 
1.8850 0.971994 
1.8950 0.977787 
1.9050 0.979484 
1.9150 0.975676 
1.9250 0.981361 
1.9350 0.976126 
1.9450 0.972789 
1.9550 0.966995 
1.9650 0.984043 
1.9750 0.974098 
1.9850 0.990681 
1.9950 0.994336 
2.0050 1.005837 
2.0150 0.999968 
2.0250 1.002384 
2.0350 1.000619 
2.0450 1.006768 
2.0550 1.010487 
2.0650 0.986572 
2.0750 0.988623 
2.0850 0.995327 
2.0950 0.996012 
2.1050 0.983457 
2.1150 0.989040 
2.1250 0.986608 
2.1350 0.998728 
2.1450 0.994362 
2.1550 1.003201 
2.1650 0.982198 
2.1750 0.984764 
2.1850 0.986252 
2.1950 0.994422 
2.2050 0.981589 
2.2150 0.988472 
2.2250 0.991798 
2.2350 0.989397 
2.2450 0.992727 
2.2550 0.984014 
2.2650 0.993942 
2.2750 0.996044 
2.2850 0.984476 
2.2950 0.993751 
2.3050 0.995679 
2.3150 0.996666 
2.3250 0.996433 
2.3350 0.987452 
2.3450 0.989264 
2.3550 1.001078 
2.3650 0.999311 
2.3750 0.993421 
2.3850 0.992311 
2.3950 0.999133 
2.4050 0.994880 
2.4150 1.006236 
2.4250 0.996913 
2.4350 0.999498 
2.4450 0.994369 
2.4550 0.998405 
2.4650 1.009794 
2.4750 0.999678 
2.4850 1.001614 
2.4950 1.009257 
2.5050 0.997557 
2.5150 1.012361 
2.5250 1.006159 
2.5350 1.005502 
2.5450 1.007102 
2.5550 1.001160 
2.5650 1.010862 
2.5750 1.011161 
2.5850 1.013771 
2.5950 1.000977 
2.6050 0.997766 
2.6150 1.010238 
2.6250 1.013138 
2.6350 1.001287 
2.6450 0.999933 
2.6550 1.010663 
2.6650 1.007456 
2.6750 0.998711 
2.6850 0.997959 
2.6950 1.004097 
2.7050 1.002193 
2.7150 1.015671 
2.7250 1.005927 
2.7350 1.015729 
2.7450 0.999857 
2.7550 0.995613 
2.7650 1.011468 
2.7750 1.005673 
2.7850 1.010266 
2.7950 1.003782 
2.8050 1.000880 
2.8150 0.999792 
2.8250 1.001646 
2.8350 0.993535 
2.8450 0.996931 
2.8550 1.009797 
2.8650 0.992819 
2.8750 1.008346 
2.8850 0.997655 
2.8950 1.006088 
2.9050 1.005368 
2.9150 1.000517 
2.9250 0.999821 
2.9350 1.000499 
2.9450 1.005324 
2.9550 1.004822 
2.9650 1.005735 
2.9750 0.995520 
2.9850 0.997403 
2.9950 0.999589 
3.0050 1.000650 
3.0150 0.992970 
3.0250 0.996053 
3.0350 1.009681 
3.0450 0.995222 
3.0550 0.991438 
3.0650 0.993175 
3.0750 1.010473 
3.0850 1.007729 
3.0950 1.001329 
3.1050 1.000560 
3.1150 0.999248 
3.1250 1.000242 
3.1350 1.006385 
3.1450 1.009853 
3.1550 0.995246 
3.1650 1.001428 
3.1750 0.997524 
3.1850 0.987631 
3.1950 1.007992 
3.2050 0.997968 
3.2150 0.995321 
3.2250 1.000486 
3.2350 0.995601 
3.2450 1.005688 
3.2550 1.004705 
3.2650 0.999590 
3.2750 0.998527 
3.2850 0.998069 
3.2950 1.000521 
3.3050 0.997706 
3.3150 0.999189 
3.3250 0.998967 
3.3350 1.004182 
3.3450 0.998883 
3.3550 0.997236 
3.3650 1.001851 
3.3750 1.006210 
3.3850 0.996066 
3.3950 1.003768 
3.4050 1.005194 
3.4150 0.999525 
3.4250 1.007849 
3.4350 1.005765 
3.4450 0.996221 
3.4550 0.995595 
3.4650 1.001439 
3.4750 1.001638 
3.4850 1.013837 
3.4950 1.001518 
3.5050 1.001691 
3.5150 0.994903 
3.5250 1.001645 
3.5350 1.001550 
3.5450 1.000296 
3.5550 1.003358 
3.5650 0.999995 
3.5750 0.993757 
3.5850 0.990989 
3.5950 1.005437 
3.6050 1.004527 
3.6150 0.997800 
3.6250 1.010625 
3.6350 1.004954 
3.6450 1.002951 
3.6550 0.997848 
3.6650 0.993308 
3.6750 1.003364 
3.6850 0.995167 
3.6950 1.002015 
3.7050 1.006863 
3.7150 1.003443 
3.7250 1.006539 
3.7350 1.001970 
3.7450 0.996671 
3.7550 1.005160 
3.7650 1.006447 
3.7750 1.003014 
3.7850 0.989678 
3.7950 0.999673 
3.8050 0.999073 
3.8150 0.999933 
3.8250 1.003181 
3.8350 1.006012 
3.8450 1.002442 
3.8550 1.010296 
3.8650 1.008040 
3.8750 0.999569 
3.8850 1.008339 
3.8950 1.005359 
3.9050 0.997771 
3.9150 0.999224 
3.9250 1.000191 
3.9350 0.998739 
3.9450 1.000048 
3.9550 1.004077 
3.9650 1.006488 
3.9750 1.001334 
3.9850 1.006080 
3.9950 1.000824 
4.0050 1.000763 
4.0150 1.005667 
4.0250 0.999771 
4.0350 1.006243 
4.0450 1.000396 
4.0550 1.001265 
4.0650 1.006887 
4.0750 0.997848 
4.0850 0.998193 
4.0950 1.007207 
4.1050 1.007945 
4.1150 1.006933 
4.1250 0.999061 
4.1350 1.005213 
4.1450 1.002584 
4.1550 1.003304 
4.1650 0.998146 
4.1750 1.000573 
4.1850 1.005707 
4.1950 1.007942 
4.2050 0.995457 
4.2150 1.003105 
4.2250 1.006564 
4.2350 0.999161 
4.2450 0.992477 
4.2550 0.995174 
4.2650 0.994989 
4.2750 1.014878 
4.2850 1.005345 
4.2950 0.998485 
4.3050 0.995115 
4.3150 1.010180 
4.3250 0.999539 
4.3350 0.997828 
4.3450 1.002702 
4.3550 0.999812 
4.3650 1.000640 
4.3750 0.999667 
4.3850 0.999926 
4.3950 0.996952 
4.4050 1.001411 
4.4150 1.007130 
4.4250 1.000197 
4.4350 1.001861 
4.4450 0.998569 
4.4550 1.001362 
4.4650 1.002150 
4.4750 1.003908 
4.4850 1.004114 
4.4950 0.993280 