
0.0050 0.000000 
0.0150 0.000000 
0.0250 0.000000 
0.0350 0.000000 
0.0450 0.000000 
0.0550 0.000000 
0.0650 0.000000 
0.0750 0.000000 
0.0850 0.000000 
0.0950 0.000000 
0.1050 0.000000 
0.1150 0.000000 
0.1250 0.000000 
0.1350 0.000000 
0.1450 0.000000 
0.1550 0.000000 
0.1650 0.000000 
0.1750 0.000000 
0.1850 0.000000 
0.1950 0.000000 
0.2050 0.000000 
0.2150 0.000000 
0.2250 0.000000 
0.2350 0.000000 
0.2450 0.000000 
0.2550 0.000000 
0.2650 0.000000 
0.2750 0.000000 
0.2850 0.000000 
0.2950 0.000000 
0.3050 0.000000 
0.3150 0.000000 
0.3250 0.000000 
0.3350 0.000000 
0.3450 0.000000 
0.3550 0.000000 
0.3650 0.000000 
0.3750 0.000000 
0.3850 0.000000 
0.3950 0.000000 
0.4050 0.000000 
0.4150 0.000000 
0.4250 0.000000 
0.4350 0.000000 
0.4450 0.000000 
0.4550 0.000000 
0.4650 0.000000 
0.4750 0.000000 
0.4850 0.000000 
0.4950 0.000000 
0.5050 0.000840 
0.5150 0.010542 
0.5250 0.023433 
0.5350 0.037750 
0.5450 0.049211 
0.5550 0.057050 
0.5650 0.073481 
0.5750 0.089640 
0.5850 0.097557 
0.5950 0.108065 
0.6050 0.121598 
0.6150 0.135662 
0.6250 0.153494 
0.6350 0.148285 
0.6450 0.169196 
0.6550 0.179869 
0.6650 0.198406 
0.6750 0.207203 
0.6850 0.221951 
0.6950 0.235176 
0.7050 0.241273 
0.7150 0.253626 
0.7250 0.264231 
0.7350 0.283810 
0.7450 0.297270 
0.7550 0.307108 
0.7650 0.325367 
0.7750 0.326576 
0.7850 0.344018 
0.7950 0.364236 
0.8050 0.380782 
0.8150 0.379690 
0.8250 0.396580 
0.8350 0.434175 
0.8450 0.447205 
0.8550 0.452164 
0.8650 0.473253 
0.8750 0.486660 
0.8850 0.514490 
0.8950 0.543605 
0.9050 0.576317 
0.9150 0.610737 
0.9250 0.703269 
0.9350 0.772237 
0.9450 0.891053 
0.9550 1.040941 
0.9650 1.160013 
0.9750 1.256639 
0.9850 1.337644 
0.9950 1.389107 
1.0050 1.404187 
1.0150 1.345662 
1.0250 1.318628 
1.0350 1.236438 
1.0450 1.172863 
1.0550 1.114286 
1.0650 1.084981 
1.0750 1.047653 
1.0850 1.032698 
1.0950 1.004700 
1.1050 1.008072 
1.1150 0.989894 
1.1250 0.997734 
1.1350 0.984474 
1.1450 0.989692 
1.1550 0.978355 
1.1650 0.999641 
1.1750 0.994944 
1.1850 1.002922 
1.1950 0.978148 
1.2050 0.986770 
1.2150 1.003184 
1.2250 1.004637 
1.2350 1.016290 
1.2450 0.985753 
1.2550 0.999411 
1.2650 1.035986 
1.2750 1.025149 
1.2850 1.012754 
1.2950 1.026245 
1.3050 1.035149 
1.3150 1.028929 
1.3250 1.015461 
1.3350 1.037158 
1.3450 1.020657 
1.3550 1.030471 
1.3650 1.052209 
1.3750 1.030867 
1.3850 1.047852 
1.3950 1.040857 
1.4050 1.059657 
1.4150 1.056296 
1.4250 1.056936 
1.4350 1.065061 
1.4450 1.070061 
1.4550 1.069303 
1.4650 1.084520 
1.4750 1.076613 
1.4850 1.082034 
1.4950 1.072708 
1.5050 1.076834 
1.5150 1.074596 
1.5250 1.054026 
1.5350 1.049907 
1.5450 1.048935 
1.5550 1.063789 
1.5650 1.030499 
1.5750 1.031837 
1.5850 1.036876 
1.5950 1.031252 
1.6050 1.030859 
1.6150 1.028672 
1.6250 1.026250 
1.6350 1.021977 
1.6450 1.019053 
1.6550 1.018539 
1.6650 1.010849 
1.6750 1.007892 
1.6850 0.997011 
1.6950 1.005405 
1.7050 0.999475 
1.7150 0.998744 
1.7250 0.995546 
1.7350 0.996371 
1.7450 0.999193 
1.7550 0.995123 
1.7650 0.989742 
1.7750 0.982594 
1.7850 0.985335 
1.7950 0.977386 
1.8050 0.985520 
1.8150 0.974458 
1.8250 0.978775 
1.8350 0.976156 
1.8450 0.984074 
1.8550 0.981684 
1.8650 0.984359 
1.8750 0.987415 
1.8850 0.973081 
1.8950 0.972378 
1.9050 0.986928 
1.9150 0.999588 
1.9250 0.975680 
1.9350 0.985176 
1.9450 0.977050 
1.9550 0.982684 
1.9650 0.980261 
1.9750 0.977300 
1.9850 0.989261 
1.9950 1.000075 
2.0050 0.992073 
2.0150 0.985000 
2.0250 0.997700 
2.0350 1.003768 
2.0450 1.002088 
2.0550 0.988409 
2.0650 0.992696 
2.0750 0.995459 
2.0850 0.990860 
2.0950 0.991811 
2.1050 0.989019 
2.1150 0.999019 
2.1250 0.992319 
2.1350 0.990203 
2.1450 0.994442 
2.1550 0.993605 
2.1650 0.994907 
2.1750 0.997140 
2.1850 0.987190 
2.1950 0.975189 
2.2050 0.976822 
2.2150 0.991945 
2.2250 0.983656 
2.2350 0.989397 
2.2450 0.990976 
2.2550 1.000538 
2.2650 0.987792 
2.2750 0.993002 
2.2850 0.997492 
2.2950 0.980382 
2.3050 0.982367 
2.3150 0.989725 
2.3250 0.999190 
2.3350 0.996640 
2.3450 1.001693 
2.3550 0.998937 
2.3650 1.005419 
2.3750 0.997344 
2.3850 1.002703 
2.3950 0.988426 
2.4050 1.000922 
2.4150 1.001387 
2.4250 0.998465 
2.4350 0.994759 
2.4450 1.005731 
2.4550 1.011879 
2.4650 1.002061 
2.4750 1.007967 
2.4850 0.999275 
2.4950 1.005145 
2.5050 1.011344 
2.5150 1.011477 
2.5250 1.010797 
2.5350 0.995352 
2.5450 0.999981 
2.5550 1.009792 
2.5650 1.000331 
2.5750 1.008538 
2.5850 1.002692 
2.5950 0.999824 
2.6050 1.000424 
2.6150 1.010467 
2.6250 1.003042 
2.6350 0.998918 
2.6450 1.005524 
2.6550 0.997075 
2.6650 1.013711 
2.6750 1.002993 
2.6850 1.008530 
2.6950 1.008475 
2.7050 1.005765 
2.7150 1.005343 
2.7250 1.010978 
2.7350 1.006507 
2.7450 1.002816 
2.7550 1.003527 
2.7650 1.003522 
2.7750 0.992826 
2.7850 1.012016 
2.7950 0.997113 
2.8050 0.995181 
2.8150 0.999002 
2.8250 1.006034 
2.8350 0.994952 
2.8450 1.009043 
2.8550 1.000873 
2.8650 1.003354 
2.8750 0.999126 
2.8850 1.005865 
2.8950 0.998704 
2.9050 1.003573 
2.9150 1.008232 
2.9250 1.001575 
2.9350 1.006267 
2.9450 1.008111 
2.9550 1.001552 
2.9650 0.997141 
2.9750 1.002705 
2.9850 1.000870 
2.9950 0.996306 
3.0050 0.997008 
3.0150 1.003577 
3.0250 1.005692 
3.0350 0.995594 
3.0450 1.007213 
3.0550 1.014110 
3.0650 0.999815 
3.0750 0.997653 
3.0850 1.000190 
3.0950 0.995693 
3.1050 0.998165 
3.1150 1.005534 
3.1250 0.999941 
3.1350 1.002048 
3.1450 1.001314 
3.1550 0.993457 
3.1650 0.991376 
3.1750 0.997552 
3.1850 0.992760 
3.1950 0.995492 
3.2050 1.008321 
3.2150 1.006972 
3.2250 1.000619 
3.2350 0.996050 
3.2450 1.004001 
3.2550 1.007726 
3.2650 0.994037 
3.2750 0.996855 
3.2850 1.008535 
3.2950 1.007140 
3.3050 1.001820 
3.3150 1.006594 
3.3250 1.004239 
3.3350 1.007644 
3.3450 1.004201 
3.3550 1.002309 
3.3650 1.002003 
3.3750 0.990575 
3.3850 1.003495 
3.3950 1.003037 
3.4050 1.004994 
3.4150 0.994442 
3.4250 0.996462 
3.4350 0.999889 
3.4450 0.998481 
3.4550 0.986733 
3.4650 0.999464 
3.4750 1.000949 
3.4850 0.992044 
3.4950 0.997383 
3.5050 1.000739 
3.5150 0.995682 
3.5250 1.000917 
3.5350 0.998767 
3.5450 0.999452 
3.5550 1.004199 
3.5650 0.996324 
3.5750 1.006844 
3.5850 1.002679 
3.5950 0.998085 
3.6050 0.999402 
3.6150 0.999669 
3.6250 1.003782 
3.6350 1.008342 
3.6450 0.995419 
3.6550 1.004424 
3.6650 1.001547 
3.6750 0.995497 
3.6850 1.004428 
3.6950 0.992963 
3.7050 1.004439 
3.7150 1.001601 
3.7250 1.004289 
3.7350 1.002978 
3.7450 1.002290 
3.7550 0.999716 
3.7650 1.001358 
3.7750 1.002153 
3.7850 1.006130 
3.7950 1.004294 
3.8050 1.009167 
3.8150 0.998969 
3.8250 1.008839 
3.8350 1.013685 
3.8450 1.004555 
3.8550 1.005481 
3.8650 1.004543 
3.8750 0.995331 
3.8850 0.995613 
3.8950 1.008214 
3.9050 1.000027 
3.9150 1.006719 
3.9250 1.005334 
3.9350 0.995913 
3.9450 1.004451 
3.9550 1.002498 
3.9650 1.013306 
3.9750 1.003766 
3.9850 1.002688 
3.9950 0.998362 
4.0050 1.009969 
4.0150 1.006285 
4.0250 0.998985 
4.0350 0.999353 
4.0450 0.999656 
4.0550 1.007890 
4.0650 0.998258 
4.0750 0.996714 
4.0850 1.002947 
4.0950 1.002423 
4.1050 1.002485 
4.1150 0.996060 
4.1250 1.001011 
4.1350 1.010096 
4.1450 1.006031 
4.1550 1.003839 
4.1650 1.003486 
4.1750 1.003237 
4.1850 0.994015 
4.1950 0.997052 
4.2050 0.997207 
4.2150 1.006636 
4.2250 1.000895 
4.2350 1.003888 
4.2450 0.999934 
4.2550 1.004322 
4.2650 1.007566 
4.2750 1.000930 
4.2850 1.002709 
4.2950 0.998485 
4.3050 0.999567 
4.3150 0.993585 
4.3250 0.998174 
4.3350 1.000255 
4.3450 1.001382 
4.3550 0.999144 
4.3650 1.004502 
4.3750 0.998200 
4.3850 1.007359 
4.3950 1.009508 
4.4050 0.998129 
4.4150 1.002537 
4.4250 0.997045 
4.4350 1.011004 
4.4450 1.000032 
4.4550 1.009370 
4.4650 0.994926 
4.4750 0.994273 
4.4850 1.002722 
4.4950 0.999047 