
0.0050 0.000000 
0.0150 0.000000 
0.0250 0.000000 
0.0350 0.000000 
0.0450 0.000000 
0.0550 0.000000 
0.0650 0.000000 
0.0750 0.000000 
0.0850 0.000000 
0.0950 0.000000 
0.1050 0.000000 
0.1150 0.000000 
0.1250 0.000000 
0.1350 0.000000 
0.1450 0.000000 
0.1550 0.000000 
0.1650 0.000000 
0.1750 0.000000 
0.1850 0.000000 
0.1950 0.000000 
0.2050 0.000000 
0.2150 0.000000 
0.2250 0.000000 
0.2350 0.000000 
0.2450 0.000000 
0.2550 0.000000 
0.2650 0.000000 
0.2750 0.000000 
0.2850 0.000000 
0.2950 0.000000 
0.3050 0.000000 
0.3150 0.000000 
0.3250 0.000000 
0.3350 0.000000 
0.3450 0.000000 
0.3550 0.000000 
0.3650 0.000000 
0.3750 0.000000 
0.3850 0.000000 
0.3950 0.000000 
0.4050 0.000000 
0.4150 0.000000 
0.4250 0.000000 
0.4350 0.000000 
0.4450 0.000000 
0.4550 0.000000 
0.4650 0.000000 
0.4750 0.000000 
0.4850 0.000000 
0.4950 0.000000 
0.5050 0.000000 
0.5150 0.000000 
0.5250 0.000000 
0.5350 0.000000 
0.5450 0.000000 
0.5550 0.000000 
0.5650 0.000000 
0.5750 0.000000 
0.5850 0.000000 
0.5950 0.000000 
0.6050 0.000000 
0.6150 0.000000 
0.6250 0.000000 
0.6350 0.000000 
0.6450 0.000000 
0.6550 0.000000 
0.6650 0.000000 
0.6750 0.000000 
0.6850 0.000000 
0.6950 0.000000 
0.7050 0.000000 
0.7150 0.000000 
0.7250 0.000000 
0.7350 0.000000 
0.7450 0.000000 
0.7550 0.000000 
0.7650 0.000000 
0.7750 0.000000 
0.7850 0.000000 
0.7950 0.000000 
0.8050 0.000000 
0.8150 0.000000 
0.8250 0.000000 
0.8350 0.000000 
0.8450 0.000000 
0.8550 0.001892 
0.8650 0.034064 
0.8750 0.078741 
0.8850 0.124532 
0.8950 0.165119 
0.9050 0.201424 
0.9150 0.247553 
0.9250 0.306874 
0.9350 0.345524 
0.9450 0.395082 
0.9550 0.481169 
0.9650 0.520712 
0.9750 0.584183 
0.9850 0.647236 
0.9950 0.765387 
1.0050 0.889341 
1.0150 0.984076 
1.0250 1.036474 
1.0350 1.091653 
1.0450 1.168785 
1.0550 1.214241 
1.0650 1.265491 
1.0750 1.275583 
1.0850 1.307570 
1.0950 1.349255 
1.1050 1.375682 
1.1150 1.413720 
1.1250 1.440093 
1.1350 1.445418 
1.1450 1.474036 
1.1550 1.446636 
1.1650 1.461211 
1.1750 1.431335 
1.1850 1.418155 
1.1950 1.396130 
1.2050 1.394785 
1.2150 1.364326 
1.2250 1.356856 
1.2350 1.357863 
1.2450 1.320893 
1.2550 1.336378 
1.2650 1.320932 
1.2750 1.302649 
1.2850 1.324953 
1.2950 1.296181 
1.3050 1.269875 
1.3150 1.258697 
1.3250 1.246142 
1.3350 1.245089 
1.3450 1.230473 
1.3550 1.220732 
1.3650 1.206007 
1.3750 1.204468 
1.3850 1.172572 
1.3950 1.177473 
1.4050 1.170336 
1.4150 1.174038 
1.4250 1.171758 
1.4350 1.164929 
1.4450 1.140355 
1.4550 1.130726 
1.4650 1.128511 
1.4750 1.122738 
1.4850 1.118364 
1.4950 1.097204 
1.5050 1.091639 
1.5150 1.087444 
1.5250 1.082352 
1.5350 1.064923 
1.5450 1.071094 
1.5550 1.062855 
1.5650 1.057068 
1.5750 1.044143 
1.5850 1.034721 
1.5950 1.040888 
1.6050 1.034157 
1.6150 1.027403 
1.6250 1.007227 
1.6350 1.024797 
1.6450 1.001352 
1.6550 0.990108 
1.6650 0.992437 
1.6750 0.976639 
1.6850 0.975320 
1.6950 0.984093 
1.7050 0.998825 
1.7150 0.976086 
1.7250 0.970444 
1.7350 0.958959 
1.7450 0.960772 
1.7550 0.958964 
1.7650 0.961579 
1.7750 0.948141 
1.7850 0.932460 
1.7950 0.952738 
1.8050 0.931100 
1.8150 0.938126 
1.8250 0.941191 
1.8350 0.940451 
1.8450 0.924534 
1.8550 0.929234 
1.8650 0.929715 
1.8750 0.925499 
1.8850 0.937914 
1.8950 0.929777 
1.9050 0.923026 
1.9150 0.927408 
1.9250 0.925798 
1.9350 0.928752 
1.9450 0.935981 
1.9550 0.923645 
1.9650 0.925043 
1.9750 0.938064 
1.9850 0.939333 
1.9950 0.928512 
2.0050 0.935824 
2.0150 0.942895 
2.0250 0.943609 
2.0350 0.942551 
2.0450 0.947104 
2.0550 0.952943 
2.0650 0.957442 
2.0750 0.958604 
2.0850 0.949510 
2.0950 0.968971 
2.1050 0.973512 
2.1150 0.965769 
2.1250 0.965537 
2.1350 0.969831 
2.1450 0.974363 
2.1550 0.982502 
2.1650 0.982750 
2.1750 0.978006 
2.1850 0.985235 
2.1950 0.995667 
2.2050 0.985271 
2.2150 0.994954 
2.2250 0.988418 
2.2350 1.001480 
2.2450 1.001940 
2.2550 0.999326 
2.2650 0.998697 
2.2750 0.996646 
2.2850 1.015072 
2.2950 1.006041 
2.3050 1.011437 
2.3150 1.020331 
2.3250 1.003895 
2.3350 1.007365 
2.3450 1.003224 
2.3550 1.014434 
2.3650 1.025802 
2.3750 1.016994 
2.3850 1.006431 
2.3950 0.996634 
2.4050 1.014036 
2.4150 1.035188 
2.4250 1.006395 
2.4350 1.021156 
2.4450 1.016184 
2.4550 1.024936 
2.4650 1.016868 
2.4750 1.021540 
2.4850 1.017885 
2.4950 1.011209 
2.5050 1.003359 
2.5150 1.023373 
2.5250 1.017704 
2.5350 1.009819 
2.5450 1.000048 
2.5550 1.016182 
2.5650 1.024527 
2.5750 1.005251 
2.5850 1.018103 
2.5950 1.020052 
2.6050 1.018670 
2.6150 1.017626 
2.6250 1.015614 
2.6350 1.016471 
2.6450 1.019552 
2.6550 1.003998 
2.6650 1.004761 
2.6750 1.003121 
2.6850 1.009072 
2.6950 1.014820 
2.7050 1.003426 
2.7150 1.010444 
2.7250 1.004640 
2.7350 1.004850 
2.7450 1.014028 
2.7550 1.015227 
2.7650 1.002625 
2.7750 1.009247 
2.7850 1.016129 
2.7950 1.002589 
2.8050 1.009476 
2.8150 1.010027 
2.8250 1.000344 
2.8350 1.002070 
2.8450 1.007240 
2.8550 1.000064 
2.8650 1.004965 
2.8750 0.999305 
2.8850 1.005212 
2.8950 0.993418 
2.9050 1.004397 
2.9150 1.003098 
2.9250 1.003884 
2.9350 1.008919 
2.9450 0.995568 
2.9550 1.000192 
2.9650 0.991662 
2.9750 0.992243 
2.9850 0.998922 
2.9950 0.999589 
3.0050 0.997720 
3.0150 1.004229 
3.0250 1.000519 
3.0350 0.999116 
3.0450 0.997777 
3.0550 0.987575 
3.0650 1.003163 
3.0750 0.994566 
3.0850 0.994812 
3.0950 0.994173 
3.1050 0.995190 
3.1150 0.997024 
3.1250 1.000106 
3.1350 0.993238 
3.1450 0.990357 
3.1550 0.999474 
3.1650 0.997132 
3.1750 0.987882 
3.1850 1.000761 
3.1950 0.995412 
3.2050 0.993672 
3.2150 1.000854 
3.2250 0.999611 
3.2350 0.997504 
3.2450 0.994382 
3.2550 1.000028 
3.2650 0.997258 
3.2750 0.996202 
3.2850 1.000334 
3.2950 1.000625 
3.3050 0.993953 
3.3150 0.998699 
3.3250 0.994851 
3.3350 0.995591 
3.3450 1.000315 
3.3550 0.999861 
3.3650 1.004494 
3.3750 0.999267 
3.3850 1.001271 
3.3950 0.997520 
3.4050 1.001352 
3.4150 0.990835 
3.4250 1.004228 
3.4350 0.998146 
3.4450 1.003471 
3.4550 1.006487 
3.4650 0.998625 
3.4750 0.985246 
3.4850 1.005664 
3.4950 1.003794 
3.5050 1.000153 
3.5150 0.995634 
3.5250 0.993589 
3.5350 1.000267 
3.5450 1.005026 
3.5550 0.993830 
3.5650 1.008272 
3.5750 0.999618 
3.5850 1.000031 
3.5950 1.002035 
3.6050 1.004717 
3.6150 0.999977 
3.6250 0.995996 
3.6350 0.992389 
3.6450 0.998775 
3.6550 1.002083 
3.6650 1.008758 
3.6750 1.006250 
3.6850 1.004475 
3.6950 1.003612 
3.7050 1.005132 
3.7150 1.007311 
3.7250 1.000132 
3.7350 0.997275 
3.7450 1.005967 
3.7550 0.996663 
3.7650 0.998132 
3.7750 0.998006 
3.7850 1.010741 
3.7950 0.999966 
3.8050 0.997656 
3.8150 1.005853 
3.8250 1.002175 
3.8350 1.002264 
3.8450 1.005979 
3.8550 0.993853 
3.8650 0.999518 
3.8750 1.000585 
3.8850 1.001558 
3.8950 0.997628 
3.9050 1.005767 
3.9150 1.004534 
3.9250 1.006075 
3.9350 1.006630 
3.9450 1.005817 
3.9550 1.006261 
3.9650 1.008473 
3.9750 1.008543 
3.9850 0.992320 
3.9950 1.000824 
4.0050 1.003668 
4.0150 1.004069 
4.0250 1.003831 
4.0350 0.996766 
4.0450 1.000798 
4.0550 1.005337 
4.0650 0.998300 
4.0750 0.999150 
4.0850 1.002843 
4.0950 0.996344 
4.1050 1.002276 
4.1150 0.999407 
4.1250 1.001135 
4.1350 0.999234 
4.1450 1.006031 
4.1550 1.001431 
4.1650 1.002849 
4.1750 1.011782 
4.1850 0.999861 
4.1950 0.996889 
4.2050 1.002639 
4.2150 0.994966 
4.2250 0.990163 
4.2350 0.997686 
4.2450 1.004327 
4.2550 1.005770 
4.2650 0.999944 
4.2750 1.001290 
4.2850 1.002090 
4.2950 0.998127 
4.3050 1.006323 
4.3150 1.004153 
4.3250 1.011685 
4.3350 1.000611 
4.3450 0.994491 
4.3550 1.003820 
4.3650 0.997583 
4.3750 1.000527 
4.3850 1.000374 
4.3950 0.996485 
4.4050 1.003529 
4.4150 0.998662 
4.4250 1.001608 
4.4350 1.006721 
4.4450 1.005441 
4.4550 1.003839 
4.4650 1.004219 
4.4750 1.003507 
4.4850 1.002608 
4.4950 1.001140 