
0.0050 0.000000 
0.0150 0.000000 
0.0250 0.000000 
0.0350 0.000000 
0.0450 0.000000 
0.0550 0.000000 
0.0650 0.000000 
0.0750 0.000000 
0.0850 0.000000 
0.0950 0.000000 
0.1050 0.000000 
0.1150 0.000000 
0.1250 0.000000 
0.1350 0.000000 
0.1450 0.000000 
0.1550 0.000000 
0.1650 0.000000 
0.1750 0.000000 
0.1850 0.000000 
0.1950 0.000000 
0.2050 0.000000 
0.2150 0.000000 
0.2250 0.000000 
0.2350 0.000000 
0.2450 0.000000 
0.2550 0.000000 
0.2650 0.000000 
0.2750 0.000000 
0.2850 0.000000 
0.2950 0.000000 
0.3050 0.000000 
0.3150 0.000000 
0.3250 0.000000 
0.3350 0.000000 
0.3450 0.000734 
0.3550 0.009041 
0.3650 0.023612 
0.3750 0.032683 
0.3850 0.049415 
0.3950 0.062526 
0.4050 0.077087 
0.4150 0.085856 
0.4250 0.094616 
0.4350 0.099279 
0.4450 0.111538 
0.4550 0.124196 
0.4650 0.138137 
0.4750 0.150783 
0.4850 0.158369 
0.4950 0.164281 
0.5050 0.193473 
0.5150 0.185305 
0.5250 0.197485 
0.5350 0.202551 
0.5450 0.221138 
0.5550 0.238449 
0.5650 0.236069 
0.5750 0.250754 
0.5850 0.256812 
0.5950 0.264237 
0.6050 0.282512 
0.6150 0.294809 
0.6250 0.300055 
0.6350 0.311961 
0.6450 0.323370 
0.6550 0.323013 
0.6650 0.335833 
0.6750 0.343490 
0.6850 0.352912 
0.6950 0.360229 
0.7050 0.373974 
0.7150 0.378297 
0.7250 0.382501 
0.7350 0.387981 
0.7450 0.403022 
0.7550 0.418231 
0.7650 0.433822 
0.7750 0.444952 
0.7850 0.444958 
0.7950 0.464449 
0.8050 0.472145 
0.8150 0.479339 
0.8250 0.509785 
0.8350 0.520031 
0.8450 0.524091 
0.8550 0.549469 
0.8650 0.550044 
0.8750 0.579223 
0.8850 0.597833 
0.8950 0.603848 
0.9050 0.631285 
0.9150 0.652725 
0.9250 0.694243 
0.9350 0.709455 
0.9450 0.741928 
0.9550 0.770870 
0.9650 0.781112 
0.9750 0.841402 
0.9850 0.866125 
0.9950 0.918534 
1.0050 0.940138 
1.0150 0.961403 
1.0250 1.004043 
1.0350 1.021731 
1.0450 1.060048 
1.0550 1.065157 
1.0650 1.080498 
1.0750 1.073745 
1.0850 1.076153 
1.0950 1.077816 
1.1050 1.089789 
1.1150 1.095048 
1.1250 1.107718 
1.1350 1.110097 
1.1450 1.107222 
1.1550 1.071686 
1.1650 1.074898 
1.1750 1.059546 
1.1850 1.053665 
1.1950 1.036748 
1.2050 1.034622 
1.2150 1.035548 
1.2250 1.026085 
1.2350 1.029346 
1.2450 1.002199 
1.2550 1.000363 
1.2650 0.993565 
1.2750 0.985067 
1.2850 0.994295 
1.2950 0.974129 
1.3050 0.978854 
1.3150 0.984675 
1.3250 0.980105 
1.3350 0.981484 
1.3450 0.986776 
1.3550 0.987582 
1.3650 0.974559 
1.3750 0.977303 
1.3850 0.961276 
1.3950 0.976129 
1.4050 0.983542 
1.4150 0.989222 
1.4250 1.003089 
1.4350 0.990650 
1.4450 0.984704 
1.4550 0.989869 
1.4650 0.994206 
1.4750 0.993623 
1.4850 0.999084 
1.4950 1.002644 
1.5050 0.987950 
1.5150 1.008611 
1.5250 0.998604 
1.5350 1.002297 
1.5450 1.010309 
1.5550 1.012946 
1.5650 1.016860 
1.5750 1.015954 
1.5850 1.016783 
1.5950 1.019047 
1.6050 1.025858 
1.6150 1.030734 
1.6250 1.027143 
1.6350 1.037853 
1.6450 1.030525 
1.6550 1.047897 
1.6650 1.033929 
1.6750 1.022269 
1.6850 1.031475 
1.6950 1.016641 
1.7050 1.008842 
1.7150 1.013434 
1.7250 1.001982 
1.7350 1.004099 
1.7450 1.015884 
1.7550 1.001741 
1.7650 1.009969 
1.7750 0.990726 
1.7850 1.003757 
1.7950 0.997372 
1.8050 0.993186 
1.8150 0.996107 
1.8250 0.994642 
1.8350 0.993472 
1.8450 1.003658 
1.8550 0.996236 
1.8650 1.003413 
1.8750 1.000126 
1.8850 0.995740 
1.8950 0.986713 
1.9050 0.991233 
1.9150 0.996331 
1.9250 0.990059 
1.9350 0.982924 
1.9450 0.986406 
1.9550 0.986136 
1.9650 0.981478 
1.9750 0.978079 
1.9850 0.988659 
1.9950 0.985899 
2.0050 0.980440 
2.0150 0.984703 
2.0250 0.982004 
2.0350 0.991886 
2.0450 0.996908 
2.0550 0.988950 
2.0650 0.993524 
2.0750 0.992494 
2.0850 0.988565 
2.0950 1.001967 
2.1050 0.989140 
2.1150 0.994818 
2.1250 0.987212 
2.1350 1.003331 
2.1450 0.996872 
2.1550 0.995667 
2.1650 0.991868 
2.1750 1.000244 
2.1850 1.002756 
2.1950 0.998354 
2.2050 1.004843 
2.2150 0.994684 
2.2250 0.998942 
2.2350 0.998460 
2.2450 1.001216 
2.2550 0.995574 
2.2650 0.995678 
2.2750 0.995969 
2.2850 1.006469 
2.2950 0.990995 
2.3050 1.005912 
2.3150 0.991977 
2.3250 0.994043 
2.3350 0.996640 
2.3450 0.996736 
2.3550 0.998973 
2.3650 0.991288 
2.3750 0.999467 
2.3850 0.994246 
2.3950 0.988141 
2.4050 1.003197 
2.4150 0.995724 
2.4250 0.997759 
2.4350 0.998304 
2.4450 0.991887 
2.4550 1.003837 
2.4650 1.007921 
2.4750 1.008312 
2.4850 1.002405 
2.4950 1.005659 
2.5050 1.002062 
2.5150 0.994517 
2.5250 0.996680 
2.5350 0.999433 
2.5450 1.001257 
2.5550 0.996576 
2.5650 1.004330 
2.5750 1.000006 
2.5850 1.004644 
2.5950 1.004963 
2.6050 1.001178 
2.6150 1.004680 
2.6250 0.997180 
2.6350 1.006186 
2.6450 0.997282 
2.6550 1.010824 
2.6650 0.998024 
2.6750 0.995132 
2.6850 0.997513 
2.6950 1.006159 
2.7050 1.003837 
2.7150 0.999863 
2.7250 0.993596 
2.7350 1.013478 
2.7450 1.001258 
2.7550 1.010199 
2.7650 1.009149 
2.7750 1.008662 
2.7850 1.009437 
2.7950 1.009135 
2.8050 1.007952 
2.8150 1.000673 
2.8250 1.010030 
2.8350 0.999536 
2.8450 0.998884 
2.8550 1.007701 
2.8650 1.004906 
2.8750 0.998383 
2.8850 1.004738 
2.8950 1.001451 
2.9050 1.003455 
2.9150 1.005856 
2.9250 1.001399 
2.9350 1.002509 
2.9450 1.004918 
2.9550 1.002130 
2.9650 1.001150 
2.9750 0.996526 
2.9850 0.995828 
2.9950 1.012266 
3.0050 0.993793 
3.0150 0.993537 
3.0250 1.000010 
3.0350 0.994636 
3.0450 1.014936 
3.0550 0.999583 
3.0650 1.016108 
3.0750 0.994983 
3.0850 0.999552 
3.0950 1.004451 
3.1050 0.992849 
3.1150 0.998973 
3.1250 0.998327 
3.1350 1.004885 
3.1450 0.996855 
3.1550 0.996844 
3.1650 1.008939 
3.1750 1.009241 
3.1850 0.995230 
3.1950 1.003362 
3.2050 1.003278 
3.2150 0.998539 
3.2250 1.005710 
3.2350 1.007946 
3.2450 1.008166 
3.2550 0.998794 
3.2650 0.996132 
3.2750 1.002182 
3.2850 0.996715 
3.2950 0.996783 
3.3050 1.003476 
3.3150 0.997022 
3.3250 1.004522 
3.3350 1.003182 
3.3450 1.005403 
3.3550 0.995961 
3.3650 1.008281 
3.3750 1.020756 
3.3850 0.994045 
3.3950 1.003390 
3.4050 0.996805 
3.4150 1.007189 
3.4250 0.999184 
3.4350 1.003425 
3.4450 1.005929 
3.4550 0.988614 
3.4650 1.000304 
3.4750 1.001441 
3.4850 1.002597 
3.4950 0.995621 
3.5050 0.997372 
3.5150 0.999867 
3.5250 1.001621 
3.5350 0.993686 
3.5450 0.997908 
3.5550 0.988104 
3.5650 1.001459 
3.5750 0.995312 
3.5850 0.998146 
3.5950 0.994136 
3.6050 0.997171 
3.6150 1.000734 
3.6250 1.002768 
3.6350 1.000577 
3.6450 0.996592 
3.6550 0.998784 
3.6650 1.002293 
3.6750 0.993728 
3.6850 1.002409 
3.6950 0.998936 
3.7050 1.002638 
3.7150 1.008738 
3.7250 1.002980 
3.7350 1.003413 
3.7450 1.014944 
3.7550 1.002927 
3.7650 1.001858 
3.7750 0.998822 
3.7850 1.001994 
3.7950 0.998434 
3.8050 1.003547 
3.8150 1.001345 
3.8250 0.996607 
3.8350 1.005610 
3.8450 0.999416 
3.8550 1.000954 
3.8650 0.995181 
3.8750 1.001755 
3.8850 0.998387 
3.8950 1.007533 
3.9050 0.999436 
3.9150 1.001562 
3.9250 1.000844 
3.9350 1.007565 
3.9450 1.000873 
3.9550 0.997090 
3.9650 1.003490 
3.9750 0.998945 
3.9850 1.007433 
3.9950 0.993265 
4.0050 1.012383 
4.0150 0.999339 
4.0250 1.000983 
4.0350 1.009296 
4.0450 1.002279 
4.0550 1.013459 
4.0650 1.007370 
4.0750 1.010108 
4.0850 1.000916 
4.0950 1.000417 
4.1050 1.002360 
4.1150 0.996559 
4.1250 1.002607 
4.1350 1.002213 
4.1450 1.000851 
4.1550 1.002357 
4.1650 0.998885 
4.1750 0.993708 
4.1850 1.010777 
4.1950 0.999846 
4.2050 1.007156 
4.2150 1.003368 
4.2250 0.995023 
4.2350 1.002555 
4.2450 1.007753 
4.2550 0.996501 
4.2650 1.001348 
4.2750 1.000069 
4.2850 1.000573 
4.2950 0.996414 
4.3050 0.997162 
4.3150 1.007384 
4.3250 1.003139 
4.3350 1.008426 
4.3450 0.998350 
4.3550 1.001148 
4.3650 0.998328 
4.3750 1.005513 
4.3850 1.004101 
4.3950 1.007970 
4.4050 0.993682 
4.4150 1.001006 
4.4250 0.999462 
4.4350 1.010194 
4.4450 1.003266 
4.4550 1.006221 
4.4650 0.999218 
4.4750 1.004501 
4.4850 0.990818 
4.4950 0.997486 