
0.0050 0.000000 
0.0150 0.000000 
0.0250 0.000000 
0.0350 0.000000 
0.0450 0.000000 
0.0550 0.000000 
0.0650 0.000000 
0.0750 0.000000 
0.0850 0.000000 
0.0950 0.000000 
0.1050 0.000000 
0.1150 0.000000 
0.1250 0.000000 
0.1350 0.000000 
0.1450 0.000000 
0.1550 0.000000 
0.1650 0.000000 
0.1750 0.000000 
0.1850 0.000000 
0.1950 0.000000 
0.2050 0.000000 
0.2150 0.000000 
0.2250 0.000000 
0.2350 0.000000 
0.2450 0.000000 
0.2550 0.000000 
0.2650 0.000000 
0.2750 0.000000 
0.2850 0.000000 
0.2950 0.000000 
0.3050 0.000000 
0.3150 0.000000 
0.3250 0.000000 
0.3350 0.000000 
0.3450 0.000000 
0.3550 0.000000 
0.3650 0.000000 
0.3750 0.000000 
0.3850 0.000000 
0.3950 0.000000 
0.4050 0.000000 
0.4150 0.000000 
0.4250 0.000000 
0.4350 0.000000 
0.4450 0.000000 
0.4550 0.000000 
0.4650 0.000000 
0.4750 0.000000 
0.4850 0.000000 
0.4950 0.000000 
0.5050 0.000000 
0.5150 0.000000 
0.5250 0.000000 
0.5350 0.000000 
0.5450 0.000000 
0.5550 0.000000 
0.5650 0.000000 
0.5750 0.000000 
0.5850 0.000000 
0.5950 0.000000 
0.6050 0.000000 
0.6150 0.000000 
0.6250 0.000000 
0.6350 0.000000 
0.6450 0.000000 
0.6550 0.000000 
0.6650 0.000000 
0.6750 0.000000 
0.6850 0.000000 
0.6950 0.000000 
0.7050 0.000000 
0.7150 0.000000 
0.7250 0.000000 
0.7350 0.000000 
0.7450 0.000000 
0.7550 0.000000 
0.7650 0.000000 
0.7750 0.000000 
0.7850 0.000000 
0.7950 0.000000 
0.8050 0.000000 
0.8150 0.000000 
0.8250 0.000000 
0.8350 0.000000 
0.8450 0.000000 
0.8550 0.001593 
0.8650 0.026582 
0.8750 0.049932 
0.8850 0.070639 
0.8950 0.090506 
0.9050 0.109465 
0.9150 0.124382 
0.9250 0.144688 
0.9350 0.193629 
0.9450 0.220442 
0.9550 0.254637 
0.9650 0.300313 
0.9750 0.583833 
0.9850 1.519937 
0.9950 3.865397 
1.0050 7.193255 
1.0150 10.026761 
1.0250 11.205714 
1.0350 9.738404 
1.0450 6.399358 
1.0550 3.480952 
1.0650 1.931016 
1.0750 1.228950 
1.0850 0.923786 
1.0950 0.789480 
1.1050 0.761456 
1.1150 0.730644 
1.1250 0.722283 
1.1350 0.706180 
1.1450 0.705997 
1.1550 0.695850 
1.1650 0.676725 
1.1750 0.682677 
1.1850 0.679387 
1.1950 0.690071 
1.2050 0.697322 
1.2150 0.672370 
1.2250 0.673101 
1.2350 0.682523 
1.2450 0.687068 
1.2550 0.670194 
1.2650 0.662556 
1.2750 0.664808 
1.2850 0.668751 
1.2950 0.681725 
1.3050 0.649649 
1.3150 0.632723 
1.3250 0.628159 
1.3350 0.646802 
1.3450 0.682172 
1.3550 0.679171 
1.3650 0.656833 
1.3750 0.649529 
1.3850 0.671415 
1.3950 0.675796 
1.4050 0.690624 
1.4150 0.677074 
1.4250 0.660240 
1.4350 0.684860 
1.4450 0.667614 
1.4550 0.660929 
1.4650 0.668612 
1.4750 0.686606 
1.4850 0.698956 
1.4950 0.715196 
1.5050 0.717890 
1.5150 0.714125 
1.5250 0.697365 
1.5350 0.714473 
1.5450 0.720694 
1.5550 0.705971 
1.5650 0.703494 
1.5750 0.736826 
1.5850 0.754978 
1.5950 0.716106 
1.6050 0.715488 
1.6150 0.730422 
1.6250 0.729357 
1.6350 0.739115 
1.6450 0.751715 
1.6550 0.749714 
1.6650 0.753380 
1.6750 0.745786 
1.6850 0.747657 
1.6950 0.762204 
1.7050 0.764007 
1.7150 0.744825 
1.7250 0.749927 
1.7350 0.746453 
1.7450 0.765241 
1.7550 0.775249 
1.7650 0.783209 
1.7750 0.753065 
1.7850 0.774937 
1.7950 0.793091 
1.8050 0.800824 
1.8150 0.790259 
1.8250 0.786830 
1.8350 0.768682 
1.8450 0.799528 
1.8550 0.770501 
1.8650 0.772061 
1.8750 0.801303 
1.8850 0.807532 
1.8950 0.801208 
1.9050 0.800691 
1.9150 0.841844 
1.9250 0.866196 
1.9350 0.868001 
1.9450 0.899128 
1.9550 0.944184 
1.9650 0.993695 
1.9750 1.114127 
1.9850 1.296404 
1.9950 1.709403 
2.0050 2.428686 
2.0150 3.297354 
2.0250 3.890380 
2.0350 3.653820 
2.0450 2.848666 
2.0550 2.080433 
2.0650 1.544511 
2.0750 1.252169 
2.0850 1.099544 
2.0950 1.013102 
2.1050 0.933852 
2.1150 0.939265 
2.1250 0.921103 
2.1350 0.909834 
2.1450 0.903371 
2.1550 0.890703 
2.1650 0.915570 
2.1750 0.907324 
2.1850 0.874825 
2.1950 0.869291 
2.2050 0.866211 
2.2150 0.869447 
2.2250 0.856982 
2.2350 0.858434 
2.2450 0.884463 
2.2550 0.875471 
2.2650 0.858219 
2.2750 0.872525 
2.2850 0.878065 
2.2950 0.877451 
2.3050 0.866088 
2.3150 0.857777 
2.3250 0.852331 
2.3350 0.842869 
2.3450 0.854481 
2.3550 0.879895 
2.3650 0.878784 
2.3750 0.890567 
2.3850 0.880246 
2.3950 0.873224 
2.4050 0.882572 
2.4150 0.884907 
2.4250 0.881724 
2.4350 0.879900 
2.4450 0.884105 
2.4550 0.895030 
2.4650 0.889915 
2.4750 0.877347 
2.4850 0.874031 
2.4950 0.861215 
2.5050 0.874062 
2.5150 0.882999 
2.5250 0.871756 
2.5350 0.870617 
2.5450 0.862198 
2.5550 0.880912 
2.5650 0.874285 
2.5750 0.883744 
2.5850 0.885524 
2.5950 0.887916 
2.6050 0.903154 
2.6150 0.908665 
2.6250 0.908369 
2.6350 0.905220 
2.6450 0.897926 
2.6550 0.909169 
2.6650 0.899219 
2.6750 0.903982 
2.6850 0.912880 
2.6950 0.915209 
2.7050 0.918849 
2.7150 0.908039 
2.7250 0.898908 
2.7350 0.901286 
2.7450 0.919717 
2.7550 0.922561 
2.7650 0.924548 
2.7750 0.941342 
2.7850 0.935021 
2.7950 0.939971 
2.8050 0.955189 
2.8150 0.941111 
2.8250 0.965176 
2.8350 0.951614 
2.8450 0.973099 
2.8550 0.984821 
2.8650 0.980851 
2.8750 0.995141 
2.8850 1.018698 
2.8950 1.006088 
2.9050 1.025294 
2.9150 1.046511 
2.9250 1.072436 
2.9350 1.105845 
2.9450 1.117223 
2.9550 1.131072 
2.9650 1.196044 
2.9750 1.226838 
2.9850 1.294522 
2.9950 1.387622 
3.0050 1.471424 
3.0150 1.577475 
3.0250 1.627674 
3.0350 1.567012 
3.0450 1.473582 
3.0550 1.326125 
3.0650 1.208477 
3.0750 1.127244 
3.0850 1.048227 
3.0950 1.003816 
3.1050 1.002681 
3.1150 0.972399 
3.1250 0.975094 
3.1350 0.969015 
3.1450 0.964715 
3.1550 0.945291 
3.1650 0.962168 
3.1750 0.958819 
3.1850 0.960593 
3.1950 0.957805 
3.2050 0.953114 
3.2150 0.946217 
3.2250 0.932071 
3.2350 0.937177 
3.2450 0.937430 
3.2550 0.924124 
3.2650 0.943038 
3.2750 0.947658 
3.2850 0.930146 
3.2950 0.943861 
3.3050 0.939043 
3.3150 0.932628 
3.3250 0.953286 
3.3350 0.942456 
3.3450 0.937699 
3.3550 0.925247 
3.3650 0.932846 
3.3750 0.952260 
3.3850 0.968577 
3.3950 0.958246 
3.4050 0.958500 
3.4150 0.953769 
3.4250 0.952437 
3.4350 0.947751 
3.4450 0.935694 
3.4550 0.948288 
3.4650 0.956491 
3.4750 0.947933 
3.4850 0.951622 
3.4950 0.970145 
3.5050 0.948933 
3.5150 0.956408 
3.5250 0.950424 
3.5350 0.953642 
3.5450 0.962947 
3.5550 0.967172 
3.5650 0.962231 
3.5750 0.955405 
3.5850 0.953865 
3.5950 0.963587 
3.6050 0.976981 
3.6150 0.980883 
3.6250 0.978865 
3.6350 0.973705 
3.6450 0.959234 
3.6550 0.959304 
3.6650 0.974264 
3.6750 0.962074 
3.6850 0.965804 
3.6950 0.960670 
3.7050 0.972833 
3.7150 0.972544 
3.7250 0.964838 
3.7350 0.976114 
3.7450 0.972940 
3.7550 0.984339 
3.7650 0.988521 
3.7750 0.981714 
3.7850 0.980096 
3.7950 1.002040 
3.8050 0.998308 
3.8150 0.977892 
3.8250 0.987393 
3.8350 0.990019 
3.8450 0.986512 
3.8550 0.999223 
3.8650 1.009190 
3.8750 1.008665 
3.8850 1.028200 
3.8950 1.038895 
3.9050 1.036172 
3.9150 1.042400 
3.9250 1.046874 
3.9350 1.054587 
3.9450 1.060590 
3.9550 1.067775 
3.9650 1.079282 
3.9750 1.070480 
3.9850 1.101285 
3.9950 1.139217 
4.0050 1.141459 
4.0150 1.138321 
4.0250 1.160087 
4.0350 1.141845 
4.0450 1.107239 
4.0550 1.082487 
4.0650 1.070168 
4.0750 1.035152 
4.0850 1.018612 
4.0950 1.003864 
4.1050 0.992252 
4.1150 0.971321 
4.1250 0.989417 
4.1350 0.965325 
4.1450 0.979304 
4.1550 0.992597 
4.1650 0.988903 
4.1750 0.976865 
4.1850 0.975372 
4.1950 0.973804 
4.2050 0.985244 
4.2150 0.981651 
4.2250 0.972304 
4.2350 0.965041 
4.2450 0.957974 
4.2550 0.969679 
4.2650 0.964519 
4.2750 0.991164 
4.2850 0.988094 
4.2950 0.978506 
4.3050 0.968108 
4.3150 0.969773 
4.3250 0.972597 
4.3350 0.978368 
4.3450 0.983149 
4.3550 0.976474 
4.3650 0.961637 
4.3750 0.953438 
4.3850 0.942954 
4.3950 0.963256 
4.4050 0.961907 
4.4150 0.973896 
4.4250 0.960310 
4.4350 0.972634 
4.4450 0.971276 
4.4550 0.979988 
4.4650 0.979290 
4.4750 0.986816 
4.4850 0.995778 
4.4950 0.979232 