
0.0050 0.000000 
0.0150 0.000000 
0.0250 0.000000 
0.0350 0.000000 
0.0450 0.000000 
0.0550 0.000000 
0.0650 0.000000 
0.0750 0.000000 
0.0850 0.000000 
0.0950 0.000000 
0.1050 0.000000 
0.1150 0.000000 
0.1250 0.000000 
0.1350 0.000000 
0.1450 0.000000 
0.1550 0.000000 
0.1650 0.000000 
0.1750 0.000000 
0.1850 0.000000 
0.1950 0.000000 
0.2050 0.000000 
0.2150 0.000000 
0.2250 0.000000 
0.2350 0.000000 
0.2450 0.000000 
0.2550 0.000000 
0.2650 0.000000 
0.2750 0.000000 
0.2850 0.000000 
0.2950 0.000000 
0.3050 0.000000 
0.3150 0.000000 
0.3250 0.000000 
0.3350 0.000000 
0.3450 0.000000 
0.3550 0.000000 
0.3650 0.000000 
0.3750 0.000000 
0.3850 0.000000 
0.3950 0.000000 
0.4050 0.000000 
0.4150 0.000000 
0.4250 0.000000 
0.4350 0.000000 
0.4450 0.000000 
0.4550 0.000000 
0.4650 0.000000 
0.4750 0.000000 
0.4850 0.000000 
0.4950 0.000000 
0.5050 0.000000 
0.5150 0.000000 
0.5250 0.000000 
0.5350 0.000000 
0.5450 0.000000 
0.5550 0.000000 
0.5650 0.000000 
0.5750 0.000000 
0.5850 0.000000 
0.5950 0.000000 
0.6050 0.000000 
0.6150 0.000000 
0.6250 0.000000 
0.6350 0.000000 
0.6450 0.000000 
0.6550 0.006748 
0.6650 0.023011 
0.6750 0.040685 
0.6850 0.060701 
0.6950 0.071336 
0.7050 0.091563 
0.7150 0.111824 
0.7250 0.130121 
0.7350 0.148734 
0.7450 0.170505 
0.7550 0.182913 
0.7650 0.198557 
0.7750 0.218193 
0.7850 0.242536 
0.7950 0.258027 
0.8050 0.267108 
0.8150 0.303856 
0.8250 0.327026 
0.8350 0.338020 
0.8450 0.352383 
0.8550 0.370197 
0.8650 0.391637 
0.8750 0.403149 
0.8850 0.441253 
0.8950 0.446819 
0.9050 0.486523 
0.9150 0.520150 
0.9250 0.537859 
0.9350 0.570133 
0.9450 0.584418 
0.9550 0.612145 
0.9650 0.643716 
0.9750 0.686966 
0.9850 0.736695 
0.9950 0.847271 
1.0050 1.065479 
1.0150 1.094500 
1.0250 1.108738 
1.0350 1.107878 
1.0450 1.096429 
1.0550 1.071299 
1.0650 1.071693 
1.0750 1.098648 
1.0850 1.087154 
1.0950 1.090508 
1.1050 1.114250 
1.1150 1.105525 
1.1250 1.111128 
1.1350 1.116859 
1.1450 1.122565 
1.1550 1.132085 
1.1650 1.139101 
1.1750 1.140988 
1.1850 1.165949 
1.1950 1.154234 
1.2050 1.150995 
1.2150 1.166976 
1.2250 1.164591 
1.2350 1.183243 
1.2450 1.172886 
1.2550 1.193896 
1.2650 1.188879 
1.2750 1.192238 
1.2850 1.216991 
1.2950 1.205851 
1.3050 1.202465 
1.3150 1.216261 
1.3250 1.212912 
1.3350 1.205842 
1.3450 1.216641 
1.3550 1.199256 
1.3650 1.194503 
1.3750 1.187586 
1.3850 1.199254 
1.3950 1.176983 
1.4050 1.167421 
1.4150 1.166981 
1.4250 1.164630 
1.4350 1.163739 
1.4450 1.135275 
1.4550 1.135008 
1.4650 1.107593 
1.4750 1.099704 
1.4850 1.099279 
1.4950 1.080416 
1.5050 1.089200 
1.5150 1.089191 
1.5250 1.077202 
1.5350 1.069707 
1.5450 1.054406 
1.5550 1.044956 
1.5650 1.048175 
1.5750 1.032108 
1.5850 1.042586 
1.5950 1.036820 
1.6050 1.044797 
1.6150 1.016406 
1.6250 1.020102 
1.6350 1.015918 
1.6450 1.028865 
1.6550 0.995268 
1.6650 1.004233 
1.6750 1.011817 
1.6850 0.990220 
1.6950 0.996941 
1.7050 0.984249 
1.7150 0.973347 
1.7250 0.973365 
1.7350 0.978207 
1.7450 0.979714 
1.7550 0.966556 
1.7650 0.968014 
1.7750 0.976194 
1.7850 0.971554 
1.7950 0.972818 
1.8050 0.976671 
1.8150 0.963681 
1.8250 0.957900 
1.8350 0.960608 
1.8450 0.952174 
1.8550 0.966028 
1.8650 0.959442 
1.8750 0.951969 
1.8850 0.951192 
1.8950 0.957050 
1.9050 0.950649 
1.9150 0.960330 
1.9250 0.956553 
1.9350 0.954315 
1.9450 0.950212 
1.9550 0.959042 
1.9650 0.956174 
1.9750 0.951604 
1.9850 0.958831 
1.9950 0.945300 
2.0050 0.967742 
2.0150 0.967149 
2.0250 0.961245 
2.0350 0.959976 
2.0450 0.950990 
2.0550 0.962672 
2.0650 0.964932 
2.0750 0.968570 
2.0850 0.971517 
2.0950 0.964076 
2.1050 0.961333 
2.1150 0.981646 
2.1250 0.981341 
2.1350 0.965828 
2.1450 0.983127 
2.1550 0.979329 
2.1650 0.974066 
2.1750 0.984646 
2.1850 0.980737 
2.1950 0.982976 
2.2050 0.982558 
2.2150 1.000471 
2.2250 0.988380 
2.2350 0.983279 
2.2450 0.992880 
2.2550 0.994778 
2.2650 0.995867 
2.2750 0.993715 
2.2850 0.993453 
2.2950 0.995725 
2.3050 1.009732 
2.3150 0.999103 
2.3250 0.998969 
2.3350 1.016296 
2.3450 1.001584 
2.3550 1.008591 
2.3650 1.020995 
2.3750 0.993637 
2.3850 1.007148 
2.3950 1.018369 
2.4050 1.016026 
2.4150 1.004431 
2.4250 1.019684 
2.4350 1.006413 
2.4450 1.022023 
2.4550 1.006726 
2.4650 1.013331 
2.4750 1.017465 
2.4850 1.020293 
2.4950 1.009873 
2.5050 1.008784 
2.5150 1.014468 
2.5250 1.004636 
2.5350 1.004929 
2.5450 1.016909 
2.5550 1.005811 
2.5650 1.010495 
2.5750 1.005649 
2.5850 1.016152 
2.5950 1.007533 
2.6050 1.011286 
2.6150 1.010696 
2.6250 1.009621 
2.6350 1.002162 
2.6450 1.015576 
2.6550 1.001744 
2.6650 1.009605 
2.6750 1.007244 
2.6850 1.017223 
2.6950 1.012503 
2.7050 1.000550 
2.7150 1.005500 
2.7250 1.012798 
2.7350 1.005006 
2.7450 1.003563 
2.7550 1.012930 
2.7650 0.998204 
2.7750 1.007984 
2.7850 1.004187 
2.7950 1.002650 
2.8050 1.000088 
2.8150 0.999761 
2.8250 0.992536 
2.8350 0.997697 
2.8450 1.000117 
2.8550 1.002669 
2.8650 0.991446 
2.8750 0.999781 
2.8850 0.994750 
2.8950 0.998734 
2.9050 0.999128 
2.9150 0.998434 
2.9250 0.992454 
2.9350 1.002014 
2.9450 1.001201 
2.9550 0.998745 
2.9650 0.998295 
2.9750 1.002792 
2.9850 1.000412 
2.9950 1.002930 
3.0050 0.994903 
3.0150 1.005959 
3.0250 1.004052 
3.0350 1.004046 
3.0450 1.002832 
3.0550 0.994853 
3.0650 0.993481 
3.0750 0.991674 
3.0850 0.996781 
3.0950 0.996466 
3.1050 0.989985 
3.1150 0.992138 
3.1250 1.003608 
3.1350 0.997793 
3.1450 1.007269 
3.1550 1.002212 
3.1650 1.002860 
3.1750 1.003127 
3.1850 1.008333 
3.1950 0.998088 
3.2050 1.002610 
3.2150 0.998380 
3.2250 1.004411 
3.2350 0.994438 
3.2450 0.996121 
3.2550 0.997243 
3.2650 0.998096 
3.2750 0.995680 
3.2850 0.979429 
3.2950 1.003817 
3.3050 0.998766 
3.3150 0.994804 
3.3250 0.998992 
3.3350 0.994232 
3.3450 0.998602 
3.3550 1.004476 
3.3650 0.997581 
3.3750 0.999089 
3.3850 1.000867 
3.3950 0.999586 
3.4050 1.006024 
3.4150 1.000102 
3.4250 0.996038 
3.4350 1.000885 
3.4450 1.007170 
3.4550 1.001363 
3.4650 1.006203 
3.4750 0.987683 
3.4850 0.997639 
3.4950 0.998680 
3.5050 0.993443 
3.5150 0.997994 
3.5250 0.996816 
3.5350 1.002929 
3.5450 1.000538 
3.5550 0.999989 
3.5650 0.998148 
3.5750 1.004044 
3.5850 0.993088 
3.5950 1.019046 
3.6050 1.001964 
3.6150 1.001397 
3.6250 1.004136 
3.6350 1.003166 
3.6450 1.005932 
3.6550 1.001124 
3.6650 0.992701 
3.6750 0.999687 
3.6850 1.009024 
3.6950 1.001598 
3.7050 0.991487 
3.7150 1.011156 
3.7250 0.990993 
3.7350 1.001672 
3.7450 1.005008 
3.7550 1.002973 
3.7650 1.008492 
3.7750 1.005144 
3.7850 1.005701 
3.7950 1.003370 
3.8050 0.996150 
3.8150 1.004328 
3.8250 0.996137 
3.8350 1.007327 
3.8450 1.003309 
3.8550 1.013403 
3.8650 1.005583 
3.8750 0.997649 
3.8850 0.995811 
3.8950 0.998682 
3.9050 1.003883 
3.9150 0.994811 
3.9250 1.002218 
3.9350 0.995369 
3.9450 1.009026 
3.9550 0.994690 
3.9650 0.997492 
3.9750 0.991650 
3.9850 1.004535 
3.9950 0.999282 
4.0050 0.991087 
4.0150 0.998593 
4.0250 1.000409 
4.0350 1.000646 
4.0450 0.999381 
4.0550 0.997974 
4.0650 1.005666 
4.0750 1.004628 
4.0850 1.004182 
4.0950 1.002485 
4.1050 1.003672 
4.1150 1.003794 
4.1250 1.009576 
4.1350 0.993337 
4.1450 0.992657 
4.1550 1.002254 
4.1650 0.999501 
4.1750 1.002192 
4.1850 1.002641 
4.1950 1.004822 
4.2050 0.998468 
4.2150 1.002353 
4.2250 1.002596 
4.2350 0.999686 
4.2450 1.004952 
4.2550 1.004965 
4.2650 1.003855 
4.2750 1.002251 
4.2850 1.002110 
4.2950 1.007628 
4.3050 1.011470 
4.3150 1.000921 
4.3250 1.003554 
4.3350 1.002979 
4.3450 0.994117 
4.3550 1.003132 
4.3650 1.000503 
4.3750 1.002854 
4.3850 1.006071 
4.3950 1.004310 
4.4050 0.997993 
4.4150 0.989321 
4.4250 0.998727 
4.4350 0.998311 
4.4450 1.006461 
4.4550 1.004588 
4.4650 0.999026 
4.4750 1.002455 
4.4850 1.002436 
4.4950 0.994936 