
0.0050 0.000000 
0.0150 0.000000 
0.0250 0.000000 
0.0350 0.000000 
0.0450 0.000000 
0.0550 0.000000 
0.0650 0.000000 
0.0750 0.000000 
0.0850 0.000000 
0.0950 0.000000 
0.1050 0.000000 
0.1150 0.000000 
0.1250 0.000000 
0.1350 0.000000 
0.1450 0.000000 
0.1550 0.000000 
0.1650 0.000000 
0.1750 0.000000 
0.1850 0.000000 
0.1950 0.000000 
0.2050 0.000000 
0.2150 0.000000 
0.2250 0.000000 
0.2350 0.000000 
0.2450 0.000000 
0.2550 0.000000 
0.2650 0.000000 
0.2750 0.000000 
0.2850 0.000000 
0.2950 0.000000 
0.3050 0.000000 
0.3150 0.000000 
0.3250 0.000000 
0.3350 0.000000 
0.3450 0.000000 
0.3550 0.000000 
0.3650 0.000000 
0.3750 0.000000 
0.3850 0.000000 
0.3950 0.000000 
0.4050 0.000000 
0.4150 0.000000 
0.4250 0.000000 
0.4350 0.000000 
0.4450 0.000000 
0.4550 0.000000 
0.4650 0.000000 
0.4750 0.000000 
0.4850 0.000000 
0.4950 0.008736 
0.5050 0.022001 
0.5150 0.040356 
0.5250 0.050745 
0.5350 0.066460 
0.5450 0.075841 
0.5550 0.093606 
0.5650 0.106690 
0.5750 0.123900 
0.5850 0.135301 
0.5950 0.148892 
0.6050 0.165828 
0.6150 0.171857 
0.6250 0.186939 
0.6350 0.202487 
0.6450 0.215053 
0.6550 0.220749 
0.6650 0.239698 
0.6750 0.255193 
0.6850 0.261922 
0.6950 0.280817 
0.7050 0.292062 
0.7150 0.299783 
0.7250 0.313980 
0.7350 0.327099 
0.7450 0.348090 
0.7550 0.355795 
0.7650 0.370307 
0.7750 0.375772 
0.7850 0.392374 
0.7950 0.405563 
0.8050 0.413034 
0.8150 0.425858 
0.8250 0.458084 
0.8350 0.452529 
0.8450 0.484388 
0.8550 0.486325 
0.8650 0.510369 
0.8750 0.525009 
0.8850 0.538839 
0.8950 0.551410 
0.9050 0.550527 
0.9150 0.584483 
0.9250 0.604815 
0.9350 0.625625 
0.9450 0.642932 
0.9550 0.646495 
0.9650 0.666144 
0.9750 0.695705 
0.9850 0.723112 
0.9950 0.745945 
1.0050 0.801484 
1.0150 0.817726 
1.0250 0.854360 
1.0350 0.868217 
1.0450 0.874467 
1.0550 0.916397 
1.0650 0.922722 
1.0750 0.932657 
1.0850 0.934944 
1.0950 0.933998 
1.1050 0.956449 
1.1150 0.981482 
1.1250 0.982347 
1.1350 0.983347 
1.1450 0.988501 
1.1550 1.008037 
1.1650 1.010329 
1.1750 1.027100 
1.1850 1.035168 
1.1950 1.028326 
1.2050 1.028463 
1.2150 1.037234 
1.2250 1.032143 
1.2350 1.047098 
1.2450 1.062772 
1.2550 1.066369 
1.2650 1.074226 
1.2750 1.067574 
1.2850 1.071449 
1.2950 1.094700 
1.3050 1.080525 
1.3150 1.082008 
1.3250 1.088169 
1.3350 1.081454 
1.3450 1.084991 
1.3550 1.092884 
1.3650 1.104100 
1.3750 1.079776 
1.3850 1.092404 
1.3950 1.102160 
1.4050 1.107889 
1.4150 1.102621 
1.4250 1.121085 
1.4350 1.101999 
1.4450 1.108752 
1.4550 1.115590 
1.4650 1.110273 
1.4750 1.108617 
1.4850 1.131758 
1.4950 1.120273 
1.5050 1.119264 
1.5150 1.125593 
1.5250 1.109056 
1.5350 1.103189 
1.5450 1.112041 
1.5550 1.093877 
1.5650 1.087946 
1.5750 1.082361 
1.5850 1.072915 
1.5950 1.073061 
1.6050 1.061129 
1.6150 1.074987 
1.6250 1.052471 
1.6350 1.055715 
1.6450 1.049732 
1.6550 1.039384 
1.6650 1.045726 
1.6750 1.029305 
1.6850 1.025799 
1.6950 1.030043 
1.7050 1.033536 
1.7150 1.019111 
1.7250 1.011686 
1.7350 1.026398 
1.7450 1.006780 
1.7550 1.004223 
1.7650 1.009970 
1.7750 1.003959 
1.7850 1.003183 
1.7950 1.000036 
1.8050 0.997540 
1.8150 0.996812 
1.8250 0.993939 
1.8350 0.988398 
1.8450 0.974490 
1.8550 0.970586 
1.8650 0.987977 
1.8750 0.972744 
1.8850 0.968867 
1.8950 0.969988 
1.9050 0.974417 
1.9150 0.993030 
1.9250 0.976923 
1.9350 0.969635 
1.9450 0.970944 
1.9550 0.969224 
1.9650 0.973652 
1.9750 0.959650 
1.9850 0.964383 
1.9950 0.979133 
2.0050 0.972855 
2.0150 0.978852 
2.0250 0.967406 
2.0350 0.977736 
2.0450 0.970125 
2.0550 0.972401 
2.0650 0.976890 
2.0750 0.970546 
2.0850 0.964099 
2.0950 0.964117 
2.1050 0.972538 
2.1150 0.976960 
2.1250 0.985281 
2.1350 0.978876 
2.1450 0.973567 
2.1550 0.980598 
2.1650 0.975724 
2.1750 0.985904 
2.1850 0.987347 
2.1950 0.981184 
2.2050 0.979380 
2.2150 0.985964 
2.2250 0.981735 
2.2350 0.980449 
2.2450 0.987436 
2.2550 0.980982 
2.2650 0.992848 
2.2750 1.006300 
2.2850 0.990348 
2.2950 0.994571 
2.3050 0.983331 
2.3150 0.990021 
2.3250 0.992352 
2.3350 0.999715 
2.3450 1.000927 
2.3550 0.996577 
2.3650 0.992842 
2.3750 0.993817 
2.3850 0.994210 
2.3950 1.003344 
2.4050 1.000104 
2.4150 0.987407 
2.4250 0.999663 
2.4350 1.003569 
2.4450 1.005451 
2.4550 1.008606 
2.4650 1.007505 
2.4750 1.009936 
2.4850 1.003850 
2.4950 1.002233 
2.5050 1.013392 
2.5150 1.004645 
2.5250 1.009578 
2.5350 1.014708 
2.5450 1.007370 
2.5550 0.998550 
2.5650 0.999164 
2.5750 1.010663 
2.5850 0.995285 
2.5950 1.002855 
2.6050 1.001277 
2.6150 1.004157 
2.6250 1.011249 
2.6350 1.010014 
2.6450 1.015091 
2.6550 0.998781 
2.6650 1.002547 
2.6750 1.007404 
2.6850 1.014102 
2.6950 1.009205 
2.7050 1.001941 
2.7150 1.010192 
2.7250 1.011135 
2.7350 1.014916 
2.7450 0.999140 
2.7550 1.003775 
2.7650 1.015643 
2.7750 1.006844 
2.7850 1.010910 
2.7950 1.013663 
2.8050 1.009019 
2.8150 1.011121 
2.8250 1.008879 
2.8350 1.002583 
2.8450 1.008982 
2.8550 1.003029 
2.8650 1.009084 
2.8750 0.994636 
2.8850 0.996262 
2.8950 1.009869 
2.9050 1.003661 
2.9150 1.005122 
2.9250 1.007159 
2.9350 1.010025 
2.9450 0.997514 
2.9550 1.004850 
2.9650 1.001871 
2.9750 0.994686 
2.9850 1.004307 
2.9950 0.996877 
3.0050 1.008390 
3.0150 1.000968 
3.0250 0.988731 
3.0350 1.004582 
3.0450 0.986151 
3.0550 0.990766 
3.0650 0.995574 
3.0750 1.002270 
3.0850 1.003489 
3.0950 0.998317 
3.1050 0.994309 
3.1150 0.992440 
3.1250 1.000625 
3.1350 1.003085 
3.1450 0.999329 
3.1550 0.998390 
3.1650 0.996186 
3.1750 1.008945 
3.1850 1.001271 
3.1950 1.001970 
3.2050 0.996020 
3.2150 1.003540 
3.2250 1.002316 
3.2350 1.006942 
3.2450 0.995937 
3.2550 0.997322 
3.2650 1.001266 
3.2750 0.996803 
3.2850 0.996637 
3.2950 0.995615 
3.3050 1.001587 
3.3150 1.003626 
3.3250 1.005629 
3.3350 1.002463 
3.3450 1.004892 
3.3550 0.997618 
3.3650 1.005536 
3.3750 0.996251 
3.3850 0.995410 
3.3950 1.003768 
3.4050 0.997860 
3.4150 1.003232 
3.4250 0.993240 
3.4350 0.995607 
3.4450 0.991827 
3.4550 1.006388 
3.4650 0.990529 
3.4750 0.990759 
3.4850 0.996363 
3.4950 1.005336 
3.5050 1.003839 
3.5150 0.997604 
3.5250 0.999024 
3.5350 0.993081 
3.5450 0.998608 
3.5550 1.000903 
3.5650 1.004194 
3.5750 1.000408 
3.5850 1.004254 
3.5950 1.002892 
3.6050 0.994822 
3.6150 0.994630 
3.6250 1.005669 
3.6350 1.003119 
3.6450 0.995114 
3.6550 0.997918 
3.6650 0.991185 
3.6750 1.002922 
3.6850 1.006053 
3.6950 0.997547 
3.7050 1.001369 
3.7150 1.000334 
3.7250 1.000638 
3.7350 1.008131 
3.7450 1.001651 
3.7550 0.994021 
3.7650 1.004039 
3.7750 1.001541 
3.7850 0.995780 
3.7950 1.007044 
3.8050 0.999500 
3.8150 1.005964 
3.8250 1.004233 
3.8350 1.009692 
3.8450 0.998215 
3.8550 1.004815 
3.8650 1.007221 
3.8750 0.999702 
3.8850 1.000259 
3.8950 0.999319 
3.9050 1.006117 
3.9150 0.993019 
3.9250 0.999079 
3.9350 1.005609 
3.9450 1.007118 
3.9550 1.003472 
3.9650 1.003899 
3.9750 0.995093 
3.9850 1.007025 
3.9950 1.000075 
4.0050 1.005164 
4.0150 1.000618 
4.0250 1.000876 
4.0350 1.001473 
4.0450 1.000312 
4.0550 0.999535 
4.0650 0.999500 
4.0750 1.009331 
4.0850 1.004518 
4.0950 1.002841 
4.1050 0.988647 
4.1150 1.005186 
4.1250 0.999911 
4.1350 1.000599 
4.1450 1.004793 
4.1550 0.995315 
4.1650 1.003548 
4.1750 0.991844 
4.1850 1.003296 
4.1950 1.004333 
4.2050 1.000544 
4.2150 0.991495 
4.2250 1.005329 
4.2350 0.999504 
4.2450 0.998382 
4.2550 0.997988 
4.2650 1.002090 
4.2750 1.002871 
4.2850 1.000633 
4.2950 1.002110 
4.3050 0.999030 
4.3150 1.004510 
4.3250 1.000607 
4.3350 1.002584 
4.3450 1.003036 
4.3550 1.001109 
4.3650 0.996309 
4.3750 1.000879 
4.3850 1.004140 
4.3950 1.003162 
4.4050 0.999101 
4.4150 1.004204 
4.4250 0.995750 
4.4350 1.000683 
4.4450 0.992564 
4.4550 1.008391 
4.4650 1.005714 
4.4750 0.999186 
4.4850 1.009437 
4.4950 1.004795 