
0.0050 0.000000 
0.0150 0.000000 
0.0250 0.000000 
0.0350 0.000000 
0.0450 0.000000 
0.0550 0.000000 
0.0650 0.000000 
0.0750 0.000000 
0.0850 0.000000 
0.0950 0.000000 
0.1050 0.000000 
0.1150 0.000000 
0.1250 0.000000 
0.1350 0.000000 
0.1450 0.000000 
0.1550 0.000000 
0.1650 0.000000 
0.1750 0.000000 
0.1850 0.000000 
0.1950 0.000000 
0.2050 0.000000 
0.2150 0.000000 
0.2250 0.000000 
0.2350 0.000000 
0.2450 0.000000 
0.2550 0.000000 
0.2650 0.000000 
0.2750 0.000000 
0.2850 0.000000 
0.2950 0.000000 
0.3050 0.000000 
0.3150 0.000000 
0.3250 0.000000 
0.3350 0.000000 
0.3450 0.000000 
0.3550 0.000000 
0.3650 0.000000 
0.3750 0.000000 
0.3850 0.000000 
0.3950 0.000000 
0.4050 0.000000 
0.4150 0.000000 
0.4250 0.000000 
0.4350 0.000000 
0.4450 0.000000 
0.4550 0.000000 
0.4650 0.000000 
0.4750 0.000000 
0.4850 0.000000 
0.4950 0.000000 
0.5050 0.000000 
0.5150 0.000000 
0.5250 0.000000 
0.5350 0.000000 
0.5450 0.000000 
0.5550 0.000000 
0.5650 0.000000 
0.5750 0.000000 
0.5850 0.000000 
0.5950 0.000000 
0.6050 0.000000 
0.6150 0.000000 
0.6250 0.000000 
0.6350 0.000000 
0.6450 0.000000 
0.6550 0.000000 
0.6650 0.000000 
0.6750 0.003401 
0.6850 0.022468 
0.6950 0.040501 
0.7050 0.060077 
0.7150 0.077087 
0.7250 0.098207 
0.7350 0.111926 
0.7450 0.139213 
0.7550 0.153723 
0.7650 0.173307 
0.7750 0.197000 
0.7850 0.204915 
0.7950 0.234473 
0.8050 0.250823 
0.8150 0.277220 
0.8250 0.289360 
0.8350 0.314364 
0.8450 0.324773 
0.8550 0.351074 
0.8650 0.392031 
0.8750 0.395363 
0.8850 0.425181 
0.8950 0.461760 
0.9050 0.488782 
0.9150 0.515309 
0.9250 0.571106 
0.9350 0.591091 
0.9450 0.661145 
0.9550 0.703240 
0.9650 0.768397 
0.9750 0.852239 
0.9850 0.919247 
0.9950 1.024228 
1.0050 1.104574 
1.0150 1.193672 
1.0250 1.267236 
1.0350 1.314513 
1.0450 1.358932 
1.0550 1.391686 
1.0650 1.388526 
1.0750 1.387962 
1.0850 1.401081 
1.0950 1.363193 
1.1050 1.322747 
1.1150 1.285318 
1.1250 1.249688 
1.1350 1.238500 
1.1450 1.217825 
1.1550 1.207843 
1.1650 1.170726 
1.1750 1.166975 
1.1850 1.153713 
1.1950 1.160801 
1.2050 1.155242 
1.2150 1.157779 
1.2250 1.167864 
1.2350 1.155821 
1.2450 1.175285 
1.2550 1.158208 
1.2650 1.189958 
1.2750 1.163130 
1.2850 1.164936 
1.2950 1.181671 
1.3050 1.184681 
1.3150 1.171229 
1.3250 1.189599 
1.3350 1.171453 
1.3450 1.173625 
1.3550 1.152903 
1.3650 1.137486 
1.3750 1.136070 
1.3850 1.118716 
1.3950 1.134157 
1.4050 1.118581 
1.4150 1.102440 
1.4250 1.100540 
1.4350 1.084928 
1.4450 1.086424 
1.4550 1.074055 
1.4650 1.073682 
1.4750 1.065907 
1.4850 1.059902 
1.4950 1.050210 
1.5050 1.035994 
1.5150 1.047154 
1.5250 1.039078 
1.5350 1.042120 
1.5450 1.034899 
1.5550 1.019535 
1.5650 1.013969 
1.5750 0.996763 
1.5850 0.992919 
1.5950 0.998115 
1.6050 0.984734 
1.6150 0.981140 
1.6250 0.996035 
1.6350 0.980509 
1.6450 0.990710 
1.6550 0.975867 
1.6650 0.977717 
1.6750 0.964147 
1.6850 0.971316 
1.6950 0.966862 
1.7050 0.955197 
1.7150 0.960549 
1.7250 0.945194 
1.7350 0.954185 
1.7450 0.950739 
1.7550 0.956238 
1.7650 0.953304 
1.7750 0.952231 
1.7850 0.948395 
1.7950 0.950596 
1.8050 0.951117 
1.8150 0.949045 
1.8250 0.942782 
1.8350 0.939660 
1.8450 0.946156 
1.8550 0.937431 
1.8650 0.957197 
1.8750 0.948552 
1.8850 0.945165 
1.8950 0.946457 
1.9050 0.941949 
1.9150 0.953683 
1.9250 0.956109 
1.9350 0.948002 
1.9450 0.965981 
1.9550 0.950564 
1.9650 0.968435 
1.9750 0.972022 
1.9850 0.966707 
1.9950 0.972538 
2.0050 0.983807 
2.0150 0.979403 
2.0250 0.973102 
2.0350 0.985882 
2.0450 0.987381 
2.0550 0.987536 
2.0650 1.003910 
2.0750 1.007648 
2.0850 0.997622 
2.0950 1.008126 
2.1050 1.008422 
2.1150 1.007544 
2.1250 0.999678 
2.1350 1.003211 
2.1450 1.012329 
2.1550 1.000703 
2.1650 1.009787 
2.1750 1.006255 
2.1850 1.007802 
2.1950 1.011357 
2.2050 1.006277 
2.2150 1.002323 
2.2250 1.012155 
2.2350 0.998421 
2.2450 1.010886 
2.2550 1.001941 
2.2650 1.008960 
2.2750 0.998374 
2.2850 1.000933 
2.2950 1.004178 
2.3050 1.012957 
2.3150 1.008665 
2.3250 1.003932 
2.3350 1.007731 
2.3450 1.016527 
2.3550 1.011240 
2.3650 1.013587 
2.3750 1.006485 
2.3850 1.016179 
2.3950 1.002237 
2.4050 1.004085 
2.4150 1.004042 
2.4250 1.015066 
2.4350 1.009818 
2.4450 1.021114 
2.4550 1.009477 
2.4650 0.998455 
2.4750 1.009556 
2.4850 1.005948 
2.4950 1.011484 
2.5050 1.018783 
2.5150 0.996930 
2.5250 0.996273 
2.5350 1.012517 
2.5450 1.015767 
2.5550 1.017052 
2.5650 1.003763 
2.5750 1.006845 
2.5850 1.009406 
2.5950 1.007237 
2.6050 1.002524 
2.6150 1.002261 
2.6250 0.997962 
2.6350 1.002584 
2.6450 1.001387 
2.6550 1.009826 
2.6650 1.005884 
2.6750 1.010727 
2.6850 1.015344 
2.6950 0.999370 
2.7050 1.003931 
2.7150 1.003579 
2.7250 1.001471 
2.7350 0.996347 
2.7450 0.996960 
2.7550 1.002999 
2.7650 0.995513 
2.7750 0.995198 
2.7850 1.004126 
2.7950 0.995339 
2.8050 1.011427 
2.8150 1.001766 
2.8250 0.992476 
2.8350 1.000260 
2.8450 0.996480 
2.8550 1.000873 
2.8650 0.999444 
2.8750 0.998888 
2.8850 0.994603 
2.8950 1.000151 
2.9050 1.007016 
2.9150 1.003538 
2.9250 1.000522 
2.9350 0.993886 
2.9450 0.998820 
2.9550 1.003085 
2.9650 0.999304 
2.9750 0.990174 
2.9850 1.003391 
2.9950 0.998390 
3.0050 0.990634 
3.0150 1.003832 
3.0250 0.995855 
3.0350 0.998327 
3.0450 0.997609 
3.0550 0.999079 
3.0650 0.998866 
3.0750 1.003215 
3.0850 1.003378 
3.0950 1.004451 
3.1050 1.004526 
3.1150 1.006358 
3.1250 0.996110 
3.1350 1.010204 
3.1450 0.992913 
3.1550 0.999095 
3.1650 1.004103 
3.1750 0.997363 
3.1850 0.999713 
3.1950 0.994689 
3.2050 0.994606 
3.2150 1.004551 
3.2250 1.007964 
3.2350 0.996711 
3.2450 1.010537 
3.2550 0.997716 
3.2650 1.000846 
3.2750 0.999780 
3.2850 0.996090 
3.2950 0.992657 
3.3050 1.004614 
3.3150 0.997100 
3.3250 1.006426 
3.3350 0.994206 
3.3450 0.999011 
3.3550 0.994355 
3.3650 1.011153 
3.3750 1.002637 
3.3850 1.013071 
3.3950 0.994724 
3.4050 0.999292 
3.4150 1.000928 
3.4250 1.002505 
3.4350 0.998570 
3.4450 1.000368 
3.4550 0.991783 
3.4650 1.003513 
3.4750 1.000383 
3.4850 0.997884 
3.4950 1.003036 
3.5050 1.005400 
3.5150 1.006583 
3.5250 1.000577 
3.5350 1.006607 
3.5450 1.005436 
3.5550 0.991785 
3.5650 1.004362 
3.5750 1.000623 
3.5850 0.995831 
3.5950 0.997300 
3.6050 1.007991 
3.6150 1.005159 
3.6250 0.997010 
3.6350 1.006366 
3.6450 1.000957 
3.6550 1.010228 
3.6650 0.998863 
3.6750 1.003899 
3.6850 1.009256 
3.6950 1.003265 
3.7050 1.012751 
3.7150 0.998677 
3.7250 1.002337 
3.7350 0.997321 
3.7450 1.006059 
3.7550 1.009761 
3.7650 1.003607 
3.7750 1.011647 
3.7850 0.995576 
3.7950 1.000755 
3.8050 1.000017 
3.8150 0.996009 
3.8250 0.994885 
3.8350 1.008175 
3.8450 0.994789 
3.8550 1.006501 
3.8650 0.996243 
3.8750 1.000894 
3.8850 0.996582 
3.8950 0.995454 
3.9050 1.003357 
3.9150 1.001453 
3.9250 1.000430 
3.9350 1.008043 
3.9450 0.994498 
3.9550 1.000984 
3.9650 1.001289 
3.9750 1.007747 
3.9850 1.004620 
3.9950 0.999732 
4.0050 1.008730 
4.0150 0.996165 
4.0250 0.999027 
4.0350 0.998399 
4.0450 0.994474 
4.0550 0.998185 
4.0650 0.998447 
4.0750 1.001962 
4.0850 1.006486 
4.0950 0.995675 
4.1050 1.007945 
4.1150 1.004479 
4.1250 1.004474 
4.1350 1.000848 
4.1450 1.007559 
4.1550 1.005219 
4.1650 0.998926 
4.1750 0.998626 
4.1850 0.999862 
4.1950 1.001294 
4.2050 1.004735 
4.2150 1.004546 
4.2250 1.002454 
4.2350 1.000231 
4.2450 1.001062 
4.2550 1.009227 
4.2650 0.998299 
4.2750 1.001370 
4.2850 1.002270 
4.2950 0.995457 
4.3050 0.992452 
4.3150 1.003618 
4.3250 0.997541 
4.3350 1.000532 
4.3450 0.998625 
4.3550 1.004370 
4.3650 1.001543 
4.3750 1.007450 
4.3850 0.998501 
4.3950 1.002967 
4.4050 1.001586 
4.4150 1.010502 
4.4250 1.005823 
4.4350 1.004387 
4.4450 1.005807 
4.4550 1.002553 
4.4650 1.006499 
4.4750 0.996184 
4.4850 0.997838 
4.4950 0.998267 