
0.0050 0.000000 
0.0150 0.000000 
0.0250 0.000000 
0.0350 0.000000 
0.0450 0.000000 
0.0550 0.000000 
0.0650 0.000000 
0.0750 0.000000 
0.0850 0.000000 
0.0950 0.000000 
0.1050 0.000000 
0.1150 0.000000 
0.1250 0.000000 
0.1350 0.000000 
0.1450 0.000000 
0.1550 0.000000 
0.1650 0.000000 
0.1750 0.000000 
0.1850 0.000000 
0.1950 0.000000 
0.2050 0.000000 
0.2150 0.000000 
0.2250 0.000000 
0.2350 0.000000 
0.2450 0.000000 
0.2550 0.000000 
0.2650 0.000000 
0.2750 0.000000 
0.2850 0.000000 
0.2950 0.000000 
0.3050 0.000000 
0.3150 0.000000 
0.3250 0.000000 
0.3350 0.000000 
0.3450 0.000000 
0.3550 0.000000 
0.3650 0.000000 
0.3750 0.000000 
0.3850 0.000000 
0.3950 0.000000 
0.4050 0.000000 
0.4150 0.000000 
0.4250 0.000000 
0.4350 0.000000 
0.4450 0.000000 
0.4550 0.000000 
0.4650 0.000000 
0.4750 0.000000 
0.4850 0.000000 
0.4950 0.000000 
0.5050 0.000000 
0.5150 0.000000 
0.5250 0.000000 
0.5350 0.000000 
0.5450 0.000000 
0.5550 0.000000 
0.5650 0.000000 
0.5750 0.000000 
0.5850 0.000000 
0.5950 0.000000 
0.6050 0.000000 
0.6150 0.000000 
0.6250 0.000000 
0.6350 0.000000 
0.6450 0.000000 
0.6550 0.000000 
0.6650 0.000000 
0.6750 0.000000 
0.6850 0.000000 
0.6950 0.000000 
0.7050 0.000000 
0.7150 0.000000 
0.7250 0.000000 
0.7350 0.000000 
0.7450 0.000000 
0.7550 0.000000 
0.7650 0.000000 
0.7750 0.000000 
0.7850 0.000000 
0.7950 0.000000 
0.8050 0.000000 
0.8150 0.000000 
0.8250 0.000000 
0.8350 0.000000 
0.8450 0.000000 
0.8550 0.000000 
0.8650 0.000000 
0.8750 0.000000 
0.8850 0.000000 
0.8950 0.000000 
0.9050 0.000000 
0.9150 0.000000 
0.9250 0.000000 
0.9350 0.000000 
0.9450 0.000000 
0.9550 0.009279 
0.9650 0.114792 
0.9750 0.262201 
0.9850 0.457071 
0.9950 0.671427 
1.0050 1.008830 
1.0150 1.238429 
1.0250 1.388979 
1.0350 1.518844 
1.0450 1.613279 
1.0550 1.606867 
1.0650 1.582644 
1.0750 1.571241 
1.0850 1.555255 
1.0950 1.513551 
1.1050 1.518744 
1.1150 1.494325 
1.1250 1.491636 
1.1350 1.482909 
1.1450 1.450203 
1.1550 1.454019 
1.1650 1.445325 
1.1750 1.447739 
1.1850 1.444354 
1.1950 1.400270 
1.2050 1.400519 
1.2150 1.350566 
1.2250 1.347455 
1.2350 1.362906 
1.2450 1.343506 
1.2550 1.316800 
1.2650 1.324844 
1.2750 1.310678 
1.2850 1.303639 
1.2950 1.291700 
1.3050 1.278309 
1.3150 1.244357 
1.3250 1.243824 
1.3350 1.245855 
1.3450 1.236056 
1.3550 1.213741 
1.3650 1.217574 
1.3750 1.194413 
1.3850 1.204245 
1.3950 1.156549 
1.4050 1.163290 
1.4150 1.167222 
1.4250 1.161455 
1.4350 1.154222 
1.4450 1.147798 
1.4550 1.139585 
1.4650 1.134046 
1.4750 1.109948 
1.4850 1.098475 
1.4950 1.095263 
1.5050 1.093568 
1.5150 1.080795 
1.5250 1.080673 
1.5350 1.073878 
1.5450 1.072531 
1.5550 1.050996 
1.5650 1.038191 
1.5750 1.029940 
1.5850 1.046465 
1.5950 1.029967 
1.6050 1.028465 
1.6150 1.035122 
1.6250 1.016160 
1.6350 1.013620 
1.6450 1.003792 
1.6550 0.999550 
1.6650 0.996745 
1.6750 0.986071 
1.6850 0.973090 
1.6950 0.980717 
1.7050 0.964964 
1.7150 0.968617 
1.7250 0.963810 
1.7350 0.959599 
1.7450 0.961654 
1.7550 0.943245 
1.7650 0.955143 
1.7750 0.953289 
1.7850 0.936479 
1.7950 0.940175 
1.8050 0.943830 
1.8150 0.939115 
1.8250 0.932532 
1.8350 0.923926 
1.8450 0.927034 
1.8550 0.936878 
1.8650 0.928296 
1.8750 0.915932 
1.8850 0.925225 
1.8950 0.924548 
1.9050 0.921949 
1.9150 0.925401 
1.9250 0.903475 
1.9350 0.926324 
1.9450 0.915117 
1.9550 0.926966 
1.9650 0.921739 
1.9750 0.917257 
1.9850 0.926292 
1.9950 0.908726 
2.0050 0.921123 
2.0150 0.938527 
2.0250 0.942047 
2.0350 0.939361 
2.0450 0.958176 
2.0550 0.944959 
2.0650 0.949125 
2.0750 0.952716 
2.0850 0.956477 
2.0950 0.975456 
2.1050 0.952890 
2.1150 0.972354 
2.1250 0.964411 
2.1350 0.980757 
2.1450 0.996553 
2.1550 0.974214 
2.1650 0.980895 
2.1750 1.007985 
2.1850 0.999236 
2.1950 0.991385 
2.2050 1.000657 
2.2150 0.994684 
2.2250 0.997752 
2.2350 0.989359 
2.2450 1.011648 
2.2550 1.002471 
2.2650 1.008318 
2.2750 1.005962 
2.2850 1.006170 
2.2950 1.005519 
2.3050 1.003688 
2.3150 1.002795 
2.3250 1.010365 
2.3350 1.015491 
2.3450 1.015178 
2.3550 1.018063 
2.3650 1.013045 
2.3750 1.012387 
2.3850 1.012631 
2.3950 1.015299 
2.4050 1.017661 
2.4150 1.014447 
2.4250 1.003259 
2.4350 1.015540 
2.4450 1.017827 
2.4550 1.012785 
2.4650 1.028103 
2.4750 1.024994 
2.4850 1.021600 
2.4950 1.015766 
2.5050 1.020455 
2.5150 1.018479 
2.5250 1.027454 
2.5350 1.018114 
2.5450 1.014155 
2.5550 1.009591 
2.5650 1.021094 
2.5750 1.017468 
2.5850 1.017574 
2.5950 1.016790 
2.6050 1.017620 
2.6150 0.997128 
2.6250 1.011021 
2.6350 1.008100 
2.6450 1.009273 
2.6550 1.022320 
2.6650 1.009380 
2.6750 1.013956 
2.6850 1.003722 
2.6950 1.008221 
2.7050 1.010190 
2.7150 1.008019 
2.7250 1.006334 
2.7350 1.004444 
2.7450 1.015181 
2.7550 1.004830 
2.7650 0.998760 
2.7750 0.996615 
2.7850 1.009038 
2.7950 1.012745 
2.8050 1.010147 
2.8150 1.010058 
2.8250 1.009424 
2.8350 1.009127 
2.8450 1.003813 
2.8550 1.003089 
2.8650 0.996938 
2.8750 1.006354 
2.8850 1.002397 
2.8950 1.002071 
2.9050 0.997480 
2.9150 0.996029 
2.9250 0.999587 
2.9350 1.005219 
2.9450 1.008634 
2.9550 0.994491 
2.9650 0.996276 
2.9750 0.999343 
2.9850 0.998521 
2.9950 0.991224 
3.0050 0.991943 
3.0150 0.994700 
3.0250 1.001961 
3.0350 0.999426 
3.0450 0.996710 
3.0550 0.984328 
3.0650 1.000540 
3.0750 0.997597 
3.0850 0.999137 
3.0950 0.988813 
3.1050 1.001883 
3.1150 0.990298 
3.1250 0.993839 
3.1350 0.995584 
3.1450 1.003082 
3.1550 0.986084 
3.1650 0.991187 
3.1750 0.997039 
3.1850 1.005648 
3.1950 0.999132 
3.2050 0.996660 
3.2150 0.988059 
3.2250 0.993459 
3.2350 0.993063 
3.2450 1.007480 
3.2550 0.996797 
3.2650 1.002655 
3.2750 1.005212 
3.2850 0.994737 
3.2950 1.004155 
3.3050 0.998999 
3.3150 1.004066 
3.3250 0.993359 
3.3350 0.997412 
3.3450 1.000468 
3.3550 0.989640 
3.3650 0.998572 
3.3750 1.004538 
3.3850 1.011403 
3.3950 0.998150 
3.4050 0.997032 
3.4150 0.989032 
3.4250 1.002230 
3.4350 0.999989 
3.4450 0.998704 
3.4550 0.999556 
3.4650 1.000106 
3.4750 0.996027 
3.4850 0.999749 
3.4950 1.000441 
3.5050 1.005107 
3.5150 0.998505 
3.5250 0.992206 
3.5350 0.997437 
3.5450 0.998318 
3.5550 1.003285 
3.5650 1.008464 
3.5750 1.006150 
3.5850 1.005852 
3.5950 1.006841 
3.6050 0.998192 
3.6150 1.007217 
3.6250 1.006684 
3.6350 1.001824 
3.6450 0.998258 
3.6550 1.003137 
3.6650 0.999890 
3.6750 0.999500 
3.6850 1.002548 
3.6950 0.996227 
3.7050 1.004069 
3.7150 1.003305 
3.7250 1.001166 
3.7350 0.993954 
3.7450 1.008137 
3.7550 1.001743 
3.7650 0.994587 
3.7750 1.000182 
3.7850 0.998808 
3.7950 1.008396 
3.8050 1.000152 
3.8150 1.004798 
3.8250 1.001839 
3.8350 1.000145 
3.8450 1.000706 
3.8550 1.005636 
3.8650 0.998390 
3.8750 0.995949 
3.8850 1.001954 
3.8950 1.008170 
3.9050 0.995887 
3.9150 1.001169 
3.9250 1.007971 
3.9350 1.001304 
3.9450 1.006163 
3.9550 1.000746 
3.9650 1.009617 
3.9750 0.996987 
3.9850 1.005522 
3.9950 1.004422 
4.0050 1.012533 
4.0150 1.003516 
4.0250 1.000260 
4.0350 0.996194 
4.0450 0.992486 
4.0550 0.997573 
4.0650 1.004298 
4.0750 1.005678 
4.0850 1.005313 
4.0950 1.003656 
4.1050 1.003318 
4.1150 1.002234 
4.1250 0.998771 
4.1350 1.001303 
4.1450 1.004545 
4.1550 1.000030 
4.1650 1.005520 
4.1750 1.004159 
4.1850 1.005565 
4.1950 0.992301 
4.2050 1.005284 
4.2150 1.004201 
4.2250 0.999296 
4.2350 0.997302 
4.2450 0.996387 
4.2550 0.998913 
4.2650 1.003936 
4.2750 0.996787 
4.2850 1.001631 
4.2950 1.010516 
4.3050 1.000938 
4.3150 0.994676 
4.3250 0.998233 
4.3350 1.001084 
4.3450 1.001107 
4.3550 1.004448 
4.3650 1.009089 
4.3750 0.995579 
4.3850 1.001448 
4.3950 1.001079 
4.4050 0.999606 
4.4150 0.992557 
4.4250 0.997219 
4.4350 1.001590 
4.4450 0.998454 
4.4550 1.001093 
4.4650 1.002169 
4.4750 0.999090 
4.4850 0.999765 
4.4950 1.006489 