
0.0050 0.000000 
0.0150 0.000000 
0.0250 0.000000 
0.0350 0.000000 
0.0450 0.000000 
0.0550 0.000000 
0.0650 0.000000 
0.0750 0.000000 
0.0850 0.000000 
0.0950 0.000000 
0.1050 0.000000 
0.1150 0.000000 
0.1250 0.000000 
0.1350 0.000000 
0.1450 0.000000 
0.1550 0.000000 
0.1650 0.000000 
0.1750 0.000000 
0.1850 0.000000 
0.1950 0.000000 
0.2050 0.000000 
0.2150 0.000000 
0.2250 0.000000 
0.2350 0.000000 
0.2450 0.000000 
0.2550 0.000000 
0.2650 0.000000 
0.2750 0.000000 
0.2850 0.000000 
0.2950 0.000000 
0.3050 0.000000 
0.3150 0.000000 
0.3250 0.000000 
0.3350 0.000000 
0.3450 0.000000 
0.3550 0.000000 
0.3650 0.000000 
0.3750 0.000000 
0.3850 0.000000 
0.3950 0.000000 
0.4050 0.000000 
0.4150 0.000000 
0.4250 0.000000 
0.4350 0.000000 
0.4450 0.000000 
0.4550 0.000000 
0.4650 0.000000 
0.4750 0.000000 
0.4850 0.000000 
0.4950 0.000000 
0.5050 0.000000 
0.5150 0.000000 
0.5250 0.000000 
0.5350 0.000000 
0.5450 0.000000 
0.5550 0.000000 
0.5650 0.000000 
0.5750 0.000000 
0.5850 0.000000 
0.5950 0.000000 
0.6050 0.000000 
0.6150 0.000000 
0.6250 0.000000 
0.6350 0.000000 
0.6450 0.000000 
0.6550 0.000000 
0.6650 0.000000 
0.6750 0.003905 
0.6850 0.021103 
0.6950 0.045151 
0.7050 0.068883 
0.7150 0.083392 
0.7250 0.100201 
0.7350 0.122691 
0.7450 0.146180 
0.7550 0.162965 
0.7650 0.176421 
0.7750 0.194145 
0.7850 0.227033 
0.7950 0.233723 
0.8050 0.257062 
0.8150 0.288397 
0.8250 0.304633 
0.8350 0.329965 
0.8450 0.333641 
0.8550 0.370097 
0.8650 0.390948 
0.8750 0.409184 
0.8850 0.428838 
0.8950 0.460142 
0.9050 0.482570 
0.9150 0.506837 
0.9250 0.543753 
0.9350 0.561204 
0.9450 0.577566 
0.9550 0.601528 
0.9650 0.633120 
0.9750 0.687839 
0.9850 0.728043 
0.9950 0.773096 
1.0050 0.829130 
1.0150 0.862148 
1.0250 0.916062 
1.0350 0.937974 
1.0450 0.953349 
1.0550 0.979020 
1.0650 1.017579 
1.0750 1.034091 
1.0850 1.055958 
1.0950 1.042698 
1.1050 1.078291 
1.1150 1.105372 
1.1250 1.131821 
1.1350 1.113854 
1.1450 1.129864 
1.1550 1.134891 
1.1650 1.153889 
1.1750 1.176048 
1.1850 1.179193 
1.1950 1.183642 
1.2050 1.181150 
1.2150 1.200886 
1.2250 1.184646 
1.2350 1.213567 
1.2450 1.219892 
1.2550 1.230196 
1.2650 1.242024 
1.2750 1.242626 
1.2850 1.238437 
1.2950 1.261459 
1.3050 1.255098 
1.3150 1.257529 
1.3250 1.261921 
1.3350 1.243874 
1.3450 1.241385 
1.3550 1.246302 
1.3650 1.217449 
1.3750 1.216385 
1.3850 1.196481 
1.3950 1.189953 
1.4050 1.194939 
1.4150 1.182603 
1.4250 1.172416 
1.4350 1.178550 
1.4450 1.160675 
1.4550 1.150144 
1.4650 1.127520 
1.4750 1.123722 
1.4850 1.104281 
1.4950 1.112793 
1.5050 1.106331 
1.5150 1.086937 
1.5250 1.091421 
1.5350 1.074434 
1.5450 1.076123 
1.5550 1.075978 
1.5650 1.073871 
1.5750 1.049456 
1.5850 1.050182 
1.5950 1.050203 
1.6050 1.043680 
1.6150 1.041256 
1.6250 1.024568 
1.6350 1.020201 
1.6450 1.020092 
1.6550 1.032109 
1.6650 1.004439 
1.6750 1.009880 
1.6850 0.999749 
1.6950 0.983992 
1.7050 0.978689 
1.7150 0.997200 
1.7250 0.972820 
1.7350 0.989824 
1.7450 0.967478 
1.7550 0.971909 
1.7650 0.964337 
1.7750 0.977975 
1.7850 0.968970 
1.7950 0.968821 
1.8050 0.972318 
1.8150 0.980200 
1.8250 0.960708 
1.8350 0.960794 
1.8450 0.962129 
1.8550 0.940976 
1.8650 0.943594 
1.8750 0.953381 
1.8850 0.937234 
1.8950 0.968005 
1.9050 0.943161 
1.9150 0.957609 
1.9250 0.954778 
1.9350 0.951445 
1.9450 0.950036 
1.9550 0.948991 
1.9650 0.946304 
1.9750 0.954805 
1.9850 0.957324 
1.9950 0.957848 
2.0050 0.961904 
2.0150 0.952859 
2.0250 0.943692 
2.0350 0.950823 
2.0450 0.954499 
2.0550 0.960510 
2.0650 0.971469 
2.0750 0.967293 
2.0850 0.961640 
2.0950 0.971418 
2.1050 0.965637 
2.1150 0.979667 
2.1250 0.963487 
2.1350 0.968189 
2.1450 0.974961 
2.1550 0.971558 
2.1650 0.974501 
2.1750 0.975963 
2.1850 0.982810 
2.1950 0.988660 
2.2050 0.983101 
2.2150 0.990749 
2.2250 0.996177 
2.2350 0.987294 
2.2450 0.981764 
2.2550 0.988335 
2.2650 0.983905 
2.2750 0.996307 
2.2850 0.991545 
2.2950 0.997327 
2.3050 0.985334 
2.3150 0.996814 
2.3250 1.003417 
2.3350 0.995212 
2.3450 1.001438 
2.3550 1.005433 
2.3650 1.003178 
2.3750 1.012027 
2.3850 1.008903 
2.3950 1.012658 
2.4050 1.021073 
2.4150 1.012005 
2.4250 1.001566 
2.4350 1.012626 
2.4450 1.013213 
2.4550 1.016058 
2.4650 1.012117 
2.4750 1.020642 
2.4850 1.007325 
2.4950 1.019089 
2.5050 1.013562 
2.5150 1.015284 
2.5250 1.018719 
2.5350 1.017372 
2.5450 1.010494 
2.5550 1.007283 
2.5650 1.013295 
2.5750 1.000670 
2.5850 1.001403 
2.5950 1.013726 
2.6050 1.001178 
2.6150 1.018443 
2.6250 1.009784 
2.6350 1.018352 
2.6450 1.004263 
2.6550 1.006284 
2.6650 1.013070 
2.6750 1.012038 
2.6850 1.008148 
2.6950 1.006540 
2.7050 1.018629 
2.7150 1.009530 
2.7250 0.998773 
2.7350 1.013197 
2.7450 1.004217 
2.7550 1.003899 
2.7650 1.003893 
2.7750 1.014763 
2.7850 1.014441 
2.7950 1.001855 
2.8050 1.012006 
2.8150 1.002069 
2.8250 1.002675 
2.8350 1.001075 
2.8450 1.010124 
2.8550 1.007611 
2.8650 1.003324 
2.8750 1.001209 
2.8850 1.002990 
2.8950 1.001953 
2.9050 1.001600 
2.9150 0.997437 
2.9250 1.004673 
2.9350 1.010870 
2.9450 0.998733 
2.9550 1.005458 
2.9650 1.005937 
2.9750 0.995577 
2.9850 1.005883 
2.9950 0.999132 
3.0050 1.007964 
3.0150 1.001563 
3.0250 0.987798 
3.0350 0.998073 
3.0450 0.995868 
3.0550 0.996924 
3.0650 1.004195 
3.0750 1.003910 
3.0850 0.994286 
3.0950 0.994339 
3.1050 0.992739 
3.1150 0.996695 
3.1250 0.998490 
3.1350 0.994383 
3.1450 0.990927 
3.1550 0.995896 
3.1650 1.002589 
3.1750 0.994642 
3.1850 0.997056 
3.1950 0.993110 
3.2050 0.993992 
3.2150 1.005668 
3.2250 0.996562 
3.2350 0.995707 
3.2450 1.000259 
3.2550 0.997454 
3.2650 0.997022 
3.2750 0.994819 
3.2850 1.003849 
3.2950 0.999742 
3.3050 1.003321 
3.3150 0.998544 
3.3250 0.997758 
3.3350 0.995694 
3.3450 0.997835 
3.3550 0.987830 
3.3650 1.007518 
3.3750 1.007934 
3.3850 1.003470 
3.3950 0.991827 
3.4050 1.004893 
3.4150 1.002656 
3.4250 0.995663 
3.4350 1.005491 
3.4450 0.996197 
3.4550 0.991510 
3.4650 0.994503 
3.4750 0.995116 
3.4850 1.000093 
3.4950 0.995792 
3.5050 0.986513 
3.5150 0.999283 
3.5250 0.990193 
3.5350 1.001429 
3.5450 1.002854 
3.5550 1.007737 
3.5650 0.998339 
3.5750 1.002872 
3.5850 1.005399 
3.5950 1.000251 
3.6050 1.005926 
3.6150 1.015215 
3.6250 0.998497 
3.6350 0.999965 
3.6450 1.000511 
3.6550 1.001545 
3.6650 1.000613 
3.6750 1.005505 
3.6850 1.001898 
3.6950 0.995139 
3.7050 0.997467 
3.7150 1.001278 
3.7250 1.005391 
3.7350 0.997413 
3.7450 0.998088 
3.7550 0.996481 
3.7650 1.003403 
3.7750 0.999752 
3.7850 1.001543 
3.7950 1.001297 
3.8050 1.000646 
3.8150 1.008879 
3.8250 0.995645 
3.8350 1.009402 
3.8450 0.999483 
3.8550 0.996561 
3.8650 0.998257 
3.8750 0.998709 
3.8850 0.999400 
3.8950 1.010278 
3.9050 0.997070 
3.9150 1.005736 
3.9250 0.996377 
3.9350 1.013000 
3.9450 1.003713 
3.9550 1.011063 
3.9650 1.011710 
3.9750 1.000366 
3.9850 0.996420 
3.9950 1.003951 
4.0050 0.997880 
4.0150 1.002003 
4.0250 1.006721 
4.0350 0.997975 
4.0450 1.004414 
4.0550 0.987426 
4.0650 1.000489 
4.0750 0.996546 
4.0850 1.002172 
4.0950 1.002903 
4.1050 1.002297 
4.1150 1.006995 
4.1250 1.004038 
4.1350 1.000330 
4.1450 1.013358 
4.1550 0.993441 
4.1650 1.003465 
4.1750 0.989426 
4.1850 1.000372 
4.1950 1.003007 
4.2050 1.002822 
4.2150 1.006433 
4.2250 1.000247 
4.2350 1.004272 
4.2450 1.007451 
4.2550 1.003276 
4.2650 1.006182 
4.2750 0.996327 
4.2850 0.996879 
4.2950 0.997987 
4.3050 1.004118 
4.3150 1.011290 
4.3250 1.006126 
4.3350 1.002229 
4.3450 1.005044 
4.3550 0.996316 
4.3650 1.005756 
4.3750 1.005963 
4.3850 1.003964 
4.3950 1.006549 
4.4050 0.993993 
4.4150 1.007634 
4.4250 0.999307 
4.4350 0.998716 
4.4450 1.001745 
4.4550 1.005625 
4.4650 0.997340 
4.4750 0.991041 
4.4850 1.001806 
4.4950 0.994993 