
0.0050 0.000000 
0.0150 0.000000 
0.0250 0.000000 
0.0350 0.000000 
0.0450 0.000000 
0.0550 0.000000 
0.0650 0.000000 
0.0750 0.000000 
0.0850 0.000000 
0.0950 0.000000 
0.1050 0.000000 
0.1150 0.000000 
0.1250 0.000000 
0.1350 0.000000 
0.1450 0.000000 
0.1550 0.000000 
0.1650 0.000000 
0.1750 0.000000 
0.1850 0.000000 
0.1950 0.000000 
0.2050 0.000000 
0.2150 0.000000 
0.2250 0.000000 
0.2350 0.000000 
0.2450 0.000000 
0.2550 0.000000 
0.2650 0.000000 
0.2750 0.000000 
0.2850 0.000000 
0.2950 0.000000 
0.3050 0.000000 
0.3150 0.000000 
0.3250 0.000000 
0.3350 0.000000 
0.3450 0.000000 
0.3550 0.000000 
0.3650 0.000000 
0.3750 0.000000 
0.3850 0.000000 
0.3950 0.000000 
0.4050 0.000000 
0.4150 0.000000 
0.4250 0.000000 
0.4350 0.000000 
0.4450 0.000000 
0.4550 0.000000 
0.4650 0.000000 
0.4750 0.000000 
0.4850 0.000000 
0.4950 0.000000 
0.5050 0.000000 
0.5150 0.000000 
0.5250 0.000000 
0.5350 0.000000 
0.5450 0.000000 
0.5550 0.000000 
0.5650 0.000000 
0.5750 0.000000 
0.5850 0.000000 
0.5950 0.000000 
0.6050 0.000000 
0.6150 0.000000 
0.6250 0.000000 
0.6350 0.000000 
0.6450 0.000000 
0.6550 0.000000 
0.6650 0.000000 
0.6750 0.004912 
0.6850 0.023337 
0.6950 0.038299 
0.7050 0.052357 
0.7150 0.056863 
0.7250 0.067935 
0.7350 0.077087 
0.7450 0.081313 
0.7550 0.093654 
0.7650 0.115797 
0.7750 0.128149 
0.7850 0.131839 
0.7950 0.150213 
0.8050 0.164008 
0.8150 0.190628 
0.8250 0.199477 
0.8350 0.197611 
0.8450 0.204155 
0.8550 0.218911 
0.8650 0.230965 
0.8750 0.240897 
0.8850 0.251086 
0.8950 0.271612 
0.9050 0.286323 
0.9150 0.316355 
0.9250 0.363331 
0.9350 0.425072 
0.9450 0.567829 
0.9550 0.784877 
0.9650 1.129814 
0.9750 1.638753 
0.9850 2.264072 
0.9950 3.022922 
1.0050 3.778193 
1.0150 4.406132 
1.0250 4.976557 
1.0350 5.311093 
1.0450 5.431244 
1.0550 5.318919 
1.0650 4.912192 
1.0750 4.328368 
1.0850 3.596055 
1.0950 2.840537 
1.1050 2.150564 
1.1150 1.600396 
1.1250 1.212471 
1.1350 0.976810 
1.1450 0.825165 
1.1550 0.736904 
1.1650 0.692391 
1.1750 0.659812 
1.1850 0.656283 
1.1950 0.636896 
1.2050 0.644939 
1.2150 0.623646 
1.2250 0.622057 
1.2350 0.628991 
1.2450 0.622726 
1.2550 0.626756 
1.2650 0.619730 
1.2750 0.617967 
1.2850 0.645910 
1.2950 0.663804 
1.3050 0.671291 
1.3150 0.677171 
1.3250 0.658298 
1.3350 0.681510 
1.3450 0.677223 
1.3550 0.684839 
1.3650 0.687468 
1.3750 0.695210 
1.3850 0.696925 
1.3950 0.684728 
1.4050 0.682302 
1.4150 0.696014 
1.4250 0.675933 
1.4350 0.680518 
1.4450 0.678660 
1.4550 0.674540 
1.4650 0.682478 
1.4750 0.681687 
1.4850 0.703497 
1.4950 0.710799 
1.5050 0.706829 
1.5150 0.702742 
1.5250 0.707834 
1.5350 0.711858 
1.5450 0.728154 
1.5550 0.716019 
1.5650 0.704967 
1.5750 0.723869 
1.5850 0.723249 
1.5950 0.726437 
1.6050 0.723149 
1.6150 0.737825 
1.6250 0.731932 
1.6350 0.765594 
1.6450 0.748392 
1.6550 0.756422 
1.6650 0.757073 
1.6750 0.756084 
1.6850 0.745681 
1.6950 0.744619 
1.7050 0.746977 
1.7150 0.753141 
1.7250 0.756709 
1.7350 0.770673 
1.7450 0.774687 
1.7550 0.755442 
1.7650 0.765401 
1.7750 0.765913 
1.7850 0.775559 
1.7950 0.775247 
1.8050 0.764055 
1.8150 0.770446 
1.8250 0.774380 
1.8350 0.780971 
1.8450 0.798556 
1.8550 0.813880 
1.8650 0.814474 
1.8750 0.827090 
1.8850 0.835312 
1.8950 0.833801 
1.9050 0.835579 
1.9150 0.855272 
1.9250 0.864821 
1.9350 0.867913 
1.9450 0.891002 
1.9550 0.930157 
1.9650 0.969565 
1.9750 1.018958 
1.9850 1.103363 
1.9950 1.202985 
2.0050 1.326799 
2.0150 1.474617 
2.0250 1.656420 
2.0350 1.887412 
2.0450 2.124508 
2.0550 2.316184 
2.0650 2.484906 
2.0750 2.513273 
2.0850 2.401416 
2.0950 2.189392 
2.1050 1.909353 
2.1150 1.616240 
2.1250 1.367177 
2.1350 1.184001 
2.1450 1.070453 
2.1550 0.981510 
2.1650 0.952002 
2.1750 0.930623 
2.1850 0.922188 
2.1950 0.909821 
2.2050 0.895705 
2.2150 0.899232 
2.2250 0.897389 
2.2350 0.880650 
2.2450 0.878525 
2.2550 0.886424 
2.2650 0.881123 
2.2750 0.875117 
2.2850 0.872867 
2.2950 0.867470 
2.3050 0.862974 
2.3150 0.870477 
2.3250 0.870050 
2.3350 0.867869 
2.3450 0.871793 
2.3550 0.871257 
2.3650 0.876110 
2.3750 0.883117 
2.3850 0.876125 
2.3950 0.887535 
2.4050 0.890818 
2.4150 0.894145 
2.4250 0.877177 
2.4350 0.883165 
2.4450 0.853900 
2.4550 0.877656 
2.4650 0.872542 
2.4750 0.870578 
2.4850 0.872380 
2.4950 0.862038 
2.5050 0.877031 
2.5150 0.871851 
2.5250 0.876902 
2.5350 0.887646 
2.5450 0.895216 
2.5550 0.892455 
2.5650 0.888816 
2.5750 0.893471 
2.5850 0.898289 
2.5950 0.893220 
2.6050 0.892752 
2.6150 0.889017 
2.6250 0.897361 
2.6350 0.891918 
2.6450 0.908527 
2.6550 0.907205 
2.6650 0.914778 
2.6750 0.901937 
2.6850 0.899061 
2.6950 0.905724 
2.7050 0.910726 
2.7150 0.909897 
2.7250 0.909451 
2.7350 0.918291 
2.7450 0.910405 
2.7550 0.921071 
2.7650 0.915983 
2.7750 0.914260 
2.7850 0.907667 
2.7950 0.894270 
2.8050 0.909010 
2.8150 0.913410 
2.8250 0.936423 
2.8350 0.927818 
2.8450 0.935021 
2.8550 0.947774 
2.8650 0.944352 
2.8750 0.944732 
2.8850 0.950947 
2.8950 0.970262 
2.9050 0.980349 
2.9150 0.990133 
2.9250 1.020752 
2.9350 1.010113 
2.9450 1.033662 
2.9550 1.024932 
2.9650 1.044408 
2.9750 1.072836 
2.9850 1.114538 
2.9950 1.161415 
3.0050 1.200240 
3.0150 1.287647 
3.0250 1.338633 
3.0350 1.415796 
3.0450 1.470184 
3.0550 1.506134 
3.0650 1.491324 
3.0750 1.462677 
3.0850 1.414203 
3.0950 1.339103 
3.1050 1.256525 
3.1150 1.198169 
3.1250 1.126148 
3.1350 1.069125 
3.1450 1.029322 
3.1550 1.006358 
3.1650 0.992079 
3.1750 0.991545 
3.1850 0.974743 
3.1950 0.963828 
3.2050 0.963840 
3.2150 0.968960 
3.2250 0.965377 
3.2350 0.950527 
3.2450 0.949658 
3.2550 0.946193 
3.2650 0.937616 
3.2750 0.938831 
3.2850 0.941809 
3.2950 0.939215 
3.3050 0.933609 
3.3150 0.938871 
3.3250 0.948218 
3.3350 0.934634 
3.3450 0.936344 
3.3550 0.930881 
3.3650 0.921942 
3.3750 0.944835 
3.3850 0.944372 
3.3950 0.954820 
3.4050 0.953728 
3.4150 0.949437 
3.4250 0.940326 
3.4350 0.937069 
3.4450 0.937953 
3.4550 0.943758 
3.4650 0.948987 
3.4750 0.941189 
3.4850 0.953463 
3.4950 0.939628 
3.5050 0.944004 
3.5150 0.951810 
3.5250 0.945522 
3.5350 0.952094 
3.5450 0.958484 
3.5550 0.958053 
3.5650 0.957985 
3.5750 0.960835 
3.5850 0.947804 
3.5950 0.966632 
3.6050 0.951071 
3.6150 0.955495 
3.6250 0.953476 
3.6350 0.945421 
3.6450 0.939522 
3.6550 0.948539 
3.6650 0.949945 
3.6750 0.951251 
3.6850 0.955149 
3.6950 0.958656 
3.7050 0.958912 
3.7150 0.957716 
3.7250 0.964540 
3.7350 0.959304 
3.7450 0.962114 
3.7550 0.971355 
3.7650 0.966052 
3.7750 0.980015 
3.7850 0.977587 
3.7950 0.990590 
3.8050 0.982010 
3.8150 0.984529 
3.8250 0.985313 
3.8350 0.987900 
3.8450 0.990317 
3.8550 0.997426 
3.8650 0.996509 
3.8750 0.994757 
3.8850 0.998189 
3.8950 1.020447 
3.9050 1.002174 
3.9150 1.015327 
3.9250 1.026104 
3.9350 1.026913 
3.9450 1.043525 
3.9550 1.048806 
3.9650 1.059929 
3.9750 1.072804 
3.9850 1.078251 
3.9950 1.089453 
4.0050 1.097715 
4.0150 1.114778 
4.0250 1.108526 
4.0350 1.123676 
4.0450 1.131370 
4.0550 1.137064 
4.0650 1.129556 
4.0750 1.125213 
4.0850 1.107865 
4.0950 1.085944 
4.1050 1.072924 
4.1150 1.038095 
4.1250 1.027556 
4.1350 1.013820 
4.1450 0.998271 
4.1550 0.989983 
4.1650 0.994079 
4.1750 0.992889 
4.1850 0.988271 
4.1950 0.982879 
4.2050 0.986668 
4.2150 0.981996 
4.2250 0.979128 
4.2350 0.983929 
4.2450 0.971235 
4.2550 0.967528 
4.2650 0.971841 
4.2750 0.968069 
4.2850 0.966013 
4.2950 0.975578 
4.3050 0.967850 
4.3150 0.969337 
4.3250 0.959977 
4.3350 0.956640 
4.3450 0.964916 
4.3550 0.954727 
4.3650 0.955914 
4.3750 0.956567 
4.3850 0.963675 
4.3950 0.959265 
4.4050 0.966316 
4.4150 0.972017 
4.4250 0.979451 
4.4350 0.978808 
4.4450 0.975780 
4.4550 0.971441 
4.4650 0.972718 
4.4750 0.972515 
4.4850 0.981280 
4.4950 0.978110 