
0.0050 0.000000 
0.0150 0.000000 
0.0250 0.000000 
0.0350 0.000000 
0.0450 0.000000 
0.0550 0.000000 
0.0650 0.000000 
0.0750 0.000000 
0.0850 0.000000 
0.0950 0.000000 
0.1050 0.000000 
0.1150 0.000000 
0.1250 0.000000 
0.1350 0.000000 
0.1450 0.000000 
0.1550 0.000000 
0.1650 0.000000 
0.1750 0.000000 
0.1850 0.000000 
0.1950 0.000000 
0.2050 0.000000 
0.2150 0.000000 
0.2250 0.000000 
0.2350 0.000000 
0.2450 0.000000 
0.2550 0.000000 
0.2650 0.000000 
0.2750 0.000000 
0.2850 0.000000 
0.2950 0.000000 
0.3050 0.000000 
0.3150 0.000000 
0.3250 0.000000 
0.3350 0.000000 
0.3450 0.000000 
0.3550 0.000000 
0.3650 0.000000 
0.3750 0.000000 
0.3850 0.000000 
0.3950 0.000000 
0.4050 0.000000 
0.4150 0.000000 
0.4250 0.000000 
0.4350 0.000000 
0.4450 0.000000 
0.4550 0.000000 
0.4650 0.000000 
0.4750 0.000000 
0.4850 0.000000 
0.4950 0.000000 
0.5050 0.000000 
0.5150 0.000000 
0.5250 0.000000 
0.5350 0.000000 
0.5450 0.000000 
0.5550 0.000000 
0.5650 0.000000 
0.5750 0.000000 
0.5850 0.000000 
0.5950 0.000000 
0.6050 0.000000 
0.6150 0.000000 
0.6250 0.000000 
0.6350 0.000000 
0.6450 0.000000 
0.6550 0.000000 
0.6650 0.000000 
0.6750 0.004409 
0.6850 0.020606 
0.6950 0.036953 
0.7050 0.056217 
0.7150 0.075065 
0.7250 0.091753 
0.7350 0.103361 
0.7450 0.119228 
0.7550 0.128365 
0.7650 0.146832 
0.7750 0.174269 
0.7850 0.183556 
0.7950 0.195180 
0.8050 0.217937 
0.8150 0.230529 
0.8250 0.246740 
0.8350 0.267663 
0.8450 0.276606 
0.8550 0.303866 
0.8650 0.316519 
0.8750 0.338034 
0.8850 0.352233 
0.8950 0.390383 
0.9050 0.405106 
0.9150 0.450512 
0.9250 0.506085 
0.9350 0.575419 
0.9450 0.656727 
0.9550 0.791033 
0.9650 0.953741 
0.9750 1.169851 
0.9850 1.441725 
0.9950 1.717583 
1.0050 2.035638 
1.0150 2.303539 
1.0250 2.516095 
1.0350 2.667241 
1.0450 2.764607 
1.0550 2.765595 
1.0650 2.690919 
1.0750 2.553862 
1.0850 2.294849 
1.0950 2.066787 
1.1050 1.777784 
1.1150 1.542963 
1.1250 1.358231 
1.1350 1.229033 
1.1450 1.129863 
1.1550 1.079882 
1.1650 1.028631 
1.1750 0.999880 
1.1850 0.969309 
1.1950 0.971510 
1.2050 0.957322 
1.2150 0.948563 
1.2250 0.944123 
1.2350 0.950048 
1.2450 0.945463 
1.2550 0.956721 
1.2650 0.945883 
1.2750 0.964323 
1.2850 0.954192 
1.2950 0.960754 
1.3050 0.961462 
1.3150 0.963652 
1.3250 0.978044 
1.3350 0.953679 
1.3450 0.965205 
1.3550 0.958863 
1.3650 0.939298 
1.3750 0.957877 
1.3850 0.946241 
1.3950 0.942786 
1.4050 0.937314 
1.4150 0.938736 
1.4250 0.931273 
1.4350 0.937059 
1.4450 0.928174 
1.4550 0.915422 
1.4650 0.910709 
1.4750 0.915552 
1.4850 0.906361 
1.4950 0.903173 
1.5050 0.897532 
1.5150 0.906110 
1.5250 0.906457 
1.5350 0.903519 
1.5450 0.899182 
1.5550 0.894406 
1.5650 0.894165 
1.5750 0.903305 
1.5850 0.894553 
1.5950 0.888320 
1.6050 0.890517 
1.6150 0.902097 
1.6250 0.887840 
1.6350 0.899870 
1.6450 0.881075 
1.6550 0.893466 
1.6650 0.891501 
1.6750 0.894759 
1.6850 0.893012 
1.6950 0.895116 
1.7050 0.892035 
1.7150 0.873403 
1.7250 0.890337 
1.7350 0.888912 
1.7450 0.888580 
1.7550 0.890150 
1.7650 0.891654 
1.7750 0.902956 
1.7850 0.890352 
1.7950 0.897540 
1.8050 0.910705 
1.8150 0.900383 
1.8250 0.902390 
1.8350 0.916339 
1.8450 0.927451 
1.8550 0.907222 
1.8650 0.917303 
1.8750 0.923130 
1.8850 0.922143 
1.8950 0.936088 
1.9050 0.931546 
1.9150 0.935839 
1.9250 0.938624 
1.9350 0.941997 
1.9450 0.965805 
1.9550 0.961883 
1.9650 0.983783 
1.9750 1.002174 
1.9850 1.014741 
1.9950 1.038918 
2.0050 1.065027 
2.0150 1.085408 
2.0250 1.122507 
2.0350 1.164659 
2.0450 1.210788 
2.0550 1.259752 
2.0650 1.291941 
2.0750 1.301213 
2.0850 1.300601 
2.0950 1.264838 
2.1050 1.236395 
2.1150 1.187979 
2.1250 1.155942 
2.1350 1.112998 
2.1450 1.074994 
2.1550 1.056179 
2.1650 1.020721 
2.1750 1.025665 
2.1850 1.012299 
2.1950 1.005634 
2.2050 1.001317 
2.2150 1.001899 
2.2250 0.992951 
2.2350 0.993986 
2.2450 0.991090 
2.2550 0.996408 
2.2650 0.989301 
2.2750 1.005474 
2.2850 0.990423 
2.2950 0.996582 
2.3050 0.985705 
2.3150 0.989725 
2.3250 0.994337 
2.3350 0.986684 
2.3450 0.994950 
2.3550 0.990662 
2.3650 0.985469 
2.3750 0.989031 
2.3850 0.987723 
2.3950 0.996313 
2.4050 0.983685 
2.4150 0.978735 
2.4250 0.983766 
2.4350 0.985772 
2.4450 0.980385 
2.4550 0.983120 
2.4650 0.983613 
2.4750 0.974328 
2.4850 0.986341 
2.4950 0.975750 
2.5050 0.971179 
2.5150 0.989385 
2.5250 0.970645 
2.5350 0.981661 
2.5450 0.970960 
2.5550 0.979513 
2.5650 0.967136 
2.5750 0.982178 
2.5850 0.976567 
2.5950 0.973107 
2.6050 0.971085 
2.6150 0.990721 
2.6250 0.983730 
2.6350 0.979971 
2.6450 0.976951 
2.6550 0.966678 
2.6650 0.976916 
2.6750 0.977234 
2.6850 0.966882 
2.6950 0.972913 
2.7050 0.966605 
2.7150 0.967807 
2.7250 0.973015 
2.7350 0.972871 
2.7450 0.981480 
2.7550 0.967870 
2.7650 0.978599 
2.7750 0.981210 
2.7850 0.980180 
2.7950 0.981084 
2.8050 0.976770 
2.8150 0.986306 
2.8250 0.981277 
2.8350 0.985483 
2.8450 0.975473 
2.8550 0.981196 
2.8650 0.984075 
2.8750 0.982948 
2.8850 0.983785 
2.8950 0.982755 
2.9050 0.986707 
2.9150 0.987786 
2.9250 0.988508 
2.9350 0.998314 
2.9450 0.999169 
2.9550 1.002883 
2.9650 0.995267 
2.9750 0.997819 
2.9850 1.013847 
2.9950 1.016092 
3.0050 1.011521 
3.0150 1.026720 
3.0250 1.035062 
3.0350 1.036250 
3.0450 1.048158 
3.0550 1.042269 
3.0650 1.050787 
3.0750 1.045068 
3.0850 1.032455 
3.0950 1.037386 
3.1050 1.039861 
3.1150 1.027497 
3.1250 1.011845 
3.1350 1.022834 
3.1450 1.007460 
3.1550 1.005871 
3.1650 1.006670 
3.1750 1.010426 
3.1850 1.009836 
3.1950 1.003468 
3.2050 0.997994 
3.2150 0.997422 
3.2250 1.002820 
3.2350 1.003955 
3.2450 1.000575 
3.2550 0.999661 
3.2650 1.000192 
3.2750 0.998240 
3.2850 0.996872 
3.2950 0.998367 
3.3050 0.992090 
3.3150 1.008244 
3.3250 0.999275 
3.3350 1.003694 
3.3450 1.006349 
3.3550 0.998638 
3.3650 0.991024 
3.3750 0.999419 
3.3850 0.998619 
3.3950 1.001601 
3.4050 1.000171 
3.4150 0.997973 
3.4250 0.986623 
3.4350 1.000437 
3.4450 0.992994 
3.4550 0.994258 
3.4650 0.995194 
3.4750 0.983375 
3.4850 0.996093 
3.4950 0.985587 
3.5050 0.993809 
3.5150 1.005464 
3.5250 0.992473 
3.5350 0.987347 
3.5450 0.998970 
3.5550 0.994359 
3.5650 0.992894 
3.5750 0.996149 
3.5850 0.996762 
3.5950 0.985975 
3.6050 0.988891 
3.6150 0.997114 
3.6250 0.988445 
3.6350 0.994742 
3.6450 0.987980 
3.6550 0.999181 
3.6650 0.993588 
3.6750 0.986792 
3.6850 0.994865 
3.6950 1.001760 
3.7050 0.986754 
3.7150 0.990364 
3.7250 0.992187 
3.7350 0.987610 
3.7450 0.983812 
3.7550 0.997187 
3.7650 0.989748 
3.7750 0.995264 
3.7850 0.993452 
3.7950 0.994827 
3.8050 0.998826 
3.8150 0.994798 
3.8250 0.999335 
3.8350 1.006034 
3.8450 0.990228 
3.8550 0.996184 
3.8650 1.004188 
3.8750 1.000364 
3.8850 1.003804 
3.8950 1.000769 
3.9050 1.019348 
3.9150 1.000710 
3.9250 0.995461 
3.9350 1.001587 
3.9450 0.994671 
3.9550 1.009333 
3.9650 1.001980 
3.9750 0.997288 
3.9850 1.006874 
3.9950 1.009861 
4.0050 1.006894 
4.0150 1.002897 
4.0250 0.995733 
4.0350 1.001664 
4.0450 1.005387 
4.0550 1.005084 
4.0650 1.006718 
4.0750 1.004922 
4.0850 1.002780 
4.0950 1.007061 
4.1050 1.004777 
4.1150 1.004043 
4.1250 1.004100 
4.1350 1.000765 
4.1450 1.000995 
4.1550 1.002995 
4.1650 0.999645 
4.1750 1.004979 
4.1850 1.000004 
4.1950 1.003354 
4.2050 1.006301 
4.2150 0.998416 
4.2250 0.997736 
4.2350 1.004656 
4.2450 0.996709 
4.2550 0.992721 
4.2650 1.000806 
4.2750 1.001871 
4.2850 0.995541 
4.2950 1.000238 
4.3050 1.006661 
4.3150 1.002090 
4.3250 1.002981 
4.3350 1.002683 
4.3450 1.011483 
4.3550 0.997887 
4.3650 0.994153 
4.3750 1.002267 
4.3850 1.001603 
4.3950 1.010579 
4.4050 1.006092 
4.4150 0.998855 
4.4250 1.002478 
4.4350 0.997964 
4.4450 1.003054 
4.4550 1.002534 
4.4650 1.000597 
4.4750 1.002417 
4.4850 0.996980 
4.4950 0.998895 