
0.0050 0.000000 
0.0150 0.000000 
0.0250 0.000000 
0.0350 0.000000 
0.0450 0.000000 
0.0550 0.000000 
0.0650 0.000000 
0.0750 0.000000 
0.0850 0.000000 
0.0950 0.000000 
0.1050 0.000000 
0.1150 0.000000 
0.1250 0.000000 
0.1350 0.000000 
0.1450 0.000000 
0.1550 0.000000 
0.1650 0.000000 
0.1750 0.000000 
0.1850 0.000000 
0.1950 0.000000 
0.2050 0.000000 
0.2150 0.000000 
0.2250 0.000000 
0.2350 0.000000 
0.2450 0.000000 
0.2550 0.000000 
0.2650 0.000000 
0.2750 0.000000 
0.2850 0.000000 
0.2950 0.000000 
0.3050 0.000000 
0.3150 0.000000 
0.3250 0.000000 
0.3350 0.000000 
0.3450 0.000000 
0.3550 0.000000 
0.3650 0.000000 
0.3750 0.000000 
0.3850 0.000000 
0.3950 0.000000 
0.4050 0.000000 
0.4150 0.000000 
0.4250 0.000000 
0.4350 0.000000 
0.4450 0.000000 
0.4550 0.000000 
0.4650 0.000000 
0.4750 0.000000 
0.4850 0.000000 
0.4950 0.000000 
0.5050 0.000000 
0.5150 0.000000 
0.5250 0.000000 
0.5350 0.000000 
0.5450 0.000000 
0.5550 0.000000 
0.5650 0.000000 
0.5750 0.000000 
0.5850 0.000000 
0.5950 0.000000 
0.6050 0.000000 
0.6150 0.000000 
0.6250 0.000000 
0.6350 0.000000 
0.6450 0.000000 
0.6550 0.000000 
0.6650 0.000000 
0.6750 0.000000 
0.6850 0.000000 
0.6950 0.000000 
0.7050 0.000000 
0.7150 0.000000 
0.7250 0.000000 
0.7350 0.000000 
0.7450 0.003197 
0.7550 0.008002 
0.7650 0.021691 
0.7750 0.028660 
0.7850 0.036971 
0.7950 0.050321 
0.8050 0.063975 
0.8150 0.075416 
0.8250 0.086994 
0.8350 0.099010 
0.8450 0.111449 
0.8550 0.122901 
0.8650 0.126509 
0.8750 0.143662 
0.8850 0.159852 
0.8950 0.175301 
0.9050 0.247827 
0.9150 0.382735 
0.9250 0.740845 
0.9350 1.521966 
0.9450 2.748263 
0.9550 4.284303 
0.9650 5.791499 
0.9750 7.000404 
0.9850 7.634549 
0.9950 7.563172 
1.0050 6.764231 
1.0150 5.281715 
1.0250 3.726202 
1.0350 2.405261 
1.0450 1.564253 
1.0550 1.061198 
1.0650 0.824342 
1.0750 0.682997 
1.0850 0.615989 
1.0950 0.586328 
1.1050 0.558668 
1.1150 0.573028 
1.1250 0.562348 
1.1350 0.570639 
1.1450 0.574465 
1.1550 0.582213 
1.1650 0.596197 
1.1750 0.587225 
1.1850 0.598557 
1.1950 0.603491 
1.2050 0.619456 
1.2150 0.611079 
1.2250 0.634174 
1.2350 0.632721 
1.2450 0.610666 
1.2550 0.629951 
1.2650 0.641312 
1.2750 0.651626 
1.2850 0.649629 
1.2950 0.653856 
1.3050 0.652133 
1.3150 0.666984 
1.3250 0.664931 
1.3350 0.653896 
1.3450 0.651527 
1.3550 0.653034 
1.3650 0.655583 
1.3750 0.659522 
1.3850 0.677761 
1.3950 0.674144 
1.4050 0.682848 
1.4150 0.696618 
1.4250 0.682881 
1.4350 0.683433 
1.4450 0.696263 
1.4550 0.696364 
1.4650 0.701066 
1.4750 0.694997 
1.4850 0.703843 
1.4950 0.701206 
1.5050 0.706602 
1.5150 0.699643 
1.5250 0.723453 
1.5350 0.706574 
1.5450 0.715389 
1.5550 0.695594 
1.5650 0.717842 
1.5750 0.721972 
1.5850 0.715707 
1.5950 0.725099 
1.6050 0.726234 
1.6150 0.725823 
1.6250 0.728727 
1.6350 0.735146 
1.6450 0.722489 
1.6550 0.738982 
1.6650 0.757483 
1.6750 0.751394 
1.6850 0.748975 
1.6950 0.755956 
1.7050 0.764508 
1.7150 0.764694 
1.7250 0.793050 
1.7350 0.796860 
1.7450 0.793873 
1.7550 0.818076 
1.7650 0.827825 
1.7750 0.831259 
1.7850 0.859584 
1.7950 0.863041 
1.8050 0.888038 
1.8150 0.897418 
1.8250 0.945450 
1.8350 0.981742 
1.8450 1.020002 
1.8550 1.068303 
1.8650 1.115493 
1.8750 1.184734 
1.8850 1.260447 
1.8950 1.317465 
1.9050 1.387027 
1.9150 1.485664 
1.9250 1.562553 
1.9350 1.681828 
1.9450 1.774405 
1.9550 1.851398 
1.9650 1.924869 
1.9750 1.997037 
1.9850 2.035121 
1.9950 2.038693 
2.0050 1.933097 
2.0150 1.843387 
2.0250 1.653045 
2.0350 1.470992 
2.0450 1.282777 
2.0550 1.149693 
2.0650 1.055673 
2.0750 0.974829 
2.0850 0.952870 
2.0950 0.921495 
2.1050 0.905599 
2.1150 0.907792 
2.1250 0.908033 
2.1350 0.914997 
2.1450 0.891778 
2.1550 0.886341 
2.1650 0.893072 
2.1750 0.890743 
2.1850 0.876468 
2.1950 0.869992 
2.2050 0.863420 
2.2150 0.876005 
2.2250 0.852373 
2.2350 0.864437 
2.2450 0.863678 
2.2550 0.868877 
2.2650 0.866634 
2.2750 0.872938 
2.2850 0.894149 
2.2950 0.891937 
2.3050 0.878435 
2.3150 0.869037 
2.3250 0.861779 
2.3350 0.872224 
2.3450 0.884331 
2.3550 0.888496 
2.3650 0.888650 
2.3750 0.882109 
2.3850 0.868742 
2.3950 0.861447 
2.4050 0.869743 
2.4150 0.870432 
2.4250 0.865968 
2.4350 0.869931 
2.4450 0.860507 
2.4550 0.880441 
2.4650 0.881871 
2.4750 0.884462 
2.4850 0.894085 
2.4950 0.891399 
2.5050 0.891738 
2.5150 0.878580 
2.5250 0.868405 
2.5350 0.876620 
2.5450 0.873115 
2.5550 0.886834 
2.5650 0.907513 
2.5750 0.904195 
2.5850 0.907384 
2.5950 0.907023 
2.6050 0.920843 
2.6150 0.931615 
2.6250 0.927355 
2.6350 0.928872 
2.6450 0.918320 
2.6550 0.936893 
2.6650 0.942623 
2.6750 0.939713 
2.6850 0.953445 
2.6950 0.946584 
2.7050 0.960252 
2.7150 0.963713 
2.7250 0.970536 
2.7350 0.984218 
2.7450 0.995901 
2.7550 0.998934 
2.7650 1.012953 
2.7750 1.015132 
2.7850 1.024602 
2.7950 1.044895 
2.8050 1.043127 
2.8150 1.069437 
2.8250 1.072014 
2.8350 1.087571 
2.8450 1.094244 
2.8550 1.107339 
2.8650 1.127893 
2.8750 1.138490 
2.8850 1.139055 
2.8950 1.145435 
2.9050 1.156540 
2.9150 1.153253 
2.9250 1.168640 
2.9350 1.183340 
2.9450 1.184990 
2.9550 1.206509 
2.9650 1.215770 
2.9750 1.216405 
2.9850 1.219612 
2.9950 1.226253 
3.0050 1.208805 
3.0150 1.187020 
3.0250 1.160827 
3.0350 1.114352 
3.0450 1.060655 
3.0550 1.027910 
3.0650 1.008213 
3.0750 1.002075 
3.0850 0.979816 
3.0950 0.979889 
3.1050 0.963931 
3.1150 0.961583 
3.1250 0.969101 
3.1350 0.955677 
3.1450 0.961996 
3.1550 0.951661 
3.1650 0.963249 
3.1750 0.949015 
3.1850 0.955169 
3.1950 0.955851 
3.2050 0.954635 
3.2150 0.940738 
3.2250 0.944773 
3.2350 0.943364 
3.2450 0.955483 
3.2550 0.958096 
3.2650 0.962317 
3.2750 0.949485 
3.2850 0.967791 
3.2950 0.972049 
3.3050 0.964014 
3.3150 0.971275 
3.3250 0.959047 
3.3350 0.958971 
3.3450 0.966745 
3.3550 0.970776 
3.3650 0.964133 
3.3750 0.968680 
3.3850 0.959153 
3.3950 0.967895 
3.4050 0.966086 
3.4150 0.973630 
3.4250 0.949440 
3.4350 0.947801 
3.4450 0.943912 
3.4550 0.956853 
3.4650 0.948962 
3.4750 0.966147 
3.4850 0.978570 
3.4950 0.970513 
3.5050 0.974141 
3.5150 0.971008 
3.5250 0.981190 
3.5350 0.975709 
3.5450 0.991297 
3.5550 0.980380 
3.5650 0.974659 
3.5750 0.982105 
3.5850 0.984069 
3.5950 0.972937 
3.6050 0.978618 
3.6150 0.974613 
3.6250 0.963127 
3.6350 0.968011 
3.6450 0.974534 
3.6550 0.979149 
3.6650 0.978605 
3.6750 0.994962 
3.6850 0.990872 
3.6950 0.986852 
3.7050 0.989063 
3.7150 0.986451 
3.7250 1.001372 
3.7350 1.006321 
3.7450 0.994204 
3.7550 1.008212 
3.7650 1.011809 
3.7750 1.017312 
3.7850 1.025543 
3.7950 1.041530 
3.8050 1.037290 
3.8150 1.026839 
3.8250 1.040752 
3.8350 1.038711 
3.8450 1.047581 
3.8550 1.039076 
3.8650 1.030349 
3.8750 1.026170 
3.8850 1.034674 
3.8950 1.031823 
3.9050 1.032514 
3.9150 1.029989 
3.9250 1.034866 
3.9350 1.036630 
3.9450 1.033919 
3.9550 1.041864 
3.9650 1.043360 
3.9750 1.043665 
3.9850 1.054917 
3.9950 1.057697 
4.0050 1.053116 
4.0150 1.050390 
4.0250 1.050312 
4.0350 1.024052 
4.0450 1.019832 
4.0550 0.993797 
4.0650 0.994912 
4.0750 1.000640 
4.0850 0.984937 
4.0950 0.986316 
4.1050 1.005527 
4.1150 0.994521 
4.1250 0.982885 
4.1350 0.984007 
4.1450 0.982048 
4.1550 0.976085 
4.1650 0.979639 
4.1750 0.973955 
4.1850 0.977661 
4.1950 0.982227 
4.2050 0.974034 
4.2150 0.976029 
4.2250 0.971372 
4.2350 0.981889 
4.2450 0.980889 
4.2550 0.989986 
4.2650 0.997577 
4.2750 0.996567 
4.2850 0.987855 
4.2950 0.990657 
4.3050 0.986192 
4.3150 0.998899 
4.3250 1.000429 
4.3350 0.998045 
4.3450 0.995357 
4.3550 0.988968 
4.3650 0.986725 
4.3750 0.964408 
4.3850 0.974386 
4.3950 0.982645 
4.4050 0.979290 
4.4150 0.986337 
4.4250 0.977382 
4.4350 0.973907 
4.4450 0.978167 
4.4550 0.979527 
4.4650 0.980133 
4.4750 0.982323 
4.4850 0.991466 
4.4950 0.984163 