
0.0050 0.000000 
0.0150 0.000000 
0.0250 0.000000 
0.0350 0.000000 
0.0450 0.000000 
0.0550 0.000000 
0.0650 0.000000 
0.0750 0.000000 
0.0850 0.000000 
0.0950 0.000000 
0.1050 0.000000 
0.1150 0.000000 
0.1250 0.000000 
0.1350 0.000000 
0.1450 0.000000 
0.1550 0.000000 
0.1650 0.000000 
0.1750 0.000000 
0.1850 0.000000 
0.1950 0.000000 
0.2050 0.000000 
0.2150 0.000000 
0.2250 0.000000 
0.2350 0.000000 
0.2450 0.000000 
0.2550 0.000000 
0.2650 0.000000 
0.2750 0.000000 
0.2850 0.000000 
0.2950 0.000000 
0.3050 0.000000 
0.3150 0.000000 
0.3250 0.000000 
0.3350 0.000000 
0.3450 0.000000 
0.3550 0.000000 
0.3650 0.000000 
0.3750 0.000000 
0.3850 0.000000 
0.3950 0.000000 
0.4050 0.000000 
0.4150 0.000000 
0.4250 0.000000 
0.4350 0.000000 
0.4450 0.000000 
0.4550 0.000000 
0.4650 0.000000 
0.4750 0.000000 
0.4850 0.000000 
0.4950 0.000000 
0.5050 0.000000 
0.5150 0.000000 
0.5250 0.000000 
0.5350 0.000000 
0.5450 0.000000 
0.5550 0.000000 
0.5650 0.000000 
0.5750 0.000000 
0.5850 0.000000 
0.5950 0.000000 
0.6050 0.000000 
0.6150 0.000000 
0.6250 0.000000 
0.6350 0.000000 
0.6450 0.000000 
0.6550 0.000000 
0.6650 0.000000 
0.6750 0.000000 
0.6850 0.000000 
0.6950 0.000000 
0.7050 0.000000 
0.7150 0.000000 
0.7250 0.000000 
0.7350 0.000000 
0.7450 0.000000 
0.7550 0.000000 
0.7650 0.000000 
0.7750 0.000000 
0.7850 0.000000 
0.7950 0.000000 
0.8050 0.000000 
0.8150 0.000000 
0.8250 0.000000 
0.8350 0.000000 
0.8450 0.000000 
0.8550 0.000000 
0.8650 0.000000 
0.8750 0.000000 
0.8850 0.000000 
0.8950 0.000000 
0.9050 0.000000 
0.9150 0.000000 
0.9250 0.000000 
0.9350 0.000000 
0.9450 0.000000 
0.9550 0.003837 
0.9650 0.064283 
0.9750 0.170081 
0.9850 0.312414 
0.9950 3.887581 
1.0050 10.652161 
1.0150 6.539459 
1.0250 3.973013 
1.0350 2.638581 
1.0450 2.022451 
1.0550 1.669005 
1.0650 1.477460 
1.0750 1.352432 
1.0850 1.288161 
1.0950 1.206450 
1.1050 1.177293 
1.1150 1.137262 
1.1250 1.130608 
1.1350 1.114455 
1.1450 1.080632 
1.1550 1.091918 
1.1650 1.064576 
1.1750 1.054610 
1.1850 1.029914 
1.1950 1.031823 
1.2050 1.032215 
1.2150 1.023964 
1.2250 1.006518 
1.2350 1.008416 
1.2450 1.001034 
1.2550 1.004577 
1.2650 1.009212 
1.2750 0.983193 
1.2850 0.979888 
1.2950 0.981047 
1.3050 0.983692 
1.3150 0.975137 
1.3250 0.969158 
1.3350 0.951826 
1.3450 0.963682 
1.3550 0.956155 
1.3650 0.946925 
1.3750 0.945401 
1.3850 0.926276 
1.3950 0.930856 
1.4050 0.926622 
1.4150 0.931075 
1.4250 0.931033 
1.4350 0.933549 
1.4450 0.917365 
1.4550 0.906388 
1.4650 0.925917 
1.4750 0.896801 
1.4850 0.918778 
1.4950 0.911510 
1.5050 0.903886 
1.5150 0.896756 
1.5250 0.897668 
1.5350 0.891450 
1.5450 0.896861 
1.5550 0.892485 
1.5650 0.891764 
1.5750 0.900052 
1.5850 0.889598 
1.5950 0.895654 
1.6050 0.884133 
1.6150 0.899348 
1.6250 0.878802 
1.6350 0.879188 
1.6450 0.871627 
1.6550 0.881340 
1.6650 0.876576 
1.6750 0.877374 
1.6850 0.869851 
1.6950 0.874609 
1.7050 0.871147 
1.7150 0.871112 
1.7250 0.885980 
1.7350 0.885712 
1.7450 0.889363 
1.7550 0.884651 
1.7650 0.861119 
1.7750 0.878320 
1.7850 0.873413 
1.7950 0.892401 
1.8050 0.881271 
1.8150 0.885983 
1.8250 0.907164 
1.8350 0.908984 
1.8450 0.903607 
1.8550 0.905656 
1.8650 0.910432 
1.8750 0.909325 
1.8850 0.920874 
1.8950 0.951145 
1.9050 0.948542 
1.9150 0.975944 
1.9250 0.960947 
1.9350 0.988665 
1.9450 1.021369 
1.9550 1.051774 
1.9650 1.105391 
1.9750 1.155785 
1.9850 1.232315 
1.9950 1.338315 
2.0050 1.517364 
2.0150 1.510998 
2.0250 1.403641 
2.0350 1.273740 
2.0450 1.174103 
2.0550 1.130400 
2.0650 1.099286 
2.0750 1.060358 
2.0850 1.047128 
2.0950 1.043488 
2.1050 1.027866 
2.1150 1.017645 
2.1250 1.015240 
2.1350 1.011536 
2.1450 1.002688 
2.1550 0.997015 
2.1650 1.009985 
2.1750 1.016118 
2.1850 1.003969 
2.1950 0.991930 
2.2050 1.019687 
2.2150 0.994800 
2.2250 0.992989 
2.2350 0.996089 
2.2450 0.999542 
2.2550 1.001486 
2.2650 0.997678 
2.2750 0.989433 
2.2850 0.994500 
2.2950 0.974387 
2.3050 0.989598 
2.3150 0.969236 
2.3250 0.989338 
2.3350 0.982803 
2.3450 0.984380 
2.3550 0.981407 
2.3650 0.991397 
2.3750 0.999035 
2.3850 0.991702 
2.3950 0.985214 
2.4050 0.985533 
2.4150 0.980399 
2.4250 0.989018 
2.4350 0.992196 
2.4450 0.975561 
2.4550 0.981449 
2.4650 0.983197 
2.4750 0.980545 
2.4850 0.976710 
2.4950 0.973831 
2.5050 0.980222 
2.5150 0.981227 
2.5250 0.975318 
2.5350 0.973568 
2.5450 0.977745 
2.5550 0.965260 
2.5650 0.978534 
2.5750 0.972782 
2.5850 0.976798 
2.5950 0.977126 
2.6050 0.977616 
2.6150 0.978560 
2.6250 0.974318 
2.6350 0.973579 
2.6450 0.980540 
2.6550 0.978077 
2.6650 0.970628 
2.6750 0.973463 
2.6850 0.969239 
2.6950 0.963206 
2.7050 0.972958 
2.7150 0.983047 
2.7250 0.976811 
2.7350 0.971214 
2.7450 0.984595 
2.7550 0.995396 
2.7650 0.985587 
2.7750 0.992148 
2.7850 0.992706 
2.7950 0.984664 
2.8050 0.984085 
2.8150 0.986276 
2.8250 0.993686 
2.8350 0.992992 
2.8450 1.001049 
2.8550 0.989791 
2.8650 0.991237 
2.8750 1.002487 
2.8850 0.991520 
2.8950 1.001569 
2.9050 0.990062 
2.9150 1.014626 
2.9250 1.005054 
2.9350 1.012618 
2.9450 1.014847 
2.9550 1.008844 
2.9650 1.025057 
2.9750 1.028315 
2.9850 1.024560 
2.9950 1.031595 
3.0050 1.056566 
3.0150 1.050089 
3.0250 1.049423 
3.0350 1.035292 
3.0450 1.025299 
3.0550 1.007784 
3.0650 1.018591 
3.0750 1.007636 
3.0850 1.012997 
3.0950 1.007104 
3.1050 0.994033 
3.1150 0.995651 
3.1250 0.995809 
3.1350 1.000766 
3.1450 0.998677 
3.1550 0.998227 
3.1650 0.986135 
3.1750 0.995127 
3.1850 0.994075 
3.1950 0.998945 
3.2050 0.996767 
3.2150 0.992209 
3.2250 0.995846 
3.2350 1.000544 
3.2450 0.998546 
3.2550 1.004574 
3.2650 0.991522 
3.2750 0.999623 
3.2850 1.002755 
3.2950 0.984948 
3.3050 0.993513 
3.3150 1.001821 
3.3250 0.999121 
3.3350 1.005695 
3.3450 0.990420 
3.3550 1.006515 
3.3650 1.004520 
3.3750 0.998887 
3.3850 1.008927 
3.3950 1.001198 
3.4050 0.996529 
3.4150 0.999951 
3.4250 0.994764 
3.4350 0.992146 
3.4450 1.002528 
3.4550 0.999159 
3.4650 1.002698 
3.4750 0.995510 
3.4850 1.000118 
3.4950 0.999267 
3.5050 1.000910 
3.5150 0.992981 
3.5250 0.997035 
3.5350 0.991484 
3.5450 0.995061 
3.5550 0.994576 
3.5650 0.990950 
3.5750 0.993087 
3.5850 0.983020 
3.5950 0.991709 
3.6050 0.991050 
3.6150 1.000119 
3.6250 0.996397 
3.6350 0.997448 
3.6450 0.989857 
3.6550 0.991950 
3.6650 0.989528 
3.6750 0.990749 
3.6850 0.999484 
3.6950 1.006552 
3.7050 0.997513 
3.7150 0.990295 
3.7250 0.992854 
3.7350 0.996244 
3.7450 1.000074 
3.7550 0.997688 
3.7650 0.995201 
3.7750 1.000793 
3.7850 1.010809 
3.7950 0.995391 
3.8050 0.998826 
3.8150 1.004059 
3.8250 0.999625 
3.8350 1.000524 
3.8450 1.003509 
3.8550 1.009164 
3.8650 0.999209 
3.8750 0.999570 
3.8850 1.001712 
3.8950 1.000154 
3.9050 1.001626 
3.9150 0.988452 
3.9250 0.996987 
3.9350 0.989391 
3.9450 0.993478 
3.9550 1.006759 
3.9650 0.998700 
3.9750 0.994340 
3.9850 1.005737 
3.9950 1.002344 
4.0050 1.007086 
4.0150 0.999211 
4.0250 0.995202 
4.0350 1.008406 
4.0450 1.006741 
4.0550 1.005928 
4.0650 1.009580 
4.0750 1.002067 
4.0850 1.009732 
4.0950 0.997242 
4.1050 0.990356 
4.1150 1.002006 
4.1250 1.003064 
4.1350 0.992986 
4.1450 1.000830 
4.1550 1.005960 
4.1650 0.995475 
4.1750 1.004774 
4.1850 1.001558 
4.1950 0.999724 
4.2050 1.005650 
4.2150 1.003734 
4.2250 0.995124 
4.2350 1.005645 
4.2450 1.004730 
4.2550 1.002392 
4.2650 0.996855 
4.2750 0.993685 
4.2850 1.005485 
4.2950 1.003226 
4.3050 0.996784 
4.3150 1.012361 
4.3250 1.001676 
4.3350 1.008821 
4.3450 1.001993 
4.3550 1.007788 
4.3650 1.005364 
4.3750 0.994308 
4.3850 0.996082 
4.3950 0.995589 
4.4050 1.002324 
4.4150 1.002789 
4.4250 1.003677 
4.4350 0.997635 
4.4450 1.004652 
4.4550 1.003263 
4.4650 1.000482 
4.4750 1.000066 
4.4850 0.998983 
4.4950 1.004091 