
0.0050 0.000000 
0.0150 0.000000 
0.0250 0.000000 
0.0350 0.000000 
0.0450 0.000000 
0.0550 0.000000 
0.0650 0.000000 
0.0750 0.000000 
0.0850 0.000000 
0.0950 0.000000 
0.1050 0.000000 
0.1150 0.000000 
0.1250 0.000000 
0.1350 0.000000 
0.1450 0.000000 
0.1550 0.000000 
0.1650 0.000000 
0.1750 0.000000 
0.1850 0.000000 
0.1950 0.000000 
0.2050 0.000000 
0.2150 0.000000 
0.2250 0.000000 
0.2350 0.000000 
0.2450 0.000000 
0.2550 0.000000 
0.2650 0.000000 
0.2750 0.000000 
0.2850 0.000000 
0.2950 0.000000 
0.3050 0.000000 
0.3150 0.000000 
0.3250 0.000000 
0.3350 0.000000 
0.3450 0.000245 
0.3550 0.009993 
0.3650 0.020140 
0.3750 0.042826 
0.3850 0.049195 
0.3950 0.062954 
0.4050 0.071864 
0.4150 0.091770 
0.4250 0.096607 
0.4350 0.102782 
0.4450 0.120294 
0.4550 0.140581 
0.4650 0.140870 
0.4750 0.145608 
0.4850 0.163963 
0.4950 0.181411 
0.5050 0.182221 
0.5150 0.200953 
0.5250 0.203626 
0.5350 0.212544 
0.5450 0.227991 
0.5550 0.242120 
0.5650 0.248542 
0.5750 0.250459 
0.5850 0.280330 
0.5950 0.279654 
0.6050 0.286443 
0.6150 0.299783 
0.6250 0.321535 
0.6350 0.309552 
0.6450 0.329563 
0.6550 0.325089 
0.6650 0.347594 
0.6750 0.357850 
0.6850 0.357505 
0.6950 0.365735 
0.7050 0.388330 
0.7150 0.392929 
0.7250 0.409488 
0.7350 0.410899 
0.7450 0.421980 
0.7550 0.434572 
0.7650 0.458962 
0.7750 0.454176 
0.7850 0.474664 
0.7950 0.481793 
0.8050 0.477326 
0.8150 0.478294 
0.8250 0.508753 
0.8350 0.520133 
0.8450 0.529230 
0.8550 0.549070 
0.8650 0.577414 
0.8750 0.561898 
0.8850 0.576276 
0.8950 0.601183 
0.9050 0.599753 
0.9150 0.636154 
0.9250 0.623695 
0.9350 0.660342 
0.9450 0.682873 
0.9550 0.685039 
0.9650 0.721333 
0.9750 0.736609 
0.9850 0.745606 
0.9950 0.782689 
1.0050 0.809540 
1.0150 0.838804 
1.0250 0.850118 
1.0350 0.867393 
1.0450 0.873734 
1.0550 0.884561 
1.0650 0.902149 
1.0750 0.917985 
1.0850 0.923393 
1.0950 0.940928 
1.1050 0.939087 
1.1150 0.951121 
1.1250 0.952861 
1.1350 0.969447 
1.1450 0.950963 
1.1550 0.982785 
1.1650 0.964648 
1.1750 0.985363 
1.1850 1.001770 
1.1950 0.991210 
1.2050 0.974877 
1.2150 0.985000 
1.2250 0.990432 
1.2350 0.997157 
1.2450 0.987878 
1.2550 1.002606 
1.2650 0.991407 
1.2750 1.001193 
1.2850 1.007973 
1.2950 1.000417 
1.3050 1.007296 
1.3150 1.004012 
1.3250 1.009343 
1.3350 1.016065 
1.3450 0.999783 
1.3550 1.014285 
1.3650 1.019198 
1.3750 1.011006 
1.3850 1.005027 
1.3950 1.021769 
1.4050 0.999093 
1.4150 1.019140 
1.4250 1.015367 
1.4350 1.015692 
1.4450 1.022510 
1.4550 1.027357 
1.4650 1.023514 
1.4750 1.029273 
1.4850 1.023745 
1.4950 1.031366 
1.5050 1.038490 
1.5150 1.030080 
1.5250 1.045348 
1.5350 1.028549 
1.5450 1.048604 
1.5550 1.042211 
1.5650 1.045065 
1.5750 1.040620 
1.5850 1.056323 
1.5950 1.055449 
1.6050 1.054107 
1.6150 1.053310 
1.6250 1.048320 
1.6350 1.064333 
1.6450 1.056117 
1.6550 1.070394 
1.6650 1.066036 
1.6750 1.063973 
1.6850 1.043892 
1.6950 1.031151 
1.7050 1.034638 
1.7150 1.032806 
1.7250 1.025103 
1.7350 1.021870 
1.7450 1.038838 
1.7550 1.045249 
1.7650 1.025891 
1.7750 1.031916 
1.7850 1.014141 
1.7950 1.018500 
1.8050 1.021627 
1.8150 1.015402 
1.8250 1.004798 
1.8350 1.010184 
1.8450 1.000232 
1.8550 0.994394 
1.8650 0.993061 
1.8750 0.991515 
1.8850 0.986405 
1.8950 0.998479 
1.9050 0.995404 
1.9150 1.001372 
1.9250 0.979009 
1.9350 0.990033 
1.9450 0.997254 
1.9550 0.985787 
1.9650 0.987391 
1.9750 0.979896 
1.9850 0.989175 
1.9950 0.984486 
2.0050 0.977543 
2.0150 0.988349 
2.0250 0.983059 
2.0350 0.985084 
2.0450 0.975766 
2.0550 0.980468 
2.0650 0.989138 
2.0750 0.995171 
2.0850 0.984180 
2.0950 0.981125 
2.1050 0.989019 
2.1150 0.977970 
2.1250 0.996219 
2.1350 0.991804 
2.1450 0.979343 
2.1550 0.988569 
2.1650 0.978961 
2.1750 0.996355 
2.1850 0.993252 
2.1950 0.992436 
2.2050 0.977985 
2.2150 0.984961 
2.2250 0.987112 
2.2350 0.995898 
2.2450 0.986941 
2.2550 0.975449 
2.2650 0.989263 
2.2750 0.999876 
2.2850 0.984102 
2.2950 0.990474 
2.3050 1.004169 
2.3150 0.993787 
2.3250 0.994006 
2.3350 1.011318 
2.3450 0.991670 
2.3550 0.998392 
2.3650 0.989228 
2.3750 0.992917 
2.3850 0.994174 
2.3950 0.993815 
2.4050 0.985284 
2.4150 0.989105 
2.4250 1.009145 
2.4350 1.003113 
2.4450 0.997446 
2.4550 1.002618 
2.4650 0.995507 
2.4750 0.994532 
2.4850 1.001202 
2.4950 1.006858 
2.5050 1.007454 
2.5150 0.987889 
2.5250 0.992955 
2.5350 1.000073 
2.5450 1.000350 
2.5550 1.000692 
2.5650 1.006296 
2.5750 1.004056 
2.5850 1.008546 
2.5950 0.999758 
2.6050 0.999702 
2.6150 1.015240 
2.6250 1.000339 
2.6350 0.998983 
2.6450 0.996377 
2.6550 1.008248 
2.6650 1.007809 
2.6750 1.006061 
2.6850 1.006779 
2.6950 1.002257 
2.7050 0.994987 
2.7150 0.997942 
2.7250 1.000091 
2.7350 0.991690 
2.7450 0.999826 
2.7550 1.012247 
2.7650 1.012643 
2.7750 1.005920 
2.7850 1.005691 
2.7950 1.003140 
2.8050 1.001704 
2.8150 0.996420 
2.8250 1.006852 
2.8350 1.006684 
2.8450 1.007359 
2.8550 0.999375 
2.8650 1.004608 
2.8750 1.002250 
2.8850 1.001745 
2.8950 1.007062 
2.9050 1.005839 
2.9150 0.989283 
2.9250 1.004615 
2.9350 1.002917 
2.9450 1.004831 
2.9550 1.002044 
2.9650 0.995094 
2.9750 1.007189 
2.9850 0.996916 
2.9950 0.994108 
3.0050 0.999342 
3.0150 0.999095 
3.0250 0.999105 
3.0350 0.993819 
3.0450 0.994745 
3.0550 1.000619 
3.0650 0.991305 
3.0750 1.001351 
3.0850 1.009670 
3.0950 1.001467 
3.1050 1.000065 
3.1150 0.989502 
3.1250 0.994578 
3.1350 1.009168 
3.1450 1.007052 
3.1550 1.002266 
3.1650 0.998915 
3.1750 0.999652 
3.1850 1.009621 
3.1950 0.993351 
3.2050 1.001036 
3.2150 1.004578 
3.2250 1.000857 
3.2350 0.994596 
3.2450 1.004239 
3.2550 0.994169 
3.2650 1.005300 
3.2750 0.998918 
3.2850 1.001297 
3.2950 1.008256 
3.3050 0.997162 
3.3150 0.999447 
3.3250 1.010336 
3.3350 1.011286 
3.3450 1.001491 
3.3550 0.998663 
3.3650 0.997962 
3.3750 0.997189 
3.3850 0.996243 
3.3950 1.001677 
3.4050 0.998312 
3.4150 1.012048 
3.4250 0.995038 
3.4350 1.002678 
3.4450 0.997686 
3.4550 0.991510 
3.4650 0.993960 
3.4750 1.000801 
3.4850 1.001934 
3.4950 1.006290 
3.5050 0.995346 
3.5150 0.995414 
3.5250 0.996671 
3.5350 0.995670 
3.5450 0.997377 
3.5550 0.998113 
3.5650 0.998772 
3.5750 0.999163 
3.5850 0.998146 
3.5950 0.999965 
3.6050 1.009011 
3.6150 0.996452 
3.6250 1.000243 
3.6350 1.005401 
3.6450 0.994668 
3.6550 0.999369 
3.6650 1.000310 
3.6750 1.004295 
3.6850 0.998463 
3.6950 0.999561 
3.7050 1.002315 
3.7150 0.999229 
3.7250 1.001396 
3.7350 0.998054 
3.7450 0.997768 
3.7550 1.006253 
3.7650 1.001994 
3.7750 0.999185 
3.7850 1.003373 
3.7950 0.997352 
3.8050 0.995206 
3.8150 0.998587 
3.8250 1.005597 
3.8350 1.003134 
3.8450 0.998348 
3.8550 1.001154 
3.8650 1.003967 
3.8750 1.001733 
3.8850 1.003319 
3.8950 0.993697 
3.9050 0.996895 
3.9150 1.001934 
3.9250 1.008167 
3.9350 1.000522 
3.9450 1.001241 
3.9550 1.001308 
3.9650 1.000836 
3.9750 0.997934 
3.9850 1.006574 
3.9950 0.995257 
4.0050 1.000721 
4.0150 0.999488 
4.0250 0.994330 
4.0350 0.996618 
4.0450 1.013255 
4.0550 1.001266 
4.0650 1.004887 
4.0750 1.005384 
4.0850 1.006172 
4.0950 0.995341 
4.1050 0.997254 
4.1150 1.002234 
4.1250 1.001321 
4.1350 1.012723 
4.1450 1.008198 
4.1550 0.999392 
4.1650 1.005232 
4.1750 0.996024 
4.1850 1.005176 
4.1950 1.010859 
4.2050 1.002456 
4.2150 1.003226 
4.2250 0.997656 
4.2350 0.996595 
4.2450 1.002493 
4.2550 0.995355 
4.2650 1.002291 
4.2750 1.002951 
4.2850 1.001611 
4.2950 1.004062 
4.3050 1.007377 
4.3150 0.996579 
4.3250 1.002842 
4.3350 1.001518 
4.3450 1.004277 
4.3550 1.003545 
4.3650 1.005992 
4.3750 1.000409 
4.3850 0.992707 
4.3950 0.996913 
4.4050 0.998382 
4.4150 1.001510 
4.4250 1.001937 
4.4350 0.990170 
4.4450 1.000417 
4.4550 1.004339 
4.4650 0.993833 
4.4750 0.998880 
4.4850 0.999650 
4.4950 0.998171 