
0.0050 0.000000 
0.0150 0.000000 
0.0250 0.000000 
0.0350 0.000000 
0.0450 0.000000 
0.0550 0.000000 
0.0650 0.000000 
0.0750 0.000000 
0.0850 0.000000 
0.0950 0.000000 
0.1050 0.000000 
0.1150 0.000000 
0.1250 0.000000 
0.1350 0.000000 
0.1450 0.000000 
0.1550 0.000000 
0.1650 0.000000 
0.1750 0.000000 
0.1850 0.000000 
0.1950 0.000000 
0.2050 0.000000 
0.2150 0.000000 
0.2250 0.000000 
0.2350 0.000000 
0.2450 0.000000 
0.2550 0.000000 
0.2650 0.000000 
0.2750 0.000000 
0.2850 0.000000 
0.2950 0.000000 
0.3050 0.000000 
0.3150 0.000000 
0.3250 0.000000 
0.3350 0.000000 
0.3450 0.000000 
0.3550 0.000000 
0.3650 0.000000 
0.3750 0.000000 
0.3850 0.000000 
0.3950 0.000000 
0.4050 0.000000 
0.4150 0.000000 
0.4250 0.000000 
0.4350 0.000000 
0.4450 0.000000 
0.4550 0.000000 
0.4650 0.000000 
0.4750 0.000000 
0.4850 0.000000 
0.4950 0.007366 
0.5050 0.021161 
0.5150 0.036567 
0.5250 0.051391 
0.5350 0.063763 
0.5450 0.070858 
0.5550 0.090853 
0.5650 0.101731 
0.5750 0.113710 
0.5850 0.131091 
0.5950 0.147179 
0.6050 0.146873 
0.6150 0.162463 
0.6250 0.173480 
0.6350 0.190309 
0.6450 0.209782 
0.6550 0.220360 
0.6650 0.225508 
0.6750 0.239574 
0.6850 0.259936 
0.6950 0.269560 
0.7050 0.283496 
0.7150 0.293002 
0.7250 0.298609 
0.7350 0.318070 
0.7450 0.333587 
0.7550 0.342609 
0.7650 0.363299 
0.7750 0.368524 
0.7850 0.391398 
0.7950 0.393143 
0.8050 0.409650 
0.8150 0.419591 
0.8250 0.437548 
0.8350 0.450694 
0.8450 0.469273 
0.8550 0.479553 
0.8650 0.509187 
0.8750 0.504374 
0.8850 0.526520 
0.8950 0.539609 
0.9050 0.536409 
0.9150 0.568842 
0.9250 0.604354 
0.9350 0.603119 
0.9450 0.625892 
0.9550 0.637841 
0.9650 0.672149 
0.9750 0.706631 
0.9850 0.740156 
0.9950 0.807700 
1.0050 0.949128 
1.0150 1.017749 
1.0250 1.011943 
1.0350 1.029308 
1.0450 1.013306 
1.0550 1.016190 
1.0650 1.023984 
1.0750 1.006571 
1.0850 1.004174 
1.0950 0.996212 
1.1050 1.011776 
1.1150 1.012455 
1.1250 1.028811 
1.1350 1.035564 
1.1450 1.022538 
1.1550 1.018301 
1.1650 1.009744 
1.1750 1.032834 
1.1850 1.035456 
1.1950 1.022829 
1.2050 1.025773 
1.2150 1.047975 
1.2250 1.058675 
1.2350 1.038809 
1.2450 1.047492 
1.2550 1.065961 
1.2650 1.061008 
1.2750 1.079753 
1.2850 1.050600 
1.2950 1.073353 
1.3050 1.069867 
1.3150 1.066434 
1.3250 1.062731 
1.3350 1.067520 
1.3450 1.069193 
1.3550 1.101134 
1.3650 1.083468 
1.3750 1.075369 
1.3850 1.095239 
1.3950 1.107544 
1.4050 1.088633 
1.4150 1.090316 
1.4250 1.085686 
1.4350 1.117642 
1.4450 1.090382 
1.4550 1.102684 
1.4650 1.102174 
1.4750 1.112552 
1.4850 1.111868 
1.4950 1.098746 
1.5050 1.106444 
1.5150 1.101025 
1.5250 1.092653 
1.5350 1.090230 
1.5450 1.067778 
1.5550 1.096183 
1.5650 1.085273 
1.5750 1.052383 
1.5850 1.065696 
1.5950 1.062248 
1.6050 1.059640 
1.6150 1.045009 
1.6250 1.035708 
1.6350 1.032265 
1.6450 1.040388 
1.6550 1.029013 
1.6650 1.036596 
1.6750 1.032363 
1.6850 1.013382 
1.6950 1.020319 
1.7050 1.017457 
1.7150 1.007658 
1.7250 1.010745 
1.7350 1.013797 
1.7450 1.005410 
1.7550 1.008846 
1.7650 0.996856 
1.7750 0.997126 
1.7850 0.990694 
1.7950 0.993375 
1.8050 0.982397 
1.8150 0.992436 
1.8250 0.971145 
1.8350 0.969825 
1.8450 0.981388 
1.8550 0.984402 
1.8650 0.984221 
1.8750 0.967004 
1.8850 0.981057 
1.8950 0.968906 
1.9050 0.977197 
1.9150 0.966308 
1.9250 0.964319 
1.9350 0.973168 
1.9450 0.969846 
1.9550 0.974730 
1.9650 0.962869 
1.9750 0.973017 
1.9850 0.966320 
1.9950 0.973137 
2.0050 0.974347 
2.0150 0.975247 
2.0250 0.974409 
2.0350 0.964972 
2.0450 0.969499 
2.0550 0.972402 
2.0650 0.972504 
2.0750 0.981212 
2.0850 0.968730 
2.0950 0.975496 
2.1050 0.971604 
2.1150 0.972233 
2.1250 0.984357 
2.1350 0.981918 
2.1450 0.981454 
2.1550 0.978061 
2.1650 0.989657 
2.1750 0.981307 
2.1850 0.986369 
2.1950 0.991580 
2.2050 0.974690 
2.2150 0.979290 
2.2250 0.991798 
2.2350 0.987065 
2.2450 0.976587 
2.2550 0.977989 
2.2650 0.997150 
2.2750 0.983422 
2.2850 0.998764 
2.2950 0.992895 
2.3050 0.996123 
2.3150 0.990833 
2.3250 0.995770 
2.3350 0.997006 
2.3450 0.990176 
2.3550 0.999989 
2.3650 1.001444 
2.3750 0.999647 
2.3850 1.006037 
2.3950 0.998240 
2.4050 0.995911 
2.4150 0.998839 
2.4250 1.003364 
2.4350 1.012451 
2.4450 0.999263 
2.4550 1.000494 
2.4650 1.001506 
2.4750 1.002199 
2.4850 1.003988 
2.4950 1.005522 
2.5050 1.017316 
2.5150 1.003694 
2.5250 1.007953 
2.5350 1.007998 
2.5450 1.004045 
2.5550 1.009792 
2.5650 0.998664 
2.5750 1.002230 
2.5850 0.998955 
2.5950 1.010729 
2.6050 1.006856 
2.6150 1.005498 
2.6250 1.002033 
2.6350 1.012674 
2.6450 1.005718 
2.6550 0.996656 
2.6650 0.998601 
2.6750 1.008363 
2.6850 1.008499 
2.6950 1.009046 
2.7050 1.014014 
2.7150 1.016805 
2.7250 1.003385 
2.7350 1.012102 
2.7450 1.006335 
2.7550 1.009485 
2.7650 0.997307 
2.7750 1.001668 
2.7850 0.996881 
2.7950 1.007453 
2.8050 1.008958 
2.8150 1.002434 
2.8250 0.992838 
2.8350 0.998571 
2.8450 1.018840 
2.8550 1.003658 
2.8650 1.002608 
2.8750 1.001119 
2.8850 1.003435 
2.8950 1.000565 
2.9050 1.009783 
2.9150 1.002189 
2.9250 0.998476 
2.9350 1.001723 
2.9450 0.995888 
2.9550 1.001436 
2.9650 0.999131 
2.9750 1.001641 
2.9850 1.009292 
2.9950 1.009325 
3.0050 1.012630 
3.0150 0.999124 
3.0250 0.997127 
3.0350 1.000102 
3.0450 0.997721 
3.0550 1.003698 
3.0650 0.998336 
3.0750 1.003799 
3.0850 0.992540 
3.0950 1.000362 
3.1050 0.999597 
3.1150 0.997683 
3.1250 1.004128 
3.1350 1.007231 
3.1450 1.000988 
3.1550 0.996953 
3.1650 1.004049 
3.1750 1.004015 
3.1850 1.003473 
3.1950 0.997499 
3.2050 1.002264 
3.2150 1.000242 
3.2250 1.003642 
3.2350 0.996420 
3.2450 0.998572 
3.2550 1.009040 
3.2650 0.991837 
3.2750 0.999179 
3.2850 1.002677 
3.2950 1.000002 
3.3050 1.004201 
3.3150 0.998725 
3.3250 0.994774 
3.3350 0.995693 
3.3450 0.994562 
3.3550 1.001366 
3.3650 1.005664 
3.3750 0.997113 
3.3850 0.995713 
3.3950 0.995984 
3.4050 1.003989 
3.4150 0.994392 
3.4250 0.992042 
3.4350 1.002329 
3.4450 1.006276 
3.4550 1.002502 
3.4650 1.003537 
3.4750 1.001072 
3.4850 1.000682 
3.4950 0.998166 
3.5050 1.001057 
3.5150 1.009990 
3.5250 0.998442 
3.5350 1.001719 
3.5450 0.996340 
3.5550 0.994359 
3.5650 0.999227 
3.5750 1.002250 
3.5850 1.001271 
3.5950 0.996301 
3.6050 1.003032 
3.6150 1.007194 
3.6250 0.996137 
3.6350 0.997824 
3.6450 0.996827 
3.6550 1.004377 
3.6650 1.001804 
3.6750 0.999943 
3.6850 1.002525 
3.6950 0.996922 
3.7050 1.006540 
3.7150 1.003719 
3.7250 0.997446 
3.7350 1.003275 
3.7450 0.996968 
3.7550 0.998895 
3.7650 0.997109 
3.7750 1.003626 
3.7850 1.005543 
3.7950 0.999583 
3.8050 1.000242 
3.8150 1.001660 
3.8250 0.998820 
3.8350 0.995171 
3.8450 0.998704 
3.8550 1.000821 
3.8650 1.005229 
3.8750 1.005751 
3.8850 1.000039 
3.8950 1.002987 
3.9050 0.996062 
3.9150 1.000841 
3.9250 0.999515 
3.9350 1.006804 
3.9450 1.001805 
3.9550 0.998453 
3.9650 0.998959 
3.9750 1.004433 
3.9850 0.998932 
3.9950 0.999839 
4.0050 0.994590 
4.0150 0.997379 
4.0250 1.001726 
4.0350 0.997466 
4.0450 0.993565 
4.0550 1.002848 
4.0650 1.003372 
4.0750 0.999674 
4.0850 0.998591 
4.0950 1.002632 
4.1050 1.003464 
4.1150 1.002920 
4.1250 1.004640 
4.1350 0.993048 
4.1450 1.000624 
4.1550 1.001471 
4.1650 1.003281 
4.1750 1.000880 
4.1850 0.993299 
4.1950 1.004292 
4.2050 1.000076 
4.2150 1.001988 
4.2250 1.000733 
4.2350 1.009261 
4.2450 1.005153 
4.2550 1.003075 
4.2650 0.992542 
4.2750 1.004171 
4.2850 1.006084 
4.2950 0.998764 
4.3050 1.008907 
4.3150 0.993169 
4.3250 1.000983 
4.3350 0.999348 
4.3450 1.003804 
4.3550 0.997887 
4.3650 1.007834 
4.3750 1.001270 
4.3850 1.001915 
4.3950 1.000592 
4.4050 1.002363 
4.4150 0.999650 
4.4250 1.004721 
4.4350 0.995147 
4.4450 1.000822 
4.4550 1.004012 
4.4650 1.001785 
4.4750 1.001289 
4.4850 1.003103 
4.4950 1.000551 