
0.0050 0.000000 
0.0150 0.000000 
0.0250 0.000000 
0.0350 0.000000 
0.0450 0.000000 
0.0550 0.000000 
0.0650 0.000000 
0.0750 0.000000 
0.0850 0.000000 
0.0950 0.000000 
0.1050 0.000000 
0.1150 0.000000 
0.1250 0.000000 
0.1350 0.000000 
0.1450 0.000000 
0.1550 0.000000 
0.1650 0.000000 
0.1750 0.000000 
0.1850 0.000000 
0.1950 0.000000 
0.2050 0.000000 
0.2150 0.000000 
0.2250 0.000000 
0.2350 0.000000 
0.2450 0.000000 
0.2550 0.000000 
0.2650 0.000000 
0.2750 0.000000 
0.2850 0.000000 
0.2950 0.000000 
0.3050 0.000000 
0.3150 0.000000 
0.3250 0.000000 
0.3350 0.000000 
0.3450 0.000245 
0.3550 0.010944 
0.3650 0.022223 
0.3750 0.040347 
0.3850 0.053148 
0.3950 0.068094 
0.4050 0.075834 
0.4150 0.089935 
0.4250 0.096409 
0.4350 0.111932 
0.4450 0.114013 
0.4550 0.130154 
0.4650 0.140324 
0.4750 0.167200 
0.4850 0.171829 
0.4950 0.170105 
0.5050 0.181717 
0.5150 0.194364 
0.5250 0.218332 
0.5350 0.221427 
0.5450 0.219581 
0.5550 0.241202 
0.5650 0.257708 
0.5750 0.247948 
0.5850 0.264360 
0.5950 0.276228 
0.6050 0.291779 
0.6150 0.289974 
0.6250 0.303453 
0.6350 0.314638 
0.6450 0.336284 
0.6550 0.334433 
0.6650 0.358333 
0.6750 0.363266 
0.6850 0.379352 
0.6950 0.369650 
0.7050 0.382901 
0.7150 0.394000 
0.7250 0.412773 
0.7350 0.418422 
0.7450 0.427918 
0.7550 0.430515 
0.7650 0.442944 
0.7750 0.455274 
0.7850 0.460787 
0.7950 0.490038 
0.8050 0.495090 
0.8150 0.502110 
0.8250 0.497402 
0.8350 0.510140 
0.8450 0.532152 
0.8550 0.545883 
0.8650 0.552210 
0.8750 0.566472 
0.8850 0.575698 
0.8950 0.587955 
0.9050 0.611048 
0.9150 0.610830 
0.9250 0.611814 
0.9350 0.630819 
0.9450 0.650415 
0.9550 0.661663 
0.9650 0.691045 
0.9750 0.701911 
0.9850 0.733062 
0.9950 0.742519 
1.0050 0.769852 
1.0150 0.794046 
1.0250 0.812698 
1.0350 0.815672 
1.0450 0.845183 
1.0550 0.856683 
1.0650 0.860444 
1.0750 0.869369 
1.0850 0.882060 
1.0950 0.901217 
1.1050 0.900505 
1.1150 0.899960 
1.1250 0.930425 
1.1350 0.936464 
1.1450 0.916627 
1.1550 0.951034 
1.1650 0.944883 
1.1750 0.954441 
1.1850 0.938575 
1.1950 0.957163 
1.2050 0.963905 
1.2150 0.977137 
1.2250 0.966337 
1.2350 0.977471 
1.2450 0.981985 
1.2550 0.972900 
1.2650 0.983449 
1.2750 0.986004 
1.2850 1.003392 
1.2950 1.009312 
1.3050 1.005334 
1.3150 1.001806 
1.3250 1.006123 
1.3350 1.009929 
1.3450 1.000227 
1.3550 0.994384 
1.3650 1.015010 
1.3750 1.021867 
1.3850 1.004041 
1.3950 1.021769 
1.4050 1.025943 
1.4150 1.036270 
1.4250 1.039626 
1.4350 1.028242 
1.4450 1.030898 
1.4550 1.033810 
1.4650 1.043267 
1.4750 1.024064 
1.4850 1.030470 
1.4950 1.050666 
1.5050 1.041894 
1.5150 1.047943 
1.5250 1.040366 
1.5350 1.058138 
1.5450 1.051201 
1.5550 1.066644 
1.5650 1.066506 
1.5750 1.041162 
1.5850 1.066127 
1.5950 1.057804 
1.6050 1.055916 
1.6150 1.070493 
1.6250 1.070652 
1.6350 1.077076 
1.6450 1.089080 
1.6550 1.080198 
1.6650 1.061163 
1.6750 1.071060 
1.6850 1.052812 
1.6950 1.047878 
1.7050 1.054724 
1.7150 1.048393 
1.7250 1.051145 
1.7350 1.048205 
1.7450 1.032035 
1.7550 1.028799 
1.7650 1.023713 
1.7750 1.021089 
1.7850 1.026247 
1.7950 1.008031 
1.8050 1.018551 
1.8150 1.012296 
1.8250 1.010462 
1.8350 1.006785 
1.8450 1.011020 
1.8550 1.008623 
1.8650 1.006344 
1.8750 0.995934 
1.8850 1.015273 
1.8950 0.997712 
1.9050 1.010695 
1.9150 0.992093 
1.9250 0.988151 
1.9350 0.987516 
1.9450 0.991633 
1.9550 1.004272 
1.9650 0.994826 
1.9750 1.000573 
1.9850 0.992618 
1.9950 0.989839 
2.0050 0.985043 
2.0150 0.985381 
2.0250 0.981836 
2.0350 0.990668 
2.0450 0.977563 
2.0550 0.992983 
2.0650 0.980986 
2.0750 0.988212 
2.0850 0.983729 
2.0950 0.981533 
2.1050 0.985974 
2.1150 0.983828 
2.1250 0.981622 
2.1350 1.000209 
2.1450 0.994162 
2.1550 0.980796 
2.1650 0.987368 
2.1750 0.976081 
2.1850 0.989185 
2.1950 0.996368 
2.2050 0.985194 
2.2150 0.983495 
2.2250 0.992259 
2.2350 0.985115 
2.2450 0.981307 
2.2550 0.991746 
2.2650 0.987981 
2.2750 0.981093 
2.2850 1.001046 
2.2950 0.982914 
2.3050 0.984777 
2.3150 1.001724 
2.3250 0.988970 
2.3350 1.000410 
2.3450 0.993638 
2.3550 0.982133 
2.3650 0.999348 
2.3750 1.001375 
2.3850 0.999945 
2.3950 0.994635 
2.4050 0.997155 
2.4150 0.995370 
2.4250 0.997654 
2.4350 0.997321 
2.4450 0.999578 
2.4550 1.003384 
2.4650 0.995333 
2.4750 1.006827 
2.4850 0.996558 
2.4950 0.998499 
2.5050 0.998548 
2.5150 1.001179 
2.5250 0.982224 
2.5350 0.997881 
2.5450 1.000484 
2.5550 1.006982 
2.5650 0.993265 
2.5750 1.004421 
2.5850 0.992870 
2.5950 1.004304 
2.6050 1.002130 
2.6150 1.010532 
2.6250 1.004508 
2.6350 0.999113 
2.6450 0.992951 
2.6550 1.001744 
2.6650 1.008611 
2.6750 1.009321 
2.6850 0.996908 
2.6950 1.001655 
2.7050 1.000424 
2.7150 1.005940 
2.7250 1.003229 
2.7350 1.005194 
2.7450 0.997365 
2.7550 1.008989 
2.7650 1.006923 
2.7750 0.998864 
2.7850 1.007564 
2.7950 1.006444 
2.8050 1.008684 
2.8150 1.004985 
2.8250 1.014297 
2.8350 1.005720 
2.8450 1.002190 
2.8550 1.007880 
2.8650 1.004428 
2.8750 1.003290 
2.8850 1.006309 
2.8950 1.000476 
2.9050 1.009666 
2.9150 0.999549 
2.9250 0.999967 
2.9350 0.999071 
2.9450 1.004076 
2.9550 1.003317 
2.9650 0.994776 
2.9750 0.995060 
2.9850 1.003763 
2.9950 1.002416 
3.0050 1.013143 
3.0150 0.997649 
3.0250 0.990145 
3.0350 0.999031 
3.0450 1.002186 
3.0550 1.011731 
3.0650 1.001126 
3.0750 1.001296 
3.0850 1.005290 
3.0950 1.004065 
3.1050 1.010475 
3.1150 1.001471 
3.1250 1.002787 
3.1350 0.992938 
3.1450 1.003190 
3.1550 1.000992 
3.1650 0.992565 
3.1750 0.991114 
3.1850 1.002721 
3.1950 0.996375 
3.2050 0.994579 
3.2150 1.004125 
3.2250 0.994175 
3.2350 1.003055 
3.2450 0.992115 
3.2550 0.993460 
3.2650 1.003728 
3.2750 0.997064 
3.2850 1.003614 
3.2950 1.005894 
3.3050 0.987432 
3.3150 0.990804 
3.3250 1.001899 
3.3350 1.003797 
3.3450 0.997426 
3.3550 0.991908 
3.3650 0.999792 
3.3750 1.001573 
3.3850 0.998492 
3.3950 1.004675 
3.4050 1.004315 
3.4150 1.004835 
3.4250 1.004877 
3.4350 0.999615 
3.4450 1.001982 
3.4550 1.004185 
3.4650 1.003216 
3.4750 0.999103 
3.4850 1.001958 
3.4950 0.998704 
3.5050 1.000276 
3.5150 0.993784 
3.5250 1.000383 
3.5350 1.000364 
3.5450 1.003553 
3.5550 1.001192 
3.5650 1.003930 
3.5750 1.000910 
3.5850 0.997860 
3.5950 0.999846 
3.6050 1.005665 
3.6150 1.003266 
3.6250 1.005269 
3.6350 0.996342 
3.6450 0.997695 
3.6550 0.997707 
3.6650 0.997743 
3.6750 0.994729 
3.6850 0.995074 
3.6950 0.997200 
3.7050 1.003516 
3.7150 0.993887 
3.7250 1.004404 
3.7350 1.005795 
3.7450 1.003706 
3.7550 0.999921 
3.7650 0.999927 
3.7750 1.003445 
3.7850 1.005927 
3.7950 0.997239 
3.8050 1.003209 
3.8150 1.003431 
3.8250 1.013267 
3.8350 0.999766 
3.8450 1.000506 
3.8550 0.993986 
3.8650 1.001754 
3.8750 1.002550 
3.8850 1.000149 
3.8950 1.004480 
3.9050 0.993390 
3.9150 0.993915 
3.9250 1.003809 
3.9350 1.006565 
3.9450 1.005340 
3.9550 1.003320 
3.9650 1.004892 
3.9750 0.999914 
3.9850 0.995883 
3.9950 1.004379 
4.0050 1.000315 
4.0150 0.999424 
4.0250 0.997370 
4.0350 1.001176 
4.0450 1.001813 
4.0550 0.999493 
4.0650 0.997100 
4.0750 1.005741 
4.0850 1.003617 
4.0950 0.998516 
4.1050 0.998817 
4.1150 0.998243 
4.1250 1.003706 
4.1350 1.009371 
4.1450 1.001697 
4.1550 0.999783 
4.1650 1.003938 
4.1750 1.000143 
4.1850 1.007588 
4.1950 0.998174 
4.2050 0.998366 
4.2150 1.007002 
4.2250 1.003325 
4.2350 1.003463 
4.2450 0.997555 
4.2550 1.001387 
4.2650 0.997196 
4.2750 1.001270 
4.2850 1.002390 
4.2950 0.997927 
4.3050 0.998791 
4.3150 0.998363 
4.3250 0.995049 
4.3350 1.004913 
4.3450 1.014004 
4.3550 1.003957 
4.3650 1.005502 
4.3750 1.001465 
4.3850 1.008471 
4.3950 1.003123 
4.4050 1.003412 
4.4150 1.003370 
4.4250 0.998341 
4.4350 1.000625 
4.4450 0.992545 
4.4550 1.007431 
4.4650 1.008760 
4.4750 0.998613 
4.4850 1.001329 
4.4950 1.000455 