
0.0050 0.000000 
0.0150 0.000000 
0.0250 0.000000 
0.0350 0.000000 
0.0450 0.000000 
0.0550 0.000000 
0.0650 0.000000 
0.0750 0.000000 
0.0850 0.000000 
0.0950 0.000000 
0.1050 0.000000 
0.1150 0.000000 
0.1250 0.000000 
0.1350 0.000000 
0.1450 0.000000 
0.1550 0.000000 
0.1650 0.000000 
0.1750 0.000000 
0.1850 0.000000 
0.1950 0.000000 
0.2050 0.000000 
0.2150 0.000000 
0.2250 0.000000 
0.2350 0.000000 
0.2450 0.000000 
0.2550 0.000000 
0.2650 0.000000 
0.2750 0.000000 
0.2850 0.000000 
0.2950 0.000000 
0.3050 0.000000 
0.3150 0.000000 
0.3250 0.000000 
0.3350 0.000000 
0.3450 0.000000 
0.3550 0.000000 
0.3650 0.000000 
0.3750 0.000000 
0.3850 0.000000 
0.3950 0.000000 
0.4050 0.000000 
0.4150 0.000000 
0.4250 0.000000 
0.4350 0.000000 
0.4450 0.000000 
0.4550 0.000000 
0.4650 0.000000 
0.4750 0.000000 
0.4850 0.000000 
0.4950 0.000000 
0.5050 0.000504 
0.5150 0.007906 
0.5250 0.013413 
0.5350 0.023951 
0.5450 0.033326 
0.5550 0.037626 
0.5650 0.045531 
0.5750 0.049915 
0.5850 0.060537 
0.5950 0.066238 
0.6050 0.078772 
0.6150 0.080679 
0.6250 0.091226 
0.6350 0.109474 
0.6450 0.117805 
0.6550 0.122638 
0.6650 0.127200 
0.6750 0.139437 
0.6850 0.148960 
0.6950 0.155030 
0.7050 0.173596 
0.7150 0.172613 
0.7250 0.182099 
0.7350 0.192486 
0.7450 0.209790 
0.7550 0.215821 
0.7650 0.222918 
0.7750 0.232908 
0.7850 0.264004 
0.7950 0.270875 
0.8050 0.268906 
0.8150 0.292053 
0.8250 0.303498 
0.8350 0.302740 
0.8450 0.329005 
0.8550 0.333545 
0.8650 0.361610 
0.8750 0.370543 
0.8850 0.398620 
0.8950 0.430831 
0.9050 0.502242 
0.9150 0.603010 
0.9250 0.796842 
0.9350 1.138809 
0.9450 1.684372 
0.9550 2.237574 
0.9650 2.914558 
0.9750 3.372423 
0.9850 3.576627 
0.9950 3.515336 
1.0050 3.273354 
1.0150 2.822827 
1.0250 2.287744 
1.0350 1.868864 
1.0450 1.516206 
1.0550 1.264339 
1.0650 1.093466 
1.0750 0.976355 
1.0850 0.929365 
1.0950 0.859948 
1.1050 0.850503 
1.1150 0.813619 
1.1250 0.819002 
1.1350 0.800623 
1.1450 0.815111 
1.1550 0.816427 
1.1650 0.813403 
1.1750 0.815873 
1.1850 0.823484 
1.1950 0.805773 
1.2050 0.824526 
1.2150 0.825771 
1.2250 0.844614 
1.2350 0.836421 
1.2450 0.830963 
1.2550 0.845577 
1.2650 0.850047 
1.2750 0.857793 
1.2850 0.839325 
1.2950 0.856587 
1.3050 0.864433 
1.3150 0.865022 
1.3250 0.866375 
1.3350 0.874419 
1.3450 0.882915 
1.3550 0.889900 
1.3650 0.883968 
1.3750 0.886997 
1.3850 0.908283 
1.3950 0.906812 
1.4050 0.916417 
1.4150 0.909602 
1.4250 0.917916 
1.4350 0.933133 
1.4450 0.919845 
1.4550 0.916537 
1.4650 0.923237 
1.4750 0.927300 
1.4850 0.941484 
1.4950 0.928584 
1.5050 0.942628 
1.5150 0.932538 
1.5250 0.935624 
1.5350 0.926323 
1.5450 0.932006 
1.5550 0.937122 
1.5650 0.939555 
1.5750 0.933229 
1.5850 0.931562 
1.5950 0.931521 
1.6050 0.929991 
1.6150 0.925149 
1.6250 0.922048 
1.6350 0.934131 
1.6450 0.931792 
1.6550 0.946456 
1.6650 0.921812 
1.6750 0.936464 
1.6850 0.921141 
1.6950 0.927059 
1.7050 0.937265 
1.7150 0.936298 
1.7250 0.931925 
1.7350 0.931245 
1.7450 0.935518 
1.7550 0.937696 
1.7650 0.951223 
1.7750 0.941789 
1.7850 0.956529 
1.7950 0.950882 
1.8050 0.961055 
1.8150 0.977988 
1.8250 0.970958 
1.8350 0.982719 
1.8450 0.997454 
1.8550 1.011478 
1.8650 1.009276 
1.8750 1.023179 
1.8850 1.034216 
1.8950 1.046714 
1.9050 1.057557 
1.9150 1.080065 
1.9250 1.097635 
1.9350 1.130167 
1.9450 1.130257 
1.9550 1.157222 
1.9650 1.164696 
1.9750 1.184682 
1.9850 1.184883 
1.9950 1.190651 
2.0050 1.198704 
2.0150 1.171866 
2.0250 1.149596 
2.0350 1.115409 
2.0450 1.091710 
2.0550 1.054020 
2.0650 1.038419 
2.0750 1.021608 
2.0850 1.003483 
2.0950 0.989649 
2.1050 0.983457 
2.1150 0.974657 
2.1250 0.970805 
2.1350 0.983319 
2.1450 0.974483 
2.1550 0.966759 
2.1650 0.964238 
2.1750 0.969598 
2.1850 0.969082 
2.1950 0.970244 
2.2050 0.970621 
2.2150 0.963008 
2.2250 0.966448 
2.2350 0.978843 
2.2450 0.964672 
2.2550 0.979050 
2.2650 0.981264 
2.2750 0.964714 
2.2850 0.971422 
2.2950 0.979265 
2.3050 0.976138 
2.3150 0.972854 
2.3250 0.985992 
2.3350 0.972042 
2.3450 0.980152 
2.3550 0.977124 
2.3650 0.975567 
2.3750 0.980681 
2.3850 0.970306 
2.3950 0.985036 
2.4050 0.973734 
2.4150 0.977142 
2.4250 0.981722 
2.4350 0.974469 
2.4450 0.986258 
2.4550 0.984826 
2.4650 0.985555 
2.4750 0.988523 
2.4850 0.987339 
2.4950 0.993086 
2.5050 0.979301 
2.5150 0.985136 
2.5250 0.981987 
2.5350 0.989350 
2.5450 0.989367 
2.5550 0.991457 
2.5650 0.995831 
2.5750 0.990080 
2.5850 0.995814 
2.5950 0.992050 
2.6050 0.995206 
2.6150 0.995592 
2.6250 0.994314 
2.6350 0.986719 
2.6450 0.986422 
2.6550 0.997010 
2.6650 0.996965 
2.6750 0.988579 
2.6850 0.982484 
2.6950 0.996261 
2.7050 0.987496 
2.7150 0.989503 
2.7250 0.995134 
2.7350 0.996003 
2.7450 0.985093 
2.7550 0.994589 
2.7650 1.000337 
2.7750 0.998556 
2.7850 1.000810 
2.7950 1.000784 
2.8050 1.000698 
2.8150 1.001189 
2.8250 0.992203 
2.8350 1.007800 
2.8450 0.998133 
2.8550 1.001052 
2.8650 0.997236 
2.8750 1.013848 
2.8850 0.999344 
2.8950 1.009987 
2.9050 1.012138 
2.9150 1.015535 
2.9250 1.008094 
2.9350 1.009559 
2.9450 1.017432 
2.9550 1.019984 
2.9650 1.018020 
2.9750 1.020957 
2.9850 1.026451 
2.9950 1.025742 
3.0050 1.015220 
3.0150 1.017304 
3.0250 1.014031 
3.0350 1.012611 
3.0450 1.007719 
3.0550 1.007840 
3.0650 0.998838 
3.0750 1.001407 
3.0850 1.000966 
3.0950 0.996135 
3.1050 0.999266 
3.1150 0.986647 
3.1250 0.989652 
3.1350 0.998884 
3.1450 0.992940 
3.1550 0.993348 
3.1650 0.990160 
3.1750 0.996770 
3.1850 0.975388 
3.1950 0.991611 
3.2050 0.991430 
3.2150 0.988218 
3.2250 0.989747 
3.2350 0.990023 
3.2450 0.996754 
3.2550 1.000134 
3.2650 0.983088 
3.2750 0.989831 
3.2850 0.990467 
3.2950 0.986298 
3.3050 0.988597 
3.3150 1.000015 
3.3250 0.993462 
3.3350 0.990026 
3.3450 0.996761 
3.3550 0.994687 
3.3650 0.997530 
3.3750 0.998405 
3.3850 0.999301 
3.3950 1.005178 
3.4050 0.998664 
3.4150 0.997322 
3.4250 0.998759 
3.4350 0.995980 
3.4450 0.992125 
3.4550 0.995669 
3.4650 1.003192 
3.4750 0.995805 
3.4850 1.008094 
3.4950 0.994201 
3.5050 1.003790 
3.5150 0.994952 
3.5250 1.007032 
3.5350 0.995065 
3.5450 1.004109 
3.5550 1.001144 
3.5650 0.997980 
3.5750 1.000575 
3.5850 0.994138 
3.5950 1.000441 
3.6050 0.990765 
3.6150 1.004094 
3.6250 1.002343 
3.6350 1.009896 
3.6450 1.007927 
3.6550 0.992512 
3.6650 0.996319 
3.6750 1.007065 
3.6850 1.001225 
3.6950 1.001991 
3.7050 0.995504 
3.7150 1.004640 
3.7250 0.996849 
3.7350 0.994413 
3.7450 0.997996 
3.7550 1.001401 
3.7650 0.990384 
3.7750 1.008271 
3.7850 0.994243 
3.7950 1.007292 
3.8050 0.993678 
3.8150 0.995852 
3.8250 1.007945 
3.8350 1.006636 
3.8450 1.002420 
3.8550 1.001532 
3.8650 1.006004 
3.8750 1.004735 
3.8850 1.001514 
3.8950 1.004985 
3.9050 1.000159 
3.9150 1.000688 
3.9250 1.005203 
3.9350 1.002500 
3.9450 1.006576 
3.9550 0.994819 
3.9650 0.991084 
3.9750 1.005746 
3.9850 1.001808 
3.9950 1.002987 
4.0050 0.997688 
4.0150 1.004282 
4.0250 1.003873 
4.0350 0.999840 
4.0450 0.997330 
4.0550 0.991983 
4.0650 0.995733 
4.0750 0.999464 
4.0850 0.998675 
4.0950 0.992187 
4.1050 0.994086 
4.1150 0.999157 
4.1250 0.998190 
4.1350 0.991393 
4.1450 0.993338 
4.1550 0.999104 
4.1650 0.993668 
4.1750 1.003093 
4.1850 1.005769 
4.1950 0.997562 
4.2050 0.994033 
4.2150 0.998213 
4.2250 0.997493 
4.2350 1.005989 
4.2450 1.000700 
4.2550 0.994791 
4.2650 1.002491 
4.2750 1.002551 
4.2850 0.993146 
4.2950 1.002847 
4.3050 1.003541 
4.3150 0.999335 
4.3250 1.010576 
4.3350 0.998519 
4.3450 0.988958 
4.3550 1.002838 
4.3650 0.993702 
4.3750 1.002052 
4.3850 0.998248 
4.3950 1.003746 
4.4050 1.001334 
4.4150 1.003758 
4.4250 0.999849 
4.4350 1.003037 
4.4450 1.007655 
4.4550 1.006547 
4.4650 1.003434 
4.4750 1.007579 
4.4850 0.995664 
4.4950 1.007079 