
0.0050 0.000000 
0.0150 0.000000 
0.0250 0.000000 
0.0350 0.000000 
0.0450 0.000000 
0.0550 0.000000 
0.0650 0.000000 
0.0750 0.000000 
0.0850 0.000000 
0.0950 0.000000 
0.1050 0.000000 
0.1150 0.000000 
0.1250 0.000000 
0.1350 0.000000 
0.1450 0.000000 
0.1550 0.000000 
0.1650 0.000000 
0.1750 0.000000 
0.1850 0.000000 
0.1950 0.000000 
0.2050 0.000000 
0.2150 0.000000 
0.2250 0.000000 
0.2350 0.000000 
0.2450 0.000000 
0.2550 0.000000 
0.2650 0.000000 
0.2750 0.000000 
0.2850 0.000000 
0.2950 0.000000 
0.3050 0.000000 
0.3150 0.000000 
0.3250 0.000000 
0.3350 0.000000 
0.3450 0.000000 
0.3550 0.000000 
0.3650 0.000000 
0.3750 0.000000 
0.3850 0.000000 
0.3950 0.000000 
0.4050 0.000000 
0.4150 0.000000 
0.4250 0.000000 
0.4350 0.000000 
0.4450 0.000000 
0.4550 0.000000 
0.4650 0.000000 
0.4750 0.000000 
0.4850 0.000000 
0.4950 0.000000 
0.5050 0.000000 
0.5150 0.000000 
0.5250 0.000000 
0.5350 0.000000 
0.5450 0.000000 
0.5550 0.000000 
0.5650 0.000000 
0.5750 0.000000 
0.5850 0.000000 
0.5950 0.000000 
0.6050 0.000000 
0.6150 0.000000 
0.6250 0.000000 
0.6350 0.000000 
0.6450 0.000000 
0.6550 0.003763 
0.6650 0.017642 
0.6750 0.035017 
0.6850 0.052260 
0.6950 0.068154 
0.7050 0.081550 
0.7150 0.093504 
0.7250 0.115689 
0.7350 0.123038 
0.7450 0.148121 
0.7550 0.163753 
0.7650 0.182984 
0.7750 0.190631 
0.7850 0.209685 
0.7950 0.232118 
0.8050 0.247228 
0.8150 0.266670 
0.8250 0.275428 
0.8350 0.298457 
0.8450 0.332431 
0.8550 0.338426 
0.8650 0.362299 
0.8750 0.378913 
0.8850 0.406222 
0.8950 0.425691 
0.9050 0.446238 
0.9150 0.474532 
0.9250 0.491717 
0.9350 0.517740 
0.9450 0.558092 
0.9550 0.582613 
0.9650 0.621817 
0.9750 0.651393 
0.9850 0.740329 
0.9950 1.104228 
1.0050 2.458302 
1.0150 2.347205 
1.0250 1.914451 
1.0350 1.608860 
1.0450 1.408448 
1.0550 1.274358 
1.0650 1.214900 
1.0750 1.153053 
1.0850 1.134223 
1.0950 1.107638 
1.1050 1.089789 
1.1150 1.105984 
1.1250 1.090966 
1.1350 1.092290 
1.1450 1.093592 
1.1550 1.092951 
1.1650 1.105206 
1.1750 1.099179 
1.1850 1.090661 
1.1950 1.094207 
1.2050 1.118079 
1.2150 1.131100 
1.2250 1.108464 
1.2350 1.136411 
1.2450 1.128073 
1.2550 1.125578 
1.2650 1.135127 
1.2750 1.138304 
1.2850 1.136651 
1.2950 1.138383 
1.3050 1.148850 
1.3150 1.148323 
1.3250 1.155531 
1.3350 1.166723 
1.3450 1.159604 
1.3550 1.146480 
1.3650 1.155929 
1.3750 1.134084 
1.3850 1.125864 
1.3950 1.120269 
1.4050 1.119432 
1.4150 1.114926 
1.4250 1.100540 
1.4350 1.088913 
1.4450 1.097884 
1.4550 1.087724 
1.4650 1.076013 
1.4750 1.065270 
1.4850 1.061397 
1.4950 1.061402 
1.5050 1.051480 
1.5150 1.060340 
1.5250 1.050667 
1.5350 1.044956 
1.5450 1.021250 
1.5550 1.017229 
1.5650 1.015769 
1.5750 1.022242 
1.5850 0.993673 
1.5950 1.003361 
1.6050 1.000374 
1.6150 0.983890 
1.6250 0.993617 
1.6350 0.991372 
1.6450 0.989361 
1.6550 0.984123 
1.6650 0.980640 
1.6750 0.980105 
1.6850 0.979830 
1.6950 0.978903 
1.7050 0.977687 
1.7150 0.967322 
1.7250 0.966533 
1.7350 0.969346 
1.7450 0.968408 
1.7550 0.972833 
1.7650 0.950836 
1.7750 0.957813 
1.7850 0.962797 
1.7950 0.945695 
1.8050 0.959304 
1.8150 0.964622 
1.8250 0.948118 
1.8350 0.966240 
1.8450 0.945924 
1.8550 0.955206 
1.8650 0.944831 
1.8750 0.947732 
1.8850 0.947974 
1.8950 0.948350 
1.9050 0.961053 
1.9150 0.952925 
1.9250 0.961656 
1.9350 0.962660 
1.9450 0.970856 
1.9550 0.962232 
1.9650 0.975826 
1.9750 0.976348 
1.9850 0.993823 
1.9950 0.978919 
2.0050 0.983423 
2.0150 1.010271 
2.0250 1.010654 
2.0350 0.996420 
2.0450 0.993941 
2.0550 0.986746 
2.0650 0.990296 
2.0750 0.992494 
2.0850 0.983771 
2.0950 0.987692 
2.1050 0.991698 
2.1150 0.990454 
2.1250 0.997184 
2.1350 0.988522 
2.1450 0.994681 
2.1550 0.980559 
2.1650 0.992618 
2.1750 0.984410 
2.1850 0.981715 
2.1950 0.989243 
2.2050 0.989263 
2.2150 0.992253 
2.2250 0.992297 
2.2350 0.998078 
2.2450 0.993679 
2.2550 1.003684 
2.2650 1.002696 
2.2750 0.992175 
2.2850 1.007367 
2.2950 1.002019 
2.3050 1.004392 
2.3150 1.009551 
2.3250 1.010071 
2.3350 1.011647 
2.3450 1.010695 
2.3550 1.007937 
2.3650 1.001480 
2.3750 1.013826 
2.3850 1.003528 
2.3950 0.991816 
2.4050 1.021216 
2.4150 1.012926 
2.4250 1.011788 
2.4350 1.015715 
2.4450 1.010486 
2.4550 1.017450 
2.4650 1.001159 
2.4750 1.008796 
2.4850 1.011005 
2.4950 1.015424 
2.5050 1.004826 
2.5150 1.010934 
2.5250 1.004839 
2.5350 1.014641 
2.5450 1.011233 
2.5550 1.012234 
2.5650 1.008596 
2.5750 1.006679 
2.5850 1.010299 
2.5950 1.015769 
2.6050 1.004099 
2.6150 1.009127 
2.6250 1.010305 
2.6350 1.010079 
2.6450 0.999254 
2.6550 1.008667 
2.6650 0.999789 
2.6750 1.002769 
2.6850 1.000698 
2.6950 1.005144 
2.7050 0.998022 
2.7150 1.006602 
2.7250 0.999432 
2.7350 0.999817 
2.7450 1.001165 
2.7550 1.006288 
2.7650 0.994029 
2.7750 0.995229 
2.7850 1.005354 
2.7950 1.006168 
2.8050 0.999814 
2.8150 0.985334 
2.8250 1.000889 
2.8350 1.004181 
2.8450 1.003573 
2.8550 1.002849 
2.8650 1.006816 
2.8750 0.995469 
2.8850 1.001834 
2.8950 0.989873 
2.9050 0.998157 
2.9150 1.000987 
2.9250 1.011280 
2.9350 1.009064 
2.9450 1.003524 
2.9550 0.993421 
2.9650 0.995526 
2.9750 1.008626 
2.9850 1.007487 
2.9950 1.003586 
3.0050 0.994305 
3.0150 1.004910 
3.0250 1.006314 
3.0350 1.002243 
3.0450 1.001035 
3.0550 0.999051 
3.0650 0.993035 
3.0750 1.004633 
3.0850 0.985194 
3.0950 1.003125 
3.1050 0.995631 
3.1150 0.999659 
3.1250 0.994222 
3.1350 0.998502 
3.1450 0.993348 
3.1550 0.998796 
3.1650 0.998078 
3.1750 0.995424 
3.1850 0.997136 
3.1950 1.012141 
3.2050 0.997061 
3.2150 0.996305 
3.2250 1.000778 
3.2350 0.997054 
3.2450 0.996095 
3.2550 1.010354 
3.2650 0.999354 
3.2750 1.005682 
3.2850 1.005775 
3.2950 0.995953 
3.3050 1.002104 
3.3150 0.997357 
3.3250 0.995700 
3.3350 1.004130 
3.3450 1.001235 
3.3550 0.998205 
3.3650 1.010517 
3.3750 1.005551 
3.3850 0.998088 
3.3950 0.999309 
3.4050 0.990928 
3.4150 1.003132 
3.4250 1.002255 
3.4350 1.005741 
3.4450 0.998779 
3.4550 0.998912 
3.4650 0.999613 
3.4750 1.005601 
3.4850 0.998007 
3.4950 1.014807 
3.5050 0.999934 
3.5150 1.003371 
3.5250 0.999946 
3.5350 0.998090 
3.5450 0.999259 
3.5550 1.003261 
3.5650 0.995653 
3.5750 1.001173 
3.5850 0.998337 
3.5950 1.009006 
3.6050 1.006805 
3.6150 1.002414 
3.6250 1.000007 
3.6350 1.005260 
3.6450 1.007434 
3.6550 1.007560 
3.6650 1.004955 
3.6750 0.998313 
3.6850 1.011810 
3.6950 1.004121 
3.7050 0.994835 
3.7150 1.001693 
3.7250 0.994667 
3.7350 0.996519 
3.7450 0.997745 
3.7550 0.997848 
3.7650 1.004925 
3.7750 1.000091 
3.7850 0.998966 
3.7950 0.995210 
3.8050 0.998714 
3.8150 1.012736 
3.8250 1.000117 
3.8350 1.008331 
3.8450 1.009517 
3.8550 0.999401 
3.8650 0.996066 
3.8750 1.015265 
3.8850 1.002153 
3.8950 1.001691 
3.9050 1.003203 
3.9150 1.001628 
3.9250 0.995701 
3.9350 1.001957 
3.9450 1.004429 
3.9550 1.002195 
3.9650 0.996542 
3.9750 1.001829 
3.9850 0.997730 
3.9950 0.996092 
4.0050 1.003156 
4.0150 0.998402 
4.0250 1.001472 
4.0350 1.003339 
4.0450 0.997795 
4.0550 0.999324 
4.0650 1.002299 
4.0750 1.004776 
4.0850 1.002256 
4.0950 0.997680 
4.1050 1.002443 
4.1150 0.995893 
4.1250 1.005573 
4.1350 0.998510 
4.1450 1.004710 
4.1550 1.008101 
4.1650 0.999090 
4.1750 1.010388 
4.1850 1.000004 
4.1950 0.995176 
4.2050 1.001072 
4.2150 1.009214 
4.2250 1.004904 
4.2350 1.008332 
4.2450 1.005758 
4.2550 0.996159 
4.2650 0.999443 
4.2750 1.006813 
4.2850 1.005684 
4.2950 1.004959 
4.3050 1.002269 
4.3150 1.001258 
4.3250 1.009568 
4.3350 0.997848 
4.3450 1.000693 
4.3550 0.999851 
4.3650 1.000876 
4.3750 0.999021 
4.3850 1.005155 
4.3950 0.999483 
4.4050 1.003062 
4.4150 1.001587 
4.4250 1.004837 
4.4350 1.004465 
4.4450 1.000186 
4.4550 1.004972 
4.4650 1.000118 
4.4750 0.997752 
4.4850 1.002474 
4.4950 1.009592 