
0.0050 0.000000 
0.0150 0.000000 
0.0250 0.000000 
0.0350 0.000000 
0.0450 0.000000 
0.0550 0.000000 
0.0650 0.000000 
0.0750 0.000000 
0.0850 0.000000 
0.0950 0.000000 
0.1050 0.000000 
0.1150 0.000000 
0.1250 0.000000 
0.1350 0.000000 
0.1450 0.000000 
0.1550 0.000000 
0.1650 0.000000 
0.1750 0.000000 
0.1850 0.000000 
0.1950 0.000000 
0.2050 0.000000 
0.2150 0.000000 
0.2250 0.000000 
0.2350 0.000000 
0.2450 0.000000 
0.2550 0.000000 
0.2650 0.000000 
0.2750 0.000000 
0.2850 0.000000 
0.2950 0.000000 
0.3050 0.000000 
0.3150 0.000000 
0.3250 0.000000 
0.3350 0.000000 
0.3450 0.000000 
0.3550 0.000000 
0.3650 0.000000 
0.3750 0.000000 
0.3850 0.000000 
0.3950 0.000000 
0.4050 0.000000 
0.4150 0.000000 
0.4250 0.000000 
0.4350 0.000000 
0.4450 0.000000 
0.4550 0.000000 
0.4650 0.000000 
0.4750 0.000000 
0.4850 0.000000 
0.4950 0.000000 
0.5050 0.000000 
0.5150 0.001812 
0.5250 0.004364 
0.5350 0.007296 
0.5450 0.010746 
0.5550 0.011165 
0.5650 0.013674 
0.5750 0.016096 
0.5850 0.018002 
0.5950 0.021984 
0.6050 0.026959 
0.6150 0.033155 
0.6250 0.039427 
0.6350 0.040417 
0.6450 0.052050 
0.6550 0.051262 
0.6650 0.061618 
0.6750 0.065121 
0.6850 0.069390 
0.6950 0.073539 
0.7050 0.083239 
0.7150 0.087913 
0.7250 0.093513 
0.7350 0.100699 
0.7450 0.106780 
0.7550 0.119349 
0.7650 0.119690 
0.7750 0.134847 
0.7850 0.144416 
0.7950 0.145609 
0.8050 0.155549 
0.8150 0.164932 
0.8250 0.166764 
0.8350 0.185783 
0.8450 0.191055 
0.8550 0.201980 
0.8650 0.210586 
0.8750 0.222209 
0.8850 0.239249 
0.8950 0.263999 
0.9050 0.321054 
0.9150 0.448091 
0.9250 0.808538 
0.9350 1.516134 
0.9450 2.752951 
0.9550 4.429198 
0.9650 6.066116 
0.9750 7.243988 
0.9850 7.776957 
0.9950 7.428098 
1.0050 6.408732 
1.0150 4.977902 
1.0250 3.566373 
1.0350 2.390025 
1.0450 1.601288 
1.0550 1.113236 
1.0650 0.830346 
1.0750 0.667215 
1.0850 0.589821 
1.0950 0.553858 
1.1050 0.524639 
1.1150 0.511466 
1.1250 0.499511 
1.1350 0.509255 
1.1450 0.498644 
1.1550 0.511919 
1.1650 0.518013 
1.1750 0.531770 
1.1850 0.523270 
1.1950 0.535183 
1.2050 0.547962 
1.2150 0.544874 
1.2250 0.553118 
1.2350 0.567722 
1.2450 0.571746 
1.2550 0.577540 
1.2650 0.591539 
1.2750 0.590732 
1.2850 0.596113 
1.2950 0.618672 
1.3050 0.613100 
1.3150 0.625131 
1.3250 0.635565 
1.3350 0.645012 
1.3450 0.637188 
1.3550 0.642643 
1.3650 0.656896 
1.3750 0.671811 
1.3850 0.655825 
1.3950 0.680262 
1.4050 0.673615 
1.4150 0.677134 
1.4250 0.690488 
1.4350 0.698244 
1.4450 0.683386 
1.4550 0.696657 
1.4650 0.712661 
1.4750 0.700958 
1.4850 0.700106 
1.4950 0.718279 
1.5050 0.715904 
1.5150 0.729452 
1.5250 0.734873 
1.5350 0.723594 
1.5450 0.734453 
1.5550 0.738036 
1.5650 0.749593 
1.5750 0.737205 
1.5850 0.751315 
1.5950 0.740998 
1.6050 0.745866 
1.6150 0.737613 
1.6250 0.755578 
1.6350 0.757081 
1.6450 0.751040 
1.6550 0.777164 
1.6650 0.779948 
1.6750 0.788867 
1.6850 0.790027 
1.6950 0.785178 
1.7050 0.799520 
1.7150 0.815737 
1.7250 0.804140 
1.7350 0.831368 
1.7450 0.821967 
1.7550 0.827662 
1.7650 0.843940 
1.7750 0.856858 
1.7850 0.862550 
1.7950 0.895065 
1.8050 0.904695 
1.8150 0.931820 
1.8250 0.960287 
1.8350 0.999756 
1.8450 1.045419 
1.8550 1.083546 
1.8650 1.136655 
1.8750 1.214803 
1.8850 1.272592 
1.8950 1.339916 
1.9050 1.414068 
1.9150 1.490615 
1.9250 1.582213 
1.9350 1.692205 
1.9450 1.772340 
1.9550 1.843182 
1.9650 1.923391 
1.9750 1.988514 
1.9850 1.992682 
1.9950 1.984304 
2.0050 1.880597 
2.0150 1.763502 
2.0250 1.596548 
2.0350 1.398608 
2.0450 1.236900 
2.0550 1.116347 
2.0650 1.020833 
2.0750 0.963052 
2.0850 0.935453 
2.0950 0.908933 
2.1050 0.891432 
2.1150 0.881854 
2.1250 0.868384 
2.1350 0.870970 
2.1450 0.871302 
2.1550 0.868656 
2.1650 0.851824 
2.1750 0.854911 
2.1850 0.840604 
2.1950 0.839352 
2.2050 0.844042 
2.2150 0.848304 
2.2250 0.836203 
2.2350 0.856713 
2.2450 0.858006 
2.2550 0.854703 
2.2650 0.876369 
2.2750 0.863697 
2.2850 0.864077 
2.2950 0.860507 
2.3050 0.863715 
2.3150 0.858810 
2.3250 0.857661 
2.3350 0.883608 
2.3450 0.876058 
2.3550 0.875648 
2.3650 0.875965 
2.3750 0.878798 
2.3850 0.883937 
2.3950 0.888642 
2.4050 0.881365 
2.4150 0.892411 
2.4250 0.890395 
2.4350 0.894118 
2.4450 0.894628 
2.4550 0.900950 
2.4650 0.894667 
2.4750 0.903665 
2.4850 0.898694 
2.4950 0.905686 
2.5050 0.902419 
2.5150 0.906995 
2.5250 0.912077 
2.5350 0.914185 
2.5450 0.920610 
2.5550 0.927887 
2.5650 0.927910 
2.5750 0.929625 
2.5850 0.919091 
2.5950 0.925044 
2.6050 0.919563 
2.6150 0.931713 
2.6250 0.937810 
2.6350 0.941103 
2.6450 0.936097 
2.6550 0.937151 
2.6650 0.949199 
2.6750 0.953967 
2.6850 0.961851 
2.6950 0.968186 
2.7050 0.984589 
2.7150 0.975742 
2.7250 0.994098 
2.7350 0.993284 
2.7450 1.004248 
2.7550 1.011254 
2.7650 1.013911 
2.7750 1.017659 
2.7850 1.031664 
2.7950 1.048352 
2.8050 1.046603 
2.8150 1.049300 
2.8250 1.057729 
2.8350 1.054788 
2.8450 1.081261 
2.8550 1.092305 
2.8650 1.090021 
2.8750 1.109047 
2.8850 1.114308 
2.8950 1.137284 
2.9050 1.146297 
2.9150 1.164488 
2.9250 1.172557 
2.9350 1.170696 
2.9450 1.172738 
2.9550 1.176502 
2.9650 1.187047 
2.9750 1.203729 
2.9850 1.203342 
2.9950 1.212635 
3.0050 1.212050 
3.0150 1.178767 
3.0250 1.137760 
3.0350 1.122607 
3.0450 1.063098 
3.0550 1.044340 
3.0650 1.013011 
3.0750 0.990729 
3.0850 0.975271 
3.0950 0.970190 
3.1050 0.971091 
3.1150 0.952194 
3.1250 0.957334 
3.1350 0.948530 
3.1450 0.934968 
3.1550 0.932958 
3.1650 0.941255 
3.1750 0.949257 
3.1850 0.941851 
3.1950 0.941665 
3.2050 0.949832 
3.2150 0.952069 
3.2250 0.951084 
3.2350 0.961261 
3.2450 0.956722 
3.2550 0.954943 
3.2650 0.958283 
3.2750 0.964318 
3.2850 0.954358 
3.2950 0.961251 
3.3050 0.955319 
3.3150 0.966631 
3.3250 0.962674 
3.3350 0.968510 
3.3450 0.964239 
3.3550 0.985357 
3.3650 0.969267 
3.3750 0.971620 
3.3850 0.966353 
3.3950 0.974797 
3.4050 0.984673 
3.4150 0.979815 
3.4250 0.978981 
3.4350 0.972500 
3.4450 0.974175 
3.4550 0.972598 
3.4650 0.981297 
3.4750 0.974416 
3.4850 0.984092 
3.4950 0.973669 
3.5050 0.974165 
3.5150 0.969816 
3.5250 0.974227 
3.5350 0.969467 
3.5450 0.976579 
3.5550 0.972946 
3.5650 0.971204 
3.5750 0.975214 
3.5850 0.976411 
3.5950 0.966442 
3.6050 0.986352 
3.6150 0.987437 
3.6250 0.990167 
3.6350 0.980576 
3.6450 0.991312 
3.6550 0.985585 
3.6650 0.988057 
3.6750 0.996870 
3.6850 1.000320 
3.6950 0.996806 
3.7050 0.995712 
3.7150 0.997295 
3.7250 0.998020 
3.7350 0.990244 
3.7450 0.998339 
3.7550 0.997096 
3.7650 1.005902 
3.7750 1.015409 
3.7850 1.009340 
3.7950 1.010989 
3.8050 1.005952 
3.8150 1.029889 
3.8250 1.025455 
3.8350 1.023811 
3.8450 1.029228 
3.8550 1.031621 
3.8650 1.034909 
3.8750 1.036678 
3.8850 1.043525 
3.8950 1.039861 
3.9050 1.039261 
3.9150 1.042990 
3.9250 1.038265 
3.9350 1.041978 
3.9450 1.045694 
3.9550 1.050061 
3.9650 1.044611 
3.9750 1.049088 
3.9850 1.058308 
3.9950 1.060267 
4.0050 1.053927 
4.0150 1.037179 
4.0250 1.029824 
4.0350 1.030518 
4.0450 1.015433 
4.0550 1.013100 
4.0650 1.002236 
4.0750 1.005573 
4.0850 0.984078 
4.0950 0.987946 
4.1050 0.989022 
4.1150 0.977599 
4.1250 0.977990 
4.1350 0.968863 
4.1450 0.973545 
4.1550 0.980903 
4.1650 0.978940 
4.1750 0.980533 
4.1850 0.974023 
4.1950 0.965728 
4.2050 0.963007 
4.2150 0.970812 
4.2250 0.966959 
4.2350 0.967405 
4.2450 0.964081 
4.2550 0.979209 
4.2650 0.976996 
4.2750 0.982938 
4.2850 0.978152 
4.2950 0.980040 
4.3050 0.979415 
4.3150 0.980935 
4.3250 0.980965 
4.3350 0.976810 
4.3450 0.977754 
4.3550 0.972132 
4.3650 0.973534 
4.3750 0.979485 
4.3850 0.981195 
4.3950 0.970050 
4.4050 0.973774 
4.4150 0.980039 
4.4250 0.988828 
4.4350 0.989668 
4.4450 0.990332 
4.4550 0.976319 
4.4650 0.989273 
4.4750 0.986740 
4.4850 1.003332 
4.4950 0.993851 