
0.0050 0.000000 
0.0150 0.000000 
0.0250 0.000000 
0.0350 0.000000 
0.0450 0.000000 
0.0550 0.000000 
0.0650 0.000000 
0.0750 0.000000 
0.0850 0.000000 
0.0950 0.000000 
0.1050 0.000000 
0.1150 0.000000 
0.1250 0.000000 
0.1350 0.000000 
0.1450 0.000000 
0.1550 0.000000 
0.1650 0.000000 
0.1750 0.000000 
0.1850 0.000000 
0.1950 0.000000 
0.2050 0.000000 
0.2150 0.000000 
0.2250 0.000000 
0.2350 0.000000 
0.2450 0.000000 
0.2550 0.000000 
0.2650 0.000000 
0.2750 0.000000 
0.2850 0.000000 
0.2950 0.000000 
0.3050 0.000000 
0.3150 0.000000 
0.3250 0.000000 
0.3350 0.000000 
0.3450 0.000000 
0.3550 0.008565 
0.3650 0.020602 
0.3750 0.034711 
0.3850 0.047439 
0.3950 0.048393 
0.4050 0.056405 
0.4150 0.070765 
0.4250 0.080871 
0.4350 0.083511 
0.4450 0.098214 
0.4550 0.114327 
0.4650 0.109161 
0.4750 0.119378 
0.4850 0.123234 
0.4950 0.139270 
0.5050 0.157029 
0.5150 0.156645 
0.5250 0.167910 
0.5350 0.175111 
0.5450 0.185320 
0.5550 0.195776 
0.5650 0.199405 
0.5750 0.213245 
0.5850 0.225454 
0.5950 0.214987 
0.6050 0.237158 
0.6150 0.245766 
0.6250 0.253421 
0.6350 0.253879 
0.6450 0.278831 
0.6550 0.270842 
0.6650 0.283803 
0.6750 0.291343 
0.6850 0.301893 
0.6950 0.303576 
0.7050 0.309434 
0.7150 0.326906 
0.7250 0.335099 
0.7350 0.347701 
0.7450 0.357912 
0.7550 0.354217 
0.7650 0.351841 
0.7750 0.368744 
0.7850 0.375026 
0.7950 0.382865 
0.8050 0.409544 
0.8150 0.421889 
0.8250 0.425887 
0.8350 0.428669 
0.8450 0.457887 
0.8550 0.477361 
0.8650 0.512928 
0.8750 0.527734 
0.8850 0.555007 
0.8950 0.600993 
0.9050 0.631190 
0.9150 0.690990 
0.9250 0.745542 
0.9350 0.820165 
0.9450 0.890692 
0.9550 0.977327 
0.9650 1.087341 
0.9750 1.170987 
0.9850 1.262894 
0.9950 1.376516 
1.0050 1.474404 
1.0150 1.537205 
1.0250 1.646767 
1.0350 1.674253 
1.0450 1.731153 
1.0550 1.762333 
1.0650 1.805260 
1.0750 1.792430 
1.0850 1.809382 
1.0950 1.783044 
1.1050 1.774003 
1.1150 1.706696 
1.1250 1.665214 
1.1350 1.606278 
1.1450 1.503680 
1.1550 1.457711 
1.1650 1.378853 
1.1750 1.292113 
1.1850 1.242316 
1.1950 1.149309 
1.2050 1.107178 
1.2150 1.059840 
1.2250 1.008189 
1.2350 0.973326 
1.2450 0.950328 
1.2550 0.930278 
1.2650 0.899280 
1.2750 0.890247 
1.2850 0.872191 
1.2950 0.872993 
1.3050 0.866133 
1.3150 0.852174 
1.3250 0.848279 
1.3350 0.841692 
1.3450 0.842690 
1.3550 0.847264 
1.3650 0.844080 
1.3750 0.856956 
1.3850 0.846354 
1.3950 0.843368 
1.4050 0.859802 
1.4150 0.838969 
1.4250 0.860535 
1.4350 0.854916 
1.4450 0.858471 
1.4550 0.867551 
1.4650 0.849355 
1.4750 0.860631 
1.4850 0.862615 
1.4950 0.859149 
1.5050 0.868888 
1.5150 0.878386 
1.5250 0.872196 
1.5350 0.888836 
1.5450 0.887467 
1.5550 0.887269 
1.5650 0.903767 
1.5750 0.903793 
1.5850 0.901718 
1.5950 0.901007 
1.6050 0.901848 
1.6150 0.924832 
1.6250 0.926567 
1.6350 0.911464 
1.6450 0.920475 
1.6550 0.933505 
1.6650 0.937148 
1.6750 0.927490 
1.6850 0.933862 
1.6950 0.929578 
1.7050 0.925694 
1.7150 0.935103 
1.7250 0.918657 
1.7350 0.940205 
1.7450 0.925533 
1.7550 0.920955 
1.7650 0.938690 
1.7750 0.926872 
1.7850 0.934852 
1.7950 0.946076 
1.8050 0.929492 
1.8150 0.932338 
1.8250 0.938383 
1.8350 0.936308 
1.8450 0.935692 
1.8550 0.948160 
1.8650 0.941257 
1.8750 0.944179 
1.8850 0.956268 
1.8950 0.938928 
1.9050 0.969080 
1.9150 0.953550 
1.9250 0.956198 
1.9350 0.963454 
1.9450 0.970109 
1.9550 0.980805 
1.9650 0.978174 
1.9750 0.985692 
1.9850 0.987668 
1.9950 0.995321 
2.0050 1.009247 
2.0150 1.014597 
2.0250 1.026349 
2.0350 1.039078 
2.0450 1.038397 
2.0550 1.054686 
2.0650 1.069866 
2.0750 1.075388 
2.0850 1.089340 
2.0950 1.084968 
2.1050 1.101990 
2.1150 1.099862 
2.1250 1.124456 
2.1350 1.123684 
2.1450 1.123398 
2.1550 1.117206 
2.1650 1.122912 
2.1750 1.119372 
2.1850 1.105226 
2.1950 1.114101 
2.2050 1.092743 
2.2150 1.096695 
2.2250 1.076067 
2.2350 1.051877 
2.2450 1.031061 
2.2550 1.038210 
2.2650 1.025034 
2.2750 1.016368 
2.2850 1.009723 
2.2950 1.015425 
2.3050 0.991785 
2.3150 0.990537 
2.3250 0.996065 
2.3350 0.991808 
2.3450 0.996444 
2.3550 0.984492 
2.3650 0.973326 
2.3750 0.977550 
2.3850 0.986398 
2.3950 0.960375 
2.4050 0.981801 
2.4150 0.976293 
2.4250 0.983449 
2.4350 0.980226 
2.4450 0.973638 
2.4550 0.969923 
2.4650 0.976712 
2.4750 0.976746 
2.4850 0.979427 
2.4950 0.968521 
2.5050 0.977629 
2.5150 0.991084 
2.5250 0.982427 
2.5350 0.987798 
2.5450 0.979524 
2.5550 0.977840 
2.5650 0.980367 
2.5750 0.985432 
2.5850 0.972896 
2.5950 0.977884 
2.6050 0.971611 
2.6150 0.974898 
2.6250 0.978388 
2.6350 0.980976 
2.6450 0.988781 
2.6550 0.983744 
2.6650 0.981824 
2.6750 0.985064 
2.6850 0.974715 
2.6950 0.979226 
2.7050 0.987149 
2.7150 0.984716 
2.7250 0.978788 
2.7350 0.991440 
2.7450 0.988270 
2.7550 0.988879 
2.7650 0.988278 
2.7750 0.984661 
2.7850 0.991262 
2.7950 0.989894 
2.8050 0.988810 
2.8150 0.984727 
2.8250 0.978947 
2.8350 0.997817 
2.8450 0.987013 
2.8550 0.988803 
2.8650 0.986671 
2.8750 0.987885 
2.8850 0.994869 
2.8950 0.986329 
2.9050 0.988061 
2.9150 0.980013 
2.9250 0.994910 
2.9350 0.986194 
2.9450 0.989645 
2.9550 0.985318 
2.9650 0.990191 
2.9750 0.992732 
2.9850 0.992276 
2.9950 0.997305 
3.0050 0.980163 
3.0150 1.000542 
3.0250 0.996505 
3.0350 1.003314 
3.0450 1.011033 
3.0550 1.003838 
3.0650 1.000735 
3.0750 1.016452 
3.0850 1.013301 
3.0950 1.019703 
3.1050 1.011274 
3.1150 1.022692 
3.1250 1.024159 
3.1350 1.015006 
3.1450 1.024345 
3.1550 1.029886 
3.1650 1.028339 
3.1750 1.033563 
3.1850 1.030457 
3.1950 1.028736 
3.2050 1.021689 
3.2150 1.010562 
3.2250 1.011438 
3.2350 1.007946 
3.2450 1.013225 
3.2550 1.011458 
3.2650 1.001999 
3.2750 1.002548 
3.2850 1.011502 
3.2950 0.994058 
3.3050 0.989476 
3.3150 0.997925 
3.3250 0.992330 
3.3350 0.990309 
3.3450 1.008625 
3.3550 0.993795 
3.3650 0.997480 
3.3750 0.995973 
3.3850 0.992857 
3.3950 0.982380 
3.4050 1.004391 
3.4150 0.997397 
3.4250 1.000357 
3.4350 1.007284 
3.4450 0.996147 
3.4550 0.995645 
3.4650 1.003290 
3.4750 0.992925 
3.4850 0.998842 
3.4950 0.990163 
3.5050 0.993077 
3.5150 0.996412 
3.5250 0.993080 
3.5350 0.997412 
3.5450 1.001793 
3.5550 0.996212 
3.5650 0.987735 
3.5750 1.002011 
3.5850 0.991728 
3.5950 0.999727 
3.6050 0.996697 
3.6150 0.996405 
3.6250 0.999487 
3.6350 0.994977 
3.6450 0.990656 
3.6550 0.995858 
3.6650 0.990251 
3.6750 0.987211 
3.6850 0.988969 
3.6950 1.003195 
3.7050 0.997305 
3.7150 0.995983 
3.7250 0.991935 
3.7350 0.993084 
3.7450 0.995872 
3.7550 0.988280 
3.7650 0.995951 
3.7750 0.991163 
3.7850 0.992684 
3.7950 1.000034 
3.8050 1.000219 
3.8150 0.993386 
3.8250 0.992872 
3.8350 0.998004 
3.8450 1.003087 
3.8550 0.998447 
3.8650 0.989714 
3.8750 1.002484 
3.8850 0.996669 
3.8950 0.999100 
3.9050 0.993499 
3.9150 0.999945 
3.9250 0.990383 
3.9350 0.997522 
3.9450 0.994302 
3.9550 0.994906 
3.9650 1.006295 
3.9750 0.988077 
3.9850 0.994638 
3.9950 1.001959 
4.0050 0.985342 
4.0150 1.004581 
4.0250 0.991567 
4.0350 1.007664 
4.0450 1.002109 
4.0550 0.996582 
4.0650 0.999668 
4.0750 1.004566 
4.0850 1.003219 
4.0950 1.006309 
4.1050 1.009028 
4.1150 1.002609 
4.1250 1.001985 
4.1350 1.002875 
4.1450 1.003038 
4.1550 0.999454 
4.1650 1.014578 
4.1750 1.007110 
4.1850 1.008876 
4.1950 1.003272 
4.2050 0.994338 
4.2150 1.008219 
4.2250 1.003528 
4.2350 1.007908 
4.2450 1.005717 
4.2550 1.003900 
4.2650 1.003936 
4.2750 1.000049 
4.2850 1.000613 
4.2950 1.001672 
4.3050 1.008033 
4.3150 1.007880 
4.3250 1.003970 
4.3350 0.991434 
4.3450 1.000299 
4.3550 1.001129 
4.3650 1.005776 
4.3750 1.000253 
4.3850 1.003477 
4.3950 0.993468 
4.4050 1.001373 
4.4150 0.997537 
4.4250 0.994609 
4.4350 0.999546 
4.4450 1.000879 
4.4550 1.002130 
4.4650 0.995328 
4.4750 0.997159 
4.4850 1.001672 
4.4950 0.993793 