
0.0050 0.000000 
0.0150 0.000000 
0.0250 0.000000 
0.0350 0.000000 
0.0450 0.000000 
0.0550 0.000000 
0.0650 0.000000 
0.0750 0.000000 
0.0850 0.000000 
0.0950 0.000000 
0.1050 0.000000 
0.1150 0.000000 
0.1250 0.000000 
0.1350 0.000000 
0.1450 0.000000 
0.1550 0.000000 
0.1650 0.000000 
0.1750 0.000000 
0.1850 0.000000 
0.1950 0.000000 
0.2050 0.000000 
0.2150 0.000000 
0.2250 0.000000 
0.2350 0.000000 
0.2450 0.000000 
0.2550 0.000000 
0.2650 0.000000 
0.2750 0.000000 
0.2850 0.000000 
0.2950 0.000000 
0.3050 0.000000 
0.3150 0.000000 
0.3250 0.000000 
0.3350 0.000000 
0.3450 0.000000 
0.3550 0.000000 
0.3650 0.000000 
0.3750 0.000000 
0.3850 0.000000 
0.3950 0.000000 
0.4050 0.000000 
0.4150 0.000000 
0.4250 0.000000 
0.4350 0.000000 
0.4450 0.000000 
0.4550 0.000000 
0.4650 0.000000 
0.4750 0.000000 
0.4850 0.000000 
0.4950 0.000000 
0.5050 0.000000 
0.5150 0.000000 
0.5250 0.000000 
0.5350 0.000000 
0.5450 0.000000 
0.5550 0.000000 
0.5650 0.000000 
0.5750 0.000000 
0.5850 0.000000 
0.5950 0.000000 
0.6050 0.000000 
0.6150 0.000000 
0.6250 0.000000 
0.6350 0.000000 
0.6450 0.000000 
0.6550 0.000000 
0.6650 0.000000 
0.6750 0.000000 
0.6850 0.000000 
0.6950 0.000000 
0.7050 0.000000 
0.7150 0.000000 
0.7250 0.000000 
0.7350 0.000000 
0.7450 0.006396 
0.7550 0.028513 
0.7650 0.051948 
0.7750 0.071486 
0.7850 0.095627 
0.7950 0.115095 
0.8050 0.144445 
0.8150 0.163262 
0.8250 0.187713 
0.8350 0.206993 
0.8450 0.227734 
0.8550 0.267613 
0.8650 0.289347 
0.8750 0.324991 
0.8850 0.358488 
0.8950 0.406848 
0.9050 0.452168 
0.9150 0.517265 
0.9250 0.613104 
0.9350 0.705081 
0.9450 0.847325 
0.9550 0.987587 
0.9650 1.110564 
0.9750 1.229458 
0.9850 1.314025 
0.9950 1.388336 
1.0050 1.438787 
1.0150 1.418551 
1.0250 1.417835 
1.0350 1.349681 
1.0450 1.271812 
1.0550 1.237674 
1.0650 1.204093 
1.0750 1.201351 
1.0850 1.155990 
1.0950 1.159030 
1.1050 1.169885 
1.1150 1.170835 
1.1250 1.168963 
1.1350 1.175989 
1.1450 1.182298 
1.1550 1.165977 
1.1650 1.188222 
1.1750 1.190130 
1.1850 1.197619 
1.1950 1.198488 
1.2050 1.206421 
1.2150 1.201939 
1.2250 1.194256 
1.2350 1.238986 
1.2450 1.224689 
1.2550 1.254532 
1.2650 1.221117 
1.2750 1.227904 
1.2850 1.204044 
1.2950 1.205785 
1.3050 1.194684 
1.3150 1.194069 
1.3250 1.188569 
1.3350 1.163975 
1.3450 1.169564 
1.3550 1.144905 
1.3650 1.136110 
1.3750 1.138119 
1.3850 1.111876 
1.3950 1.120636 
1.4050 1.111474 
1.4150 1.104430 
1.4250 1.086465 
1.4350 1.080110 
1.4450 1.077386 
1.4550 1.060914 
1.4650 1.062786 
1.4750 1.050744 
1.4850 1.052315 
1.4950 1.056891 
1.5050 1.037980 
1.5150 1.033461 
1.5250 1.016350 
1.5350 1.029717 
1.5450 1.027660 
1.5550 1.025520 
1.5650 1.012987 
1.5750 1.004353 
1.5850 0.999922 
1.5950 0.990460 
1.6050 0.997023 
1.6150 0.992931 
1.6250 0.982688 
1.6350 0.981553 
1.6450 0.971347 
1.6550 0.975299 
1.6650 0.968331 
1.6750 0.964811 
1.6850 0.965639 
1.6950 0.954216 
1.7050 0.957300 
1.7150 0.967820 
1.7250 0.966434 
1.7350 0.940697 
1.7450 0.958129 
1.7550 0.947089 
1.7650 0.958917 
1.7750 0.940056 
1.7850 0.933130 
1.7950 0.940841 
1.8050 0.948941 
1.8150 0.938879 
1.8250 0.936276 
1.8350 0.944222 
1.8450 0.951109 
1.8550 0.945904 
1.8650 0.956419 
1.8750 0.946183 
1.8850 0.953775 
1.8950 0.950379 
1.9050 0.957286 
1.9150 0.951765 
1.9250 0.955443 
1.9350 0.948179 
1.9450 0.959875 
1.9550 0.964679 
1.9650 0.973826 
1.9750 0.963457 
1.9850 0.978845 
1.9950 0.985385 
2.0050 0.992074 
2.0150 0.979148 
2.0250 0.991540 
2.0350 0.990458 
2.0450 0.990473 
2.0550 0.984917 
2.0650 0.991703 
2.0750 0.982323 
2.0850 0.997418 
2.0950 0.995115 
2.1050 0.980129 
2.1150 0.995383 
2.1250 0.992278 
2.1350 0.996847 
2.1450 0.999900 
2.1550 0.996420 
2.1650 0.998736 
2.1750 1.004959 
2.1850 1.003812 
2.1950 1.002053 
2.2050 1.005541 
2.2150 1.011467 
2.2250 1.003820 
2.2350 1.014251 
2.2450 1.004414 
2.2550 1.004556 
2.2650 1.014355 
2.2750 1.002093 
2.2850 1.017989 
2.2950 1.019075 
2.3050 1.013588 
2.3150 1.007189 
2.3250 1.020842 
2.3350 1.008499 
2.3450 1.009310 
2.3550 1.013599 
2.3650 1.002455 
2.3750 1.015626 
2.3850 1.015534 
2.3950 1.018083 
2.4050 1.013290 
2.4150 1.010377 
2.4250 1.013833 
2.4350 1.007852 
2.4450 1.013283 
2.4550 1.006865 
2.4650 1.012881 
2.4750 1.004168 
2.4850 1.001064 
2.4950 1.013985 
2.5050 1.017145 
2.5150 1.010798 
2.5250 1.001792 
2.5350 1.010931 
2.5450 1.005993 
2.5550 1.013105 
2.5650 1.007163 
2.5750 1.011392 
2.5850 1.011456 
2.5950 0.998573 
2.6050 1.004755 
2.6150 1.006380 
2.6250 1.008025 
2.6350 1.000216 
2.6450 1.012215 
2.6550 1.002001 
2.6650 1.004504 
2.6750 0.997624 
2.6850 1.002099 
2.6950 0.998672 
2.7050 1.000392 
2.7150 1.005059 
2.7250 1.005017 
2.7350 1.012728 
2.7450 1.003656 
2.7550 1.001727 
2.7650 1.002254 
2.7750 0.994644 
2.7850 1.011985 
2.7950 0.997480 
2.8050 1.003349 
2.8150 1.000247 
2.8250 0.999830 
2.8350 0.989222 
2.8450 0.999816 
2.8550 0.994553 
2.8650 0.993416 
2.8750 0.992465 
2.8850 1.000411 
2.8950 0.991734 
2.9050 0.996567 
2.9150 1.000722 
2.9250 0.996167 
2.9350 0.996828 
2.9450 0.997311 
2.9550 0.998282 
2.9650 0.997055 
2.9750 0.991611 
2.9850 1.006112 
2.9950 0.998705 
3.0050 0.986110 
3.0150 1.000202 
3.0250 1.011176 
3.0350 1.003849 
3.0450 1.006483 
3.0550 0.999667 
3.0650 1.005255 
3.0750 0.993704 
3.0850 0.996614 
3.0950 0.993979 
3.1050 0.999293 
3.1150 1.000511 
3.1250 0.991622 
3.1350 1.000275 
3.1450 0.999602 
3.1550 1.004678 
3.1650 0.990404 
3.1750 1.004070 
3.1850 0.999391 
3.1950 0.998811 
3.2050 1.013737 
3.2150 1.009658 
3.2250 1.001441 
3.2350 1.006333 
3.2450 0.993196 
3.2550 0.997191 
3.2650 1.001423 
3.2750 1.001739 
3.2850 1.006556 
3.2950 0.995200 
3.3050 0.986863 
3.3150 1.001253 
3.3250 1.003519 
3.3350 1.013081 
3.3450 1.015170 
3.3550 0.994865 
3.3650 1.003070 
3.3750 1.003701 
3.3850 1.014637 
3.3950 1.005783 
3.4050 1.004240 
3.4150 0.999300 
3.4250 0.996661 
3.4350 0.996428 
3.4450 1.003918 
3.4550 0.993664 
3.4650 0.992282 
3.4750 1.001466 
3.4850 0.992805 
3.4950 1.000319 
3.5050 1.004863 
3.5150 1.009698 
3.5250 0.997302 
3.5350 1.004744 
3.5450 1.003795 
3.5550 0.994985 
3.5650 0.997884 
3.5750 1.007968 
3.5850 1.001939 
3.5950 1.004938 
3.6050 1.003127 
3.6150 1.004307 
3.6250 1.006377 
3.6350 0.998718 
3.6450 0.998235 
3.6550 1.003277 
3.6650 1.005024 
3.6750 0.998685 
3.6850 1.000134 
3.6950 1.003126 
3.7050 1.002938 
3.7150 1.005584 
3.7250 1.000431 
3.7350 0.999794 
3.7450 1.005031 
3.7550 1.001652 
3.7650 0.999132 
3.7750 1.002221 
3.7850 1.000910 
3.7950 1.000552 
3.8050 1.001590 
3.8150 0.994350 
3.8250 1.007050 
3.8350 1.005565 
3.8450 0.998749 
3.8550 1.003284 
3.8650 1.002462 
3.8750 1.004316 
3.8850 0.998740 
3.8950 1.007840 
3.9050 0.996698 
3.9150 0.999049 
3.9250 0.995309 
3.9350 0.997978 
3.9450 0.994237 
3.9550 1.007927 
3.9650 1.001095 
3.9750 1.007016 
3.9850 1.003118 
3.9950 0.998169 
4.0050 1.002664 
4.0150 1.002450 
4.0250 0.997454 
4.0350 0.998929 
4.0450 0.995194 
4.0550 1.001793 
4.0650 1.001394 
4.0750 1.005909 
4.0850 1.001376 
4.0950 1.007624 
4.1050 1.004131 
4.1150 0.995873 
4.1250 1.001405 
4.1350 1.003972 
4.1450 1.016268 
4.1550 0.995501 
4.1650 1.002069 
4.1750 1.011966 
4.1850 1.008570 
4.1950 0.996298 
4.2050 1.004328 
4.2150 0.997726 
4.2250 1.008023 
4.2350 1.001969 
4.2450 0.995964 
4.2550 1.008444 
4.2650 0.997476 
4.2750 1.006333 
4.2850 1.014149 
4.2950 1.003664 
4.3050 0.999944 
4.3150 1.004946 
4.3250 0.995721 
4.3350 1.002426 
4.3450 1.002465 
4.3550 0.998732 
4.3650 1.006050 
4.3750 0.994035 
4.3850 1.010520 
4.3950 0.997809 
4.4050 0.999159 
4.4150 0.994999 
4.4250 1.005185 
4.4350 1.002439 
4.4450 0.999532 
4.4550 1.009313 
4.4650 1.006921 
4.4750 1.001174 
4.4850 0.997399 
4.4950 1.003367 