
0.0050 0.000000 
0.0150 0.000000 
0.0250 0.000000 
0.0350 0.000000 
0.0450 0.000000 
0.0550 0.000000 
0.0650 0.000000 
0.0750 0.000000 
0.0850 0.000000 
0.0950 0.000000 
0.1050 0.000000 
0.1150 0.000000 
0.1250 0.000000 
0.1350 0.000000 
0.1450 0.000000 
0.1550 0.000000 
0.1650 0.000000 
0.1750 0.000000 
0.1850 0.000000 
0.1950 0.000000 
0.2050 0.000000 
0.2150 0.000000 
0.2250 0.000000 
0.2350 0.000000 
0.2450 0.000000 
0.2550 0.000000 
0.2650 0.000000 
0.2750 0.000000 
0.2850 0.000000 
0.2950 0.000000 
0.3050 0.000000 
0.3150 0.000000 
0.3250 0.000000 
0.3350 0.000000 
0.3450 0.000000 
0.3550 0.000000 
0.3650 0.000000 
0.3750 0.000000 
0.3850 0.000000 
0.3950 0.000000 
0.4050 0.000000 
0.4150 0.000000 
0.4250 0.000000 
0.4350 0.000000 
0.4450 0.000000 
0.4550 0.000000 
0.4650 0.000000 
0.4750 0.000000 
0.4850 0.000000 
0.4950 0.000000 
0.5050 0.000000 
0.5150 0.000000 
0.5250 0.000000 
0.5350 0.000000 
0.5450 0.000000 
0.5550 0.000000 
0.5650 0.000000 
0.5750 0.000000 
0.5850 0.000000 
0.5950 0.000000 
0.6050 0.000000 
0.6150 0.000000 
0.6250 0.000000 
0.6350 0.000000 
0.6450 0.000000 
0.6550 0.000000 
0.6650 0.000000 
0.6750 0.000000 
0.6850 0.000000 
0.6950 0.000000 
0.7050 0.000000 
0.7150 0.000000 
0.7250 0.000000 
0.7350 0.000000 
0.7450 0.000000 
0.7550 0.000000 
0.7650 0.000000 
0.7750 0.000000 
0.7850 0.000000 
0.7950 0.000000 
0.8050 0.000000 
0.8150 0.000000 
0.8250 0.000000 
0.8350 0.000000 
0.8450 0.000000 
0.8550 0.000000 
0.8650 0.000000 
0.8750 0.000000 
0.8850 0.000000 
0.8950 0.000000 
0.9050 0.000000 
0.9150 0.000000 
0.9250 0.000000 
0.9350 0.000000 
0.9450 0.000000 
0.9550 0.009100 
0.9650 0.116646 
0.9750 0.254422 
0.9850 0.435182 
0.9950 0.787914 
1.0050 1.309121 
1.0150 1.510669 
1.0250 1.615250 
1.0350 1.678782 
1.0450 1.744286 
1.0550 1.675712 
1.0650 1.661492 
1.0750 1.624060 
1.0850 1.601145 
1.0950 1.565877 
1.1050 1.528698 
1.1150 1.528815 
1.1250 1.504446 
1.1350 1.447221 
1.1450 1.458396 
1.1550 1.456456 
1.1650 1.450523 
1.1750 1.414785 
1.1850 1.411246 
1.1950 1.383782 
1.2050 1.374257 
1.2150 1.362010 
1.2250 1.342441 
1.2350 1.335138 
1.2450 1.328774 
1.2550 1.316528 
1.2650 1.281545 
1.2750 1.298032 
1.2850 1.270440 
1.2950 1.261920 
1.3050 1.249083 
1.3150 1.230990 
1.3250 1.229978 
1.3350 1.220287 
1.3450 1.216324 
1.3550 1.195855 
1.3650 1.176248 
1.3750 1.185227 
1.3850 1.178303 
1.3950 1.169764 
1.4050 1.159099 
1.4150 1.138390 
1.4250 1.136598 
1.4350 1.132155 
1.4450 1.105563 
1.4550 1.110486 
1.4650 1.114061 
1.4750 1.076034 
1.4850 1.105315 
1.4950 1.072308 
1.5050 1.073942 
1.5150 1.084458 
1.5250 1.057496 
1.5350 1.049350 
1.5450 1.031473 
1.5550 1.047537 
1.5650 1.027062 
1.5750 1.040132 
1.5850 1.013012 
1.5950 1.017976 
1.6050 1.014153 
1.6150 1.009057 
1.6250 0.991568 
1.6350 0.994557 
1.6450 0.987959 
1.6550 0.991192 
1.6650 0.974998 
1.6750 0.969399 
1.6850 0.981604 
1.6950 0.973916 
1.7050 0.965164 
1.7150 0.960549 
1.7250 0.947867 
1.7350 0.961470 
1.7450 0.952354 
1.7550 0.942174 
1.7650 0.934189 
1.7750 0.941596 
1.7850 0.928919 
1.7950 0.934132 
1.8050 0.917993 
1.8150 0.930691 
1.8250 0.924996 
1.8350 0.926720 
1.8450 0.919627 
1.8550 0.918735 
1.8650 0.923715 
1.8750 0.927185 
1.8850 0.914348 
1.8950 0.916749 
1.9050 0.918810 
1.9150 0.913713 
1.9250 0.912084 
1.9350 0.922527 
1.9450 0.923330 
1.9550 0.921023 
1.9650 0.915261 
1.9750 0.925173 
1.9850 0.938085 
1.9950 0.935964 
2.0050 0.939319 
2.0150 0.931997 
2.0250 0.953946 
2.0350 0.956659 
2.0450 0.955084 
2.0550 0.965333 
2.0650 0.965511 
2.0750 0.955351 
2.0850 0.968525 
2.0950 0.985408 
2.1050 0.980778 
2.1150 0.976232 
2.1250 0.984477 
2.1350 0.986881 
2.1450 0.996792 
2.1550 0.993288 
2.1650 1.001380 
2.1750 1.001580 
2.1850 1.006394 
2.1950 1.003299 
2.2050 0.996007 
2.2150 0.991983 
2.2250 1.007047 
2.2350 1.012301 
2.2450 1.004072 
2.2550 1.003950 
2.2650 1.006281 
2.2750 1.011221 
2.2850 1.004674 
2.2950 1.024810 
2.3050 1.001278 
2.3150 1.025020 
2.3250 1.011798 
2.3350 1.019590 
2.3450 1.018350 
2.3550 1.010042 
2.3650 1.026236 
2.3750 1.016921 
2.3850 1.016214 
2.3950 1.007912 
2.4050 1.018408 
2.4150 1.020287 
2.4250 1.015383 
2.4350 1.015680 
2.4450 1.012374 
2.4550 1.027896 
2.4650 1.020162 
2.4750 1.013078 
2.4850 1.020981 
2.4950 1.010798 
2.5050 1.023595 
2.5150 1.008690 
2.5250 1.010899 
2.5350 1.005671 
2.5450 1.013953 
2.5550 1.017454 
2.5650 1.011895 
2.5750 1.023710 
2.5850 1.012547 
2.5950 1.005391 
2.6050 1.006396 
2.6150 1.008080 
2.6250 1.017535 
2.6350 1.010209 
2.6450 1.014833 
2.6550 0.999232 
2.6650 1.006782 
2.6750 0.996090 
2.6850 1.013466 
2.6950 1.003431 
2.7050 1.011359 
2.7150 1.002225 
2.7250 0.999903 
2.7350 1.006007 
2.7450 1.017548 
2.7550 0.996265 
2.7650 1.002656 
2.7750 1.004410 
2.7850 0.995714 
2.7950 0.997572 
2.8050 0.999112 
2.8150 0.993656 
2.8250 0.993686 
2.8350 1.002130 
2.8450 1.003874 
2.8550 0.999465 
2.8650 1.007890 
2.8750 1.003469 
2.8850 0.996262 
2.8950 1.007004 
2.9050 1.007458 
2.9150 0.999901 
2.9250 0.995582 
2.9350 0.996537 
2.9450 1.002392 
2.9550 1.002362 
2.9650 0.995295 
2.9750 0.992789 
2.9850 0.997662 
2.9950 0.991681 
3.0050 0.996439 
3.0150 0.999748 
3.0250 1.004703 
3.0350 0.991705 
3.0450 0.988706 
3.0550 0.994097 
3.0650 1.005422 
3.0750 0.998793 
3.0850 1.005179 
3.0950 0.998262 
3.1050 1.002048 
3.1150 0.995926 
3.1250 1.001090 
3.1350 0.989474 
3.1450 0.996665 
3.1550 0.998742 
3.1650 1.000996 
3.1750 1.003747 
3.1850 1.004144 
3.1950 0.986204 
3.2050 0.993779 
3.2150 1.004178 
3.2250 0.991019 
3.2350 1.007840 
3.2450 0.996385 
3.2550 1.000711 
3.2650 0.995215 
3.2750 0.992155 
3.2850 0.998876 
3.2950 1.003818 
3.3050 1.000578 
3.3150 0.995474 
3.3250 0.992614 
3.3350 1.000438 
3.3450 1.004789 
3.3550 1.008656 
3.3650 0.991456 
3.3750 0.999723 
3.3850 1.000488 
3.3950 1.000039 
3.4050 0.994771 
3.4150 0.995068 
3.4250 1.002280 
3.4350 0.994162 
3.4450 0.996172 
3.4550 1.001066 
3.4650 1.008647 
3.4750 1.005281 
3.4850 1.011996 
3.4950 1.004994 
3.5050 1.006474 
3.5150 1.002714 
3.5250 0.997836 
3.5350 0.997340 
3.5450 0.992721 
3.5550 0.996091 
3.5650 0.998771 
3.5750 0.991436 
3.5850 1.003132 
3.5950 0.997063 
3.6050 1.001751 
3.6150 0.998771 
3.6250 1.007534 
3.6350 1.006343 
3.6450 0.999854 
3.6550 0.999298 
3.6650 0.999283 
3.6750 1.009904 
3.6850 1.002734 
3.6950 0.998310 
3.7050 1.000306 
3.7150 0.998792 
3.7250 1.003393 
3.7350 0.997481 
3.7450 0.999549 
3.7550 0.997096 
3.7650 1.007878 
3.7750 1.006458 
3.7850 1.003192 
3.7950 1.002288 
3.8050 1.014989 
3.8150 1.007310 
3.8250 1.000229 
3.8350 0.999208 
3.8450 0.999082 
3.8550 1.009697 
3.8650 1.000847 
3.8750 0.996082 
3.8850 1.000875 
3.8950 1.009422 
3.9050 0.996478 
3.9150 1.005670 
3.9250 1.007470 
3.9350 0.993739 
3.9450 0.995668 
3.9550 1.004553 
3.9650 0.998938 
3.9750 0.994017 
3.9850 1.002688 
3.9950 1.005235 
4.0050 0.994163 
4.0150 0.997358 
4.0250 0.998560 
4.0350 0.997869 
4.0450 0.997160 
4.0550 0.994810 
4.0650 0.991187 
4.0750 1.007189 
4.0850 1.007554 
4.0950 0.996594 
4.1050 1.000922 
4.1150 0.997037 
4.1250 1.002981 
4.1350 0.996876 
4.1450 1.006052 
4.1550 0.990456 
4.1650 0.993380 
4.1750 1.009855 
4.1850 0.997838 
4.1950 1.007065 
4.2050 1.007176 
4.2150 1.000141 
4.2250 0.996521 
4.2350 0.998898 
4.2450 1.002473 
4.2550 1.000783 
4.2650 1.000425 
4.2750 1.003551 
4.2850 1.008160 
4.2950 1.008883 
4.3050 1.004137 
4.3150 0.999156 
4.3250 0.997739 
4.3350 1.004558 
4.3450 1.004020 
4.3550 0.990108 
4.3650 1.005031 
4.3750 1.002228 
4.3850 1.007515 
4.3950 0.989944 
4.4050 1.011764 
4.4150 1.004049 
4.4250 0.999617 
4.4350 1.003423 
4.4450 1.001052 
4.4550 0.998635 
4.4650 0.993469 
4.4750 1.009262 
4.4850 0.994252 
4.4950 1.004700 