
0.0050 0.000000 
0.0150 0.000000 
0.0250 0.000000 
0.0350 0.000000 
0.0450 0.000000 
0.0550 0.000000 
0.0650 0.000000 
0.0750 0.000000 
0.0850 0.000000 
0.0950 0.000000 
0.1050 0.000000 
0.1150 0.000000 
0.1250 0.000000 
0.1350 0.000000 
0.1450 0.000000 
0.1550 0.000000 
0.1650 0.000000 
0.1750 0.000000 
0.1850 0.000000 
0.1950 0.000000 
0.2050 0.000000 
0.2150 0.000000 
0.2250 0.000000 
0.2350 0.000000 
0.2450 0.000000 
0.2550 0.000000 
0.2650 0.000000 
0.2750 0.000000 
0.2850 0.000000 
0.2950 0.000000 
0.3050 0.000000 
0.3150 0.000000 
0.3250 0.000000 
0.3350 0.000000 
0.3450 0.000000 
0.3550 0.000000 
0.3650 0.000000 
0.3750 0.000000 
0.3850 0.000000 
0.3950 0.000000 
0.4050 0.000000 
0.4150 0.000000 
0.4250 0.000000 
0.4350 0.000000 
0.4450 0.000000 
0.4550 0.000000 
0.4650 0.000000 
0.4750 0.000000 
0.4850 0.000000 
0.4950 0.000000 
0.5050 0.000000 
0.5150 0.000000 
0.5250 0.000000 
0.5350 0.000000 
0.5450 0.000000 
0.5550 0.000000 
0.5650 0.000000 
0.5750 0.000000 
0.5850 0.000000 
0.5950 0.000000 
0.6050 0.000000 
0.6150 0.000000 
0.6250 0.000000 
0.6350 0.000000 
0.6450 0.000000 
0.6550 0.000000 
0.6650 0.000000 
0.6750 0.000000 
0.6850 0.000000 
0.6950 0.000000 
0.7050 0.000000 
0.7150 0.000000 
0.7250 0.000000 
0.7350 0.000000 
0.7450 0.000000 
0.7550 0.000000 
0.7650 0.000000 
0.7750 0.000000 
0.7850 0.000000 
0.7950 0.000000 
0.8050 0.000000 
0.8150 0.000000 
0.8250 0.000000 
0.8350 0.000000 
0.8450 0.000000 
0.8550 0.000000 
0.8650 0.000000 
0.8750 0.000000 
0.8850 0.000000 
0.8950 0.000000 
0.9050 0.000000 
0.9150 0.000000 
0.9250 0.000000 
0.9350 0.000000 
0.9450 0.000000 
0.9550 0.007852 
0.9650 0.092540 
0.9750 0.238690 
0.9850 0.407410 
0.9950 1.346195 
1.0050 3.002236 
1.0150 2.655385 
1.0250 2.255147 
1.0350 2.058534 
1.0450 1.942754 
1.0550 1.808149 
1.0650 1.704398 
1.0750 1.625171 
1.0850 1.573171 
1.0950 1.534653 
1.1050 1.489036 
1.1150 1.463963 
1.1250 1.448431 
1.1350 1.413862 
1.1450 1.416091 
1.1550 1.384759 
1.1650 1.351547 
1.1750 1.353449 
1.1850 1.347258 
1.1950 1.312548 
1.2050 1.291012 
1.2150 1.276288 
1.2250 1.262429 
1.2350 1.247828 
1.2450 1.238941 
1.2550 1.228157 
1.2650 1.235752 
1.2750 1.215190 
1.2850 1.205040 
1.2950 1.196232 
1.3050 1.181804 
1.3150 1.158770 
1.3250 1.173434 
1.3350 1.169344 
1.3450 1.162966 
1.3550 1.136591 
1.3650 1.121543 
1.3750 1.118754 
1.3850 1.119579 
1.3950 1.104424 
1.4050 1.098231 
1.4150 1.101414 
1.4250 1.085866 
1.4350 1.080764 
1.4450 1.066694 
1.4550 1.068071 
1.4650 1.056143 
1.4750 1.046693 
1.4850 1.050417 
1.4950 1.042844 
1.5050 1.028904 
1.5150 1.033010 
1.5250 1.022955 
1.5350 1.003799 
1.5450 1.000749 
1.5550 1.010586 
1.5650 0.995420 
1.5750 1.005112 
1.5850 0.984838 
1.5950 0.989336 
1.6050 0.986649 
1.6150 0.978021 
1.6250 0.983791 
1.6350 0.971056 
1.6450 0.965430 
1.6550 0.956208 
1.6650 0.948072 
1.6750 0.946304 
1.6850 0.946583 
1.6950 0.953813 
1.7050 0.950839 
1.7150 0.943120 
1.7250 0.947818 
1.7350 0.934987 
1.7450 0.936545 
1.7550 0.926601 
1.7650 0.928866 
1.7750 0.912677 
1.7850 0.933561 
1.7950 0.926756 
1.8050 0.921163 
1.8150 0.917655 
1.8250 0.918023 
1.8350 0.924718 
1.8450 0.919812 
1.8550 0.919655 
1.8650 0.918860 
1.8750 0.927048 
1.8850 0.934515 
1.8950 0.920175 
1.9050 0.922487 
1.9150 0.922278 
1.9250 0.929836 
1.9350 0.935419 
1.9450 0.927855 
1.9550 0.940950 
1.9650 0.958000 
1.9750 0.963890 
1.9850 0.968601 
1.9950 0.967570 
2.0050 0.984446 
2.0150 0.986866 
2.0250 1.007995 
2.0350 1.001332 
2.0450 0.994860 
2.0550 1.010862 
2.0650 1.004323 
2.0750 0.998342 
2.0850 1.012540 
2.0950 1.013714 
2.1050 1.012928 
2.1150 1.006171 
2.1250 1.010173 
2.1350 1.008734 
2.1450 1.001453 
2.1550 1.010101 
2.1650 0.998578 
2.1750 1.007906 
2.1850 1.012455 
2.1950 1.008360 
2.2050 1.013098 
2.2150 1.029253 
2.2250 1.017263 
2.2350 1.015628 
2.2450 1.019299 
2.2550 1.018730 
2.2650 1.010771 
2.2750 1.016030 
2.2850 1.008526 
2.2950 1.021681 
2.3050 1.004986 
2.3150 1.017415 
2.3250 1.016724 
2.3350 1.020359 
2.3450 1.015616 
2.3550 1.018244 
2.3650 1.020634 
2.3750 1.009112 
2.3850 1.022307 
2.3950 1.005699 
2.4050 1.020185 
2.4150 1.013138 
2.4250 1.011400 
2.4350 1.011503 
2.4450 1.014646 
2.4550 1.014525 
2.4650 1.004384 
2.4750 1.001474 
2.4850 1.002853 
2.4950 1.004666 
2.5050 1.011821 
2.5150 1.006073 
2.5250 1.016112 
2.5350 1.013798 
2.5450 1.020604 
2.5550 1.006981 
2.5650 1.008096 
2.5750 1.004587 
2.5850 1.006198 
2.5950 1.006676 
2.6050 1.000325 
2.6150 1.007688 
2.6250 1.001479 
2.6350 1.013778 
2.6450 1.003229 
2.6550 0.999200 
2.6650 1.002419 
2.6750 1.005390 
2.6850 1.000475 
2.6950 0.996008 
2.7050 0.997642 
2.7150 1.012585 
2.7250 1.008625 
2.7350 0.998910 
2.7450 1.009076 
2.7550 1.012620 
2.7650 0.998884 
2.7750 0.991316 
2.7850 0.995960 
2.7950 0.990537 
2.8050 0.990243 
2.8150 0.999852 
2.8250 1.000587 
2.8350 0.993686 
2.8450 0.985872 
2.8550 0.998387 
2.8650 0.995296 
2.8750 1.000762 
2.8850 0.994128 
2.8950 0.990287 
2.9050 0.999128 
2.9150 0.995560 
2.9250 1.000230 
2.9350 1.004752 
2.9450 1.002450 
2.9550 0.993768 
2.9650 0.986327 
2.9750 1.001153 
2.9850 0.999409 
2.9950 1.010067 
3.0050 0.997293 
3.0150 0.994728 
3.0250 0.994724 
3.0350 1.002947 
3.0450 0.998788 
3.0550 0.984692 
3.0650 0.998615 
3.0750 0.996763 
3.0850 1.009421 
3.0950 1.010641 
3.1050 1.004829 
3.1150 0.997738 
3.1250 1.001419 
3.1350 0.997248 
3.1450 1.005720 
3.1550 1.006603 
3.1650 0.995591 
3.1750 0.997632 
3.1850 1.000868 
3.1950 1.007296 
3.2050 1.004638 
3.2150 0.998380 
3.2250 1.000035 
3.2350 0.992640 
3.2450 0.997545 
3.2550 0.996823 
3.2650 0.997599 
3.2750 1.007536 
3.2850 1.004994 
3.2950 1.011604 
3.3050 1.002958 
3.3150 0.995603 
3.3250 0.994157 
3.3350 0.996078 
3.3450 1.002488 
3.3550 1.007025 
3.3650 1.004596 
3.3750 1.003676 
3.3850 1.002433 
3.3950 0.999233 
3.4050 0.994017 
3.4150 1.009068 
3.4250 1.013417 
3.4350 0.992993 
3.4450 1.004315 
3.4550 1.003863 
3.4650 1.000550 
3.4750 1.008603 
3.4850 0.992804 
3.4950 1.000270 
3.5050 1.001496 
3.5150 1.003785 
3.5250 0.998175 
3.5350 1.000461 
3.5450 1.003023 
3.5550 1.000398 
3.5650 1.000883 
3.5750 1.001245 
3.5850 1.004158 
3.5950 0.998324 
3.6050 0.997243 
3.6150 1.000687 
3.6250 1.003853 
3.6350 1.004907 
3.6450 1.002717 
3.6550 0.993659 
3.6650 0.999890 
3.6750 1.006506 
3.6850 1.000482 
3.6950 1.002408 
3.7050 1.000053 
3.7150 1.003420 
3.7250 1.006723 
3.7350 1.007031 
3.7450 1.004597 
3.7550 1.010354 
3.7650 1.001699 
3.7750 1.000317 
3.7850 1.004390 
3.7950 1.006390 
3.8050 1.005480 
3.8150 0.999328 
3.8250 1.000185 
3.8350 0.999342 
3.8450 1.004733 
3.8550 0.995052 
3.8650 0.997992 
3.8750 1.004183 
3.8850 1.001557 
3.8950 1.006720 
3.9050 1.001342 
3.9150 1.002261 
3.9250 1.003699 
3.9350 1.002739 
3.9450 0.999832 
3.9550 0.999621 
3.9650 1.004525 
3.9750 0.998816 
3.9850 0.992578 
3.9950 1.005021 
4.0050 0.997431 
4.0150 1.003174 
4.0250 0.999707 
4.0350 0.996745 
4.0450 0.995849 
4.0550 0.995991 
4.0650 0.998511 
4.0750 0.994489 
4.0850 1.001879 
4.0950 1.007311 
4.1050 1.006882 
4.1150 1.003274 
4.1250 0.993067 
4.1350 0.996482 
4.1450 1.004339 
4.1550 1.007648 
4.1650 1.002356 
4.1750 1.011167 
4.1850 1.005054 
4.1950 1.004047 
4.2050 1.001276 
4.2150 1.006169 
4.2250 1.008164 
4.2350 1.003302 
4.2450 0.996890 
4.2550 1.009650 
4.2650 1.005360 
4.2750 1.007574 
4.2850 0.998197 
4.2950 1.004919 
4.3050 0.996288 
4.3150 1.007286 
4.3250 1.002862 
4.3350 1.002919 
4.3450 1.005340 
4.3550 1.001128 
4.3650 0.998720 
4.3750 0.999960 
4.3850 1.003906 
4.3950 1.006724 
4.4050 1.004714 
4.4150 0.999883 
4.4250 1.000410 
4.4350 1.003268 
4.4450 0.998550 
4.4550 0.997560 
4.4650 1.000099 
4.4750 1.000142 
4.4850 1.004362 
4.4950 0.994555 