
0.0050 0.000000 
0.0150 0.000000 
0.0250 0.000000 
0.0350 0.000000 
0.0450 0.000000 
0.0550 0.000000 
0.0650 0.000000 
0.0750 0.000000 
0.0850 0.000000 
0.0950 0.000000 
0.1050 0.000000 
0.1150 0.000000 
0.1250 0.000000 
0.1350 0.000000 
0.1450 0.000000 
0.1550 0.000000 
0.1650 0.000000 
0.1750 0.000000 
0.1850 0.000000 
0.1950 0.000000 
0.2050 0.000000 
0.2150 0.000000 
0.2250 0.000000 
0.2350 0.000000 
0.2450 0.000000 
0.2550 0.000000 
0.2650 0.000000 
0.2750 0.000000 
0.2850 0.000000 
0.2950 0.000000 
0.3050 0.000000 
0.3150 0.000000 
0.3250 0.000000 
0.3350 0.000000 
0.3450 0.000000 
0.3550 0.000000 
0.3650 0.000000 
0.3750 0.000000 
0.3850 0.000000 
0.3950 0.000000 
0.4050 0.000000 
0.4150 0.000000 
0.4250 0.000000 
0.4350 0.000000 
0.4450 0.000000 
0.4550 0.000000 
0.4650 0.000000 
0.4750 0.000000 
0.4850 0.000000 
0.4950 0.000000 
0.5050 0.000000 
0.5150 0.000000 
0.5250 0.000000 
0.5350 0.000000 
0.5450 0.000000 
0.5550 0.000000 
0.5650 0.000000 
0.5750 0.000000 
0.5850 0.000000 
0.5950 0.000000 
0.6050 0.000000 
0.6150 0.000000 
0.6250 0.000000 
0.6350 0.000000 
0.6450 0.000000 
0.6550 0.000649 
0.6650 0.002301 
0.6750 0.005920 
0.6850 0.008813 
0.6950 0.013827 
0.7050 0.016407 
0.7150 0.015941 
0.7250 0.021589 
0.7350 0.027432 
0.7450 0.034946 
0.7550 0.040234 
0.7650 0.040824 
0.7750 0.053917 
0.7850 0.058764 
0.7950 0.071305 
0.8050 0.075078 
0.8150 0.085861 
0.8250 0.092153 
0.8350 0.111144 
0.8450 0.117293 
0.8550 0.121208 
0.8650 0.127494 
0.8750 0.145317 
0.8850 0.155329 
0.8950 0.172256 
0.9050 0.183822 
0.9150 0.205751 
0.9250 0.223432 
0.9350 0.233812 
0.9450 0.257948 
0.9550 0.266414 
0.9650 0.278149 
0.9750 0.308872 
0.9850 0.419609 
0.9950 4.032504 
1.0050 24.071650 
1.0150 15.083430 
1.0250 6.642117 
1.0350 2.973201 
1.0450 1.618336 
1.0550 1.007140 
1.0650 0.770229 
1.0750 0.656349 
1.0850 0.598229 
1.0950 0.569665 
1.1050 0.534747 
1.1150 0.556127 
1.1250 0.555602 
1.1350 0.559444 
1.1450 0.562772 
1.1550 0.570030 
1.1650 0.582362 
1.1750 0.590202 
1.1850 0.601868 
1.1950 0.607417 
1.2050 0.621580 
1.2150 0.621470 
1.2250 0.646708 
1.2350 0.626297 
1.2450 0.639719 
1.2550 0.655103 
1.2650 0.652508 
1.2750 0.671098 
1.2850 0.656069 
1.2950 0.683636 
1.3050 0.659522 
1.3150 0.672889 
1.3250 0.660165 
1.3350 0.660288 
1.3450 0.678873 
1.3550 0.688492 
1.3650 0.685467 
1.3750 0.694465 
1.3850 0.707955 
1.3950 0.701308 
1.4050 0.681512 
1.4150 0.692455 
1.4250 0.701389 
1.4350 0.706690 
1.4450 0.693251 
1.4550 0.706748 
1.4650 0.709165 
1.4750 0.724166 
1.4850 0.720455 
1.4950 0.733582 
1.5050 0.715905 
1.5150 0.709843 
1.5250 0.716959 
1.5350 0.715084 
1.5450 0.719478 
1.5550 0.716239 
1.5650 0.713750 
1.5750 0.729453 
1.5850 0.729875 
1.5950 0.737626 
1.6050 0.740652 
1.6150 0.737560 
1.6250 0.754212 
1.6350 0.754313 
1.6450 0.753220 
1.6550 0.763955 
1.6650 0.771023 
1.6750 0.768321 
1.6850 0.784047 
1.6950 0.784322 
1.7050 0.771872 
1.7150 0.775700 
1.7250 0.769731 
1.7350 0.775645 
1.7450 0.804494 
1.7550 0.780359 
1.7650 0.782677 
1.7750 0.792379 
1.7850 0.793407 
1.7950 0.804036 
1.8050 0.797511 
1.8150 0.812142 
1.8250 0.806722 
1.8350 0.814766 
1.8450 0.822122 
1.8550 0.833221 
1.8650 0.846491 
1.8750 0.849825 
1.8850 0.866129 
1.8950 0.876627 
1.9050 0.907106 
1.9150 0.945297 
1.9250 1.008211 
1.9350 1.080807 
1.9450 1.175104 
1.9550 1.309430 
1.9650 1.485478 
1.9750 1.723425 
1.9850 2.083586 
1.9950 2.671191 
2.0050 3.732559 
2.0150 3.672018 
2.0250 2.709140 
2.0350 1.932674 
2.0450 1.459178 
2.0550 1.183039 
2.0650 1.061838 
2.0750 0.965110 
2.0850 0.929674 
2.0950 0.899878 
2.1050 0.880472 
2.1150 0.896076 
2.1250 0.882016 
2.1350 0.870690 
2.1450 0.872895 
2.1550 0.867625 
2.1650 0.868521 
2.1750 0.866030 
2.1850 0.868763 
2.1950 0.868046 
2.2050 0.887837 
2.2150 0.884455 
2.2250 0.888363 
2.2350 0.890133 
2.2450 0.876964 
2.2550 0.891085 
2.2650 0.887764 
2.2750 0.886087 
2.2850 0.873764 
2.2950 0.883707 
2.3050 0.883181 
2.3150 0.873652 
2.3250 0.875747 
2.3350 0.877715 
2.3450 0.873142 
2.3550 0.887952 
2.3650 0.883844 
2.3750 0.883981 
2.3850 0.886052 
2.3950 0.881254 
2.4050 0.879907 
2.4150 0.885013 
2.4250 0.897726 
2.4350 0.892818 
2.4450 0.894139 
2.4550 0.889007 
2.4650 0.889118 
2.4750 0.887087 
2.4850 0.891471 
2.4950 0.883759 
2.5050 0.895287 
2.5150 0.883577 
2.5250 0.888176 
2.5350 0.881543 
2.5450 0.886718 
2.5550 0.882485 
2.5650 0.872752 
2.5750 0.876972 
2.5850 0.889228 
2.5950 0.889399 
2.6050 0.888617 
2.6150 0.893300 
2.6250 0.911560 
2.6350 0.910800 
2.6450 0.908915 
2.6550 0.918958 
2.6650 0.913142 
2.6750 0.922167 
2.6850 0.923674 
2.6950 0.927454 
2.7050 0.927572 
2.7150 0.930208 
2.7250 0.943084 
2.7350 0.944049 
2.7450 0.951798 
2.7550 0.947636 
2.7650 0.954016 
2.7750 0.964295 
2.7850 0.953748 
2.7950 0.962792 
2.8050 0.975764 
2.8150 0.973731 
2.8250 0.988511 
2.8350 0.990248 
2.8450 1.012739 
2.8550 1.025460 
2.8650 1.033227 
2.8750 1.040941 
2.8850 1.051299 
2.8950 1.065247 
2.9050 1.082602 
2.9150 1.103769 
2.9250 1.128387 
2.9350 1.145554 
2.9450 1.160224 
2.9550 1.211631 
2.9650 1.230536 
2.9750 1.270411 
2.9850 1.322366 
2.9950 1.400555 
3.0050 1.499453 
3.0150 1.520212 
3.0250 1.433925 
3.0350 1.296813 
3.0450 1.172480 
3.0550 1.100014 
3.0650 1.050648 
3.0750 1.005829 
3.0850 0.990960 
3.0950 0.966239 
3.1050 0.967016 
3.1150 0.960265 
3.1250 0.954488 
3.1350 0.937891 
3.1450 0.941739 
3.1550 0.951173 
3.1650 0.948631 
3.1750 0.951170 
3.1850 0.955116 
3.1950 0.952238 
3.2050 0.960158 
3.2150 0.960661 
3.2250 0.972032 
3.2350 0.954678 
3.2450 0.945073 
3.2550 0.953419 
3.2650 0.946967 
3.2750 0.952201 
3.2850 0.953811 
3.2950 0.959434 
3.3050 0.967119 
3.3150 0.969495 
3.3250 0.977566 
3.3350 0.970741 
3.3450 0.966489 
3.3550 0.967283 
3.3650 0.966040 
3.3750 0.955579 
3.3850 0.952558 
3.3950 0.963184 
3.4050 0.950814 
3.4150 0.943752 
3.4250 0.955184 
3.4350 0.957213 
3.4450 0.962010 
3.4550 0.962399 
3.4650 0.953676 
3.4750 0.976164 
3.4850 0.957782 
3.4950 0.957199 
3.5050 0.957083 
3.5150 0.958453 
3.5250 0.954645 
3.5350 0.969781 
3.5450 0.966711 
3.5550 0.966377 
3.5650 0.965758 
3.5750 0.966840 
3.5850 0.982877 
3.5950 0.967227 
3.6050 0.968012 
3.6150 0.972602 
3.6250 0.968152 
3.6350 0.974623 
3.6450 0.977256 
3.6550 0.982683 
3.6650 0.972187 
3.6750 0.979484 
3.6850 0.978686 
3.6950 0.978541 
3.7050 0.983869 
3.7150 0.990917 
3.7250 0.974735 
3.7350 0.977213 
3.7450 0.987192 
3.7550 0.990080 
3.7650 0.995564 
3.7750 0.992432 
3.7850 0.983666 
3.7950 0.981754 
3.8050 0.983156 
3.8150 0.991009 
3.8250 0.995555 
3.8350 0.998651 
3.8450 0.996858 
3.8550 0.994497 
3.8650 1.024218 
3.8750 1.025994 
3.8850 1.035664 
3.8950 1.030923 
3.9050 1.029447 
3.9150 1.040717 
3.9250 1.038963 
3.9350 1.045543 
3.9450 1.056015 
3.9550 1.064120 
3.9650 1.060361 
3.9750 1.061764 
3.9850 1.082266 
3.9950 1.103692 
4.0050 1.114717 
4.0150 1.122555 
4.0250 1.100195 
4.0350 1.077224 
4.0450 1.058661 
4.0550 1.041201 
4.0650 1.020797 
4.0750 1.012165 
4.0850 1.008664 
4.0950 0.992437 
4.1050 0.987792 
4.1150 0.986309 
4.1250 0.983714 
4.1350 0.976042 
4.1450 0.974061 
4.1550 0.980738 
4.1650 0.977256 
4.1750 0.967029 
4.1850 0.974166 
4.1950 0.980350 
4.2050 0.982660 
4.2150 0.984107 
4.2250 0.977629 
4.2350 0.980071 
4.2450 0.977240 
4.2550 0.980516 
4.2650 0.985822 
4.2750 0.987721 
4.2850 0.988973 
4.2950 0.987649 
4.3050 0.986093 
4.3150 0.988806 
4.3250 0.991607 
4.3350 0.985020 
4.3450 0.983326 
4.3550 0.992288 
4.3650 0.984039 
4.3750 0.978175 
4.3850 0.974913 
4.3950 0.983754 
4.4050 0.982417 
4.4150 0.987228 
4.4250 0.984285 
4.4350 0.979348 
4.4450 0.989523 
4.4550 0.983041 
4.4650 0.977412 
4.4750 0.980775 
4.4850 0.989368 
4.4950 0.979042 