
0.0050 0.000000 
0.0150 0.000000 
0.0250 0.000000 
0.0350 0.000000 
0.0450 0.000000 
0.0550 0.000000 
0.0650 0.000000 
0.0750 0.000000 
0.0850 0.000000 
0.0950 0.000000 
0.1050 0.000000 
0.1150 0.000000 
0.1250 0.000000 
0.1350 0.000000 
0.1450 0.000000 
0.1550 0.000000 
0.1650 0.000000 
0.1750 0.000000 
0.1850 0.000000 
0.1950 0.000000 
0.2050 0.000000 
0.2150 0.000000 
0.2250 0.000000 
0.2350 0.000000 
0.2450 0.000000 
0.2550 0.000000 
0.2650 0.000000 
0.2750 0.000000 
0.2850 0.000000 
0.2950 0.000000 
0.3050 0.000000 
0.3150 0.000000 
0.3250 0.000000 
0.3350 0.000000 
0.3450 0.000000 
0.3550 0.000000 
0.3650 0.000000 
0.3750 0.000000 
0.3850 0.000000 
0.3950 0.000000 
0.4050 0.000000 
0.4150 0.000000 
0.4250 0.000000 
0.4350 0.000000 
0.4450 0.000000 
0.4550 0.000000 
0.4650 0.000000 
0.4750 0.000000 
0.4850 0.000000 
0.4950 0.000000 
0.5050 0.000000 
0.5150 0.000000 
0.5250 0.000000 
0.5350 0.000000 
0.5450 0.000000 
0.5550 0.000000 
0.5650 0.000000 
0.5750 0.000000 
0.5850 0.000000 
0.5950 0.000000 
0.6050 0.000000 
0.6150 0.000000 
0.6250 0.000000 
0.6350 0.000000 
0.6450 0.000000 
0.6550 0.003245 
0.6650 0.022116 
0.6750 0.044589 
0.6850 0.060453 
0.6950 0.081492 
0.7050 0.094820 
0.7150 0.117772 
0.7250 0.137043 
0.7350 0.156605 
0.7450 0.169591 
0.7550 0.187308 
0.7650 0.213686 
0.7750 0.237190 
0.7850 0.251644 
0.7950 0.268519 
0.8050 0.283921 
0.8150 0.305945 
0.8250 0.317635 
0.8350 0.361269 
0.8450 0.370823 
0.8550 0.387924 
0.8650 0.405519 
0.8750 0.433711 
0.8850 0.456459 
0.8950 0.474989 
0.9050 0.497724 
0.9150 0.518382 
0.9250 0.552687 
0.9350 0.563664 
0.9450 0.589197 
0.9550 0.629454 
0.9650 0.642215 
0.9750 0.677089 
0.9850 0.716969 
0.9950 0.773524 
1.0050 0.824296 
1.0150 0.864499 
1.0250 0.884795 
1.0350 0.926361 
1.0450 0.950494 
1.0550 0.969728 
1.0650 0.989243 
1.0750 1.009982 
1.0850 1.027354 
1.0950 1.036469 
1.1050 1.055836 
1.1150 1.066523 
1.1250 1.074821 
1.1350 1.106115 
1.1450 1.117277 
1.1550 1.120419 
1.1650 1.132659 
1.1750 1.168064 
1.1850 1.144213 
1.1950 1.160658 
1.2050 1.181787 
1.2150 1.185510 
1.2250 1.181930 
1.2350 1.184624 
1.2450 1.193032 
1.2550 1.194100 
1.2650 1.189621 
1.2750 1.202944 
1.2850 1.220909 
1.2950 1.227396 
1.3050 1.247972 
1.3150 1.238452 
1.3250 1.242600 
1.3350 1.244577 
1.3450 1.234850 
1.3550 1.227282 
1.3650 1.224451 
1.3750 1.221288 
1.3850 1.199192 
1.3950 1.179920 
1.4050 1.186191 
1.4150 1.181337 
1.4250 1.180143 
1.4350 1.163680 
1.4450 1.156777 
1.4550 1.144336 
1.4650 1.144592 
1.4750 1.132634 
1.4850 1.114628 
1.4950 1.109481 
1.5050 1.117392 
1.5150 1.090994 
1.5250 1.092933 
1.5350 1.080552 
1.5450 1.090877 
1.5550 1.079272 
1.5650 1.061814 
1.5750 1.057371 
1.5850 1.073238 
1.5950 1.059945 
1.6050 1.043520 
1.6150 1.032373 
1.6250 1.029613 
1.6350 1.016754 
1.6450 1.021285 
1.6550 1.024163 
1.6650 1.008695 
1.6750 1.017222 
1.6850 0.999191 
1.6950 0.995580 
1.7050 0.995218 
1.7150 0.989581 
1.7250 0.989505 
1.7350 0.981111 
1.7450 0.982553 
1.7550 0.970206 
1.7650 0.982241 
1.7750 0.977349 
1.7850 0.966577 
1.7950 0.962873 
1.8050 0.968153 
1.8150 0.955492 
1.8250 0.962019 
1.8350 0.952322 
1.8450 0.960971 
1.8550 0.958153 
1.8650 0.962373 
1.8750 0.952015 
1.8850 0.948246 
1.8950 0.957456 
1.9050 0.956524 
1.9150 0.953237 
1.9250 0.953935 
1.9350 0.952858 
1.9450 0.962731 
1.9550 0.950564 
1.9650 0.951521 
1.9750 0.944553 
1.9850 0.957927 
1.9950 0.958105 
2.0050 0.952785 
2.0150 0.948025 
2.0250 0.956689 
2.0350 0.958128 
2.0450 0.961059 
2.0550 0.964252 
2.0650 0.967662 
2.0750 0.955269 
2.0850 0.974099 
2.0950 0.960202 
2.1050 0.970224 
2.1150 0.970253 
2.1250 0.975791 
2.1350 0.963507 
2.1450 0.966515 
2.1550 0.979567 
2.1650 0.971817 
2.1750 0.974706 
2.1850 0.988637 
2.1950 0.980250 
2.2050 0.984457 
2.2150 0.977862 
2.2250 0.987612 
2.2350 0.986529 
2.2450 1.001407 
2.2550 0.985644 
2.2650 0.990622 
2.2750 0.996721 
2.2850 1.003701 
2.2950 0.996619 
2.3050 0.992416 
2.3150 1.011581 
2.3250 1.006174 
2.3350 0.997372 
2.3450 1.009383 
2.3550 1.008046 
2.3650 1.005383 
2.3750 1.000475 
2.3850 1.003456 
2.3950 1.006734 
2.4050 0.995129 
2.4150 1.013881 
2.4250 1.006924 
2.4350 1.005465 
2.4450 1.012234 
2.4550 1.014839 
2.4650 1.003170 
2.4750 1.016981 
2.4850 1.017334 
2.4950 1.017685 
2.5050 1.015200 
2.5150 1.021096 
2.5250 1.014758 
2.5350 1.021756 
2.5450 1.002870 
2.5550 1.002598 
2.5650 1.016028 
2.5750 1.006978 
2.5850 1.015954 
2.5950 1.009641 
2.6050 1.018309 
2.6150 1.004386 
2.6250 1.009849 
2.6350 0.999632 
2.6450 1.009920 
2.6550 1.008409 
2.6650 1.007904 
2.6750 1.014850 
2.6850 1.016682 
2.6950 1.014851 
2.7050 1.008388 
2.7150 1.013687 
2.7250 1.008217 
2.7350 1.004412 
2.7450 1.008266 
2.7550 1.002441 
2.7650 1.004975 
2.7750 1.009186 
2.7850 1.010450 
2.7950 1.000020 
2.8050 1.012220 
2.8150 1.004895 
2.8250 1.012118 
2.8350 1.005659 
2.8450 1.009043 
2.8550 0.993506 
2.8650 0.997504 
2.8750 0.996896 
2.8850 1.002190 
2.8950 1.001864 
2.9050 0.998186 
2.9150 0.994563 
2.9250 0.997570 
2.9350 0.996915 
2.9450 0.994494 
2.9550 1.005082 
2.9650 1.005937 
2.9750 0.997302 
2.9850 1.005310 
2.9950 1.003443 
3.0050 0.997748 
3.0150 0.996487 
3.0250 0.999417 
3.0350 0.985338 
3.0450 1.005135 
3.0550 0.996504 
3.0650 0.984219 
3.0750 1.000740 
3.0850 1.003932 
3.0950 0.995858 
3.1050 1.006840 
3.1150 1.001389 
3.1250 0.993456 
3.1350 0.986064 
3.1450 0.992967 
3.1550 1.006575 
3.1650 0.992106 
3.1750 1.002131 
3.1850 1.000680 
3.1950 0.991825 
3.2050 0.997968 
3.2150 0.997768 
3.2250 1.000062 
3.2350 0.999936 
3.2450 1.003474 
3.2550 0.994248 
3.2650 0.989610 
3.2750 1.000041 
3.2850 1.005046 
3.2950 0.996835 
3.3050 1.007073 
3.3150 1.002027 
3.3250 0.989784 
3.3350 0.989898 
3.3450 0.998628 
3.3550 1.013346 
3.3650 1.005028 
3.3750 1.005450 
3.3850 0.996521 
3.3950 1.007949 
3.4050 1.002105 
3.4150 1.005937 
3.4250 0.997735 
3.4350 0.991797 
3.4450 0.995849 
3.4550 1.000397 
3.4650 1.000403 
3.4750 1.007693 
3.4850 1.007211 
3.4950 1.003134 
3.5050 0.994493 
3.5150 1.000500 
3.5250 0.996622 
3.5350 1.004792 
3.5450 1.003192 
3.5550 1.004753 
3.5650 0.997140 
3.5750 1.006724 
3.5850 0.999363 
3.5950 1.000845 
3.6050 1.007374 
3.6150 0.999788 
3.6250 0.994438 
3.6350 0.997471 
3.6450 0.989458 
3.6550 1.001265 
3.6650 0.996459 
3.6750 0.998406 
3.6850 1.009767 
3.6950 0.998218 
3.7050 0.989686 
3.7150 1.001831 
3.7250 1.010167 
3.7350 1.009642 
3.7450 1.008754 
3.7550 0.997734 
3.7650 1.002993 
3.7750 1.002561 
3.7850 1.002379 
3.7950 0.997464 
3.8050 0.994892 
3.8150 1.002220 
3.8250 1.005015 
3.8350 1.003513 
3.8450 0.995212 
3.8550 1.002152 
3.8650 0.992591 
3.8750 1.004183 
3.8850 1.006908 
3.8950 1.005315 
3.9050 1.002459 
3.9150 1.005124 
3.9250 0.997444 
3.9350 1.002826 
3.9450 1.006034 
3.9550 0.997242 
3.9650 0.999735 
3.9750 1.002389 
3.9850 1.002495 
3.9950 1.003543 
4.0050 1.006466 
4.0150 0.993650 
4.0250 1.002832 
4.0350 0.999416 
4.0450 1.011267 
4.0550 1.002320 
4.0650 0.995375 
4.0750 0.990395 
4.0850 0.999450 
4.0950 1.003718 
4.1050 1.012509 
4.1150 1.000758 
4.1250 1.003001 
4.1350 1.000744 
4.1450 1.003348 
4.1550 0.999124 
4.1650 1.006628 
4.1750 1.004262 
4.1850 1.000740 
4.1950 1.001233 
4.2050 1.001642 
4.2150 1.003043 
4.2250 1.005310 
4.2350 1.005301 
4.2450 0.999732 
4.2550 1.013370 
4.2650 1.000987 
4.2750 1.002991 
4.2850 1.004746 
4.2950 0.996852 
4.3050 1.004555 
4.3150 1.003895 
4.3250 1.004425 
4.3350 1.005288 
4.3450 0.998350 
4.3550 0.998162 
4.3650 0.998367 
4.3750 1.003304 
4.3850 1.000882 
4.3950 1.000612 
4.4050 0.994148 
4.4150 0.998856 
4.4250 0.997896 
4.4350 1.005815 
4.4450 0.991544 
4.4550 0.994449 
4.4650 1.002571 
4.4750 0.999243 
4.4850 1.001501 
4.4950 0.995602 