
0.0050 0.000000 
0.0150 0.000000 
0.0250 0.000000 
0.0350 0.000000 
0.0450 0.000000 
0.0550 0.000000 
0.0650 0.000000 
0.0750 0.000000 
0.0850 0.000000 
0.0950 0.000000 
0.1050 0.000000 
0.1150 0.000000 
0.1250 0.000000 
0.1350 0.000000 
0.1450 0.000000 
0.1550 0.000000 
0.1650 0.000000 
0.1750 0.000000 
0.1850 0.000000 
0.1950 0.000000 
0.2050 0.000000 
0.2150 0.000000 
0.2250 0.000000 
0.2350 0.000000 
0.2450 0.000000 
0.2550 0.000000 
0.2650 0.000000 
0.2750 0.000000 
0.2850 0.000000 
0.2950 0.000000 
0.3050 0.000000 
0.3150 0.000000 
0.3250 0.000000 
0.3350 0.000000 
0.3450 0.000000 
0.3550 0.000000 
0.3650 0.000000 
0.3750 0.000000 
0.3850 0.000000 
0.3950 0.000000 
0.4050 0.000000 
0.4150 0.000000 
0.4250 0.000000 
0.4350 0.000000 
0.4450 0.000000 
0.4550 0.000000 
0.4650 0.000000 
0.4750 0.000000 
0.4850 0.000000 
0.4950 0.000000 
0.5050 0.000000 
0.5150 0.000000 
0.5250 0.000000 
0.5350 0.000000 
0.5450 0.000000 
0.5550 0.000000 
0.5650 0.000000 
0.5750 0.000000 
0.5850 0.000000 
0.5950 0.000000 
0.6050 0.000000 
0.6150 0.000000 
0.6250 0.000000 
0.6350 0.000000 
0.6450 0.000000 
0.6550 0.000000 
0.6650 0.000000 
0.6750 0.000000 
0.6850 0.000000 
0.6950 0.000000 
0.7050 0.000000 
0.7150 0.000000 
0.7250 0.000000 
0.7350 0.000000 
0.7450 0.007423 
0.7550 0.030203 
0.7650 0.058399 
0.7750 0.081919 
0.7850 0.097253 
0.7950 0.130299 
0.8050 0.155443 
0.8150 0.182899 
0.8250 0.205049 
0.8350 0.234218 
0.8450 0.258065 
0.8550 0.271398 
0.8650 0.293777 
0.8750 0.341246 
0.8850 0.378698 
0.8950 0.410083 
0.9050 0.428355 
0.9150 0.480025 
0.9250 0.523952 
0.9350 0.553641 
0.9450 0.602901 
0.9550 0.650599 
0.9650 0.724688 
0.9750 0.766675 
0.9850 0.824770 
0.9950 0.880932 
1.0050 0.956675 
1.0150 1.002718 
1.0250 1.032316 
1.0350 1.065463 
1.0450 1.087538 
1.0550 1.096914 
1.0650 1.127086 
1.0750 1.126643 
1.0850 1.143417 
1.0950 1.170943 
1.1050 1.188481 
1.1150 1.191636 
1.1250 1.209363 
1.1350 1.205967 
1.1450 1.219761 
1.1550 1.218550 
1.1650 1.225485 
1.1750 1.259305 
1.1850 1.250738 
1.1950 1.271507 
1.2050 1.279969 
1.2150 1.282676 
1.2250 1.290284 
1.2350 1.287822 
1.2450 1.310341 
1.2550 1.306128 
1.2650 1.294764 
1.2750 1.289734 
1.2850 1.288102 
1.2950 1.286496 
1.3050 1.265168 
1.3150 1.256232 
1.3250 1.244082 
1.3350 1.243490 
1.3450 1.204206 
1.3550 1.195855 
1.3650 1.191315 
1.3750 1.194723 
1.3850 1.176023 
1.3950 1.176187 
1.4050 1.153874 
1.4150 1.155098 
1.4250 1.136539 
1.4350 1.132750 
1.4450 1.124583 
1.4550 1.124859 
1.4650 1.112080 
1.4750 1.090850 
1.4850 1.092669 
1.4950 1.089495 
1.5050 1.093284 
1.5150 1.078597 
1.5250 1.063822 
1.5350 1.058249 
1.5450 1.050593 
1.5550 1.059561 
1.5650 1.045884 
1.5750 1.045607 
1.5850 1.020877 
1.5950 1.016370 
1.6050 1.032135 
1.6150 1.021111 
1.6250 1.007543 
1.6350 1.001608 
1.6450 1.000936 
1.6550 0.997229 
1.6650 0.998694 
1.6750 0.997745 
1.6850 0.989358 
1.6950 0.993011 
1.7050 0.975032 
1.7150 0.968965 
1.7250 0.968711 
1.7350 0.964670 
1.7450 0.954214 
1.7550 0.960278 
1.7650 0.948222 
1.7750 0.940827 
1.7850 0.954902 
1.7950 0.941365 
1.8050 0.947190 
1.8150 0.963022 
1.8250 0.950645 
1.8350 0.932072 
1.8450 0.948378 
1.8550 0.933701 
1.8650 0.948037 
1.8750 0.930647 
1.8850 0.938730 
1.8950 0.943662 
1.9050 0.933653 
1.9150 0.937758 
1.9250 0.940221 
1.9350 0.937141 
1.9450 0.939187 
1.9550 0.937848 
1.9650 0.945478 
1.9750 0.957617 
1.9850 0.951342 
1.9950 0.963415 
2.0050 0.961648 
2.0150 0.952647 
2.0250 0.953355 
2.0350 0.955190 
2.0450 0.956714 
2.0550 0.962007 
2.0650 0.957442 
2.0750 0.972028 
2.0850 0.967296 
2.0950 0.977047 
2.1050 0.976272 
2.1150 0.969930 
2.1250 0.976475 
2.1350 0.977075 
2.1450 0.987310 
2.1550 0.981233 
2.1650 0.984763 
2.1750 0.978792 
2.1850 0.987073 
2.1950 0.984416 
2.2050 0.999689 
2.2150 0.999005 
2.2250 0.998596 
2.2350 1.008631 
2.2450 1.003120 
2.2550 0.999780 
2.2650 1.014506 
2.2750 0.993001 
2.2850 1.001607 
2.2950 1.005742 
2.3050 0.999720 
2.3150 1.012615 
2.3250 1.013416 
2.3350 1.004839 
2.3450 1.000746 
2.3550 1.015595 
2.3650 1.023959 
2.3750 1.020304 
2.3850 1.009405 
2.3950 1.017548 
2.4050 1.015173 
2.4150 1.013916 
2.4250 1.019896 
2.4350 1.011362 
2.4450 1.017023 
2.4550 1.007562 
2.4650 1.016244 
2.4750 1.011110 
2.4850 1.013585 
2.4950 1.001171 
2.5050 1.012879 
2.5150 1.017562 
2.5250 1.011576 
2.5350 1.018620 
2.5450 1.012073 
2.5550 1.015112 
2.5650 1.006129 
2.5750 1.000670 
2.5850 1.006992 
2.5950 1.009543 
2.6050 1.006396 
2.6150 1.019424 
2.6250 1.013561 
2.6350 1.002325 
2.6450 1.007463 
2.6550 1.004996 
2.6650 1.009060 
2.6750 1.002738 
2.6850 1.014485 
2.6950 0.996483 
2.7050 1.011897 
2.7150 1.002571 
2.7250 0.997016 
2.7350 0.995441 
2.7450 1.004529 
2.7550 1.001634 
2.7650 1.010108 
2.7750 1.008847 
2.7850 1.001117 
2.7950 1.009197 
2.8050 1.009476 
2.8150 0.996633 
2.8250 1.002040 
2.8350 1.002281 
2.8450 1.003002 
2.8550 0.995991 
2.8650 0.999265 
2.8750 0.994130 
2.8850 1.006902 
2.8950 1.002514 
2.9050 0.985441 
2.9150 0.993976 
2.9250 1.003826 
2.9350 1.001373 
2.9450 0.995191 
2.9550 1.004127 
2.9650 1.001265 
2.9750 1.004459 
2.9850 1.007688 
2.9950 0.998219 
3.0050 0.996468 
3.0150 1.004371 
3.0250 1.002978 
3.0350 0.994692 
3.0450 1.008617 
3.0550 0.991550 
3.0650 0.995267 
3.0750 0.996874 
3.0850 0.991985 
3.0950 0.989144 
3.1050 1.004885 
3.1150 0.992522 
3.1250 1.001665 
3.1350 0.996020 
3.1450 0.997888 
3.1550 1.011319 
3.1650 1.001374 
3.1750 0.995289 
3.1850 0.997512 
3.1950 0.997874 
3.2050 1.002878 
3.2150 0.998779 
3.2250 0.994387 
3.2350 1.002289 
3.2450 1.003870 
3.2550 0.996009 
3.2650 0.987567 
3.2750 1.005969 
3.2850 0.996299 
3.2950 0.994162 
3.3050 1.001276 
3.3150 0.997745 
3.3250 1.000973 
3.3350 1.005208 
3.3450 1.003434 
3.3550 1.002921 
3.3650 0.994632 
3.3750 0.992704 
3.3850 1.008548 
3.3950 1.002911 
3.4050 1.005295 
3.4150 1.009769 
3.4250 0.998035 
3.4350 0.996478 
3.4450 1.000293 
3.4550 0.992698 
3.4650 1.010893 
3.4750 0.998832 
3.4850 0.995430 
3.4950 0.990971 
3.5050 0.996420 
3.5150 0.996217 
3.5250 0.999000 
3.5350 0.993783 
3.5450 1.000562 
3.5550 0.997559 
3.5650 0.999347 
3.5750 0.993374 
3.5850 0.998528 
3.5950 1.004081 
3.6050 1.004337 
3.6150 1.001042 
3.6250 0.991890 
3.6350 1.007989 
3.6450 1.005181 
3.6550 1.002645 
3.6650 1.005818 
3.6750 1.002061 
3.6850 1.007353 
3.6950 0.998380 
3.7050 1.008987 
3.7150 1.002176 
3.7250 0.997469 
3.7350 0.999955 
3.7450 1.000326 
3.7550 1.002244 
3.7650 1.007696 
3.7750 1.002742 
3.7850 0.996571 
3.7950 0.993182 
3.8050 1.005367 
3.8150 1.001435 
3.8250 1.004792 
3.8350 1.008554 
3.8450 0.999216 
3.8550 0.998735 
3.8650 0.996044 
3.8750 0.997539 
3.8850 1.001360 
3.8950 1.007357 
3.9050 0.998866 
3.9150 1.011591 
3.9250 0.999559 
3.9350 0.997848 
3.9450 0.998509 
3.9550 1.001330 
3.9650 0.998894 
3.9750 1.002001 
3.9850 0.999705 
3.9950 1.003565 
4.0050 0.996790 
4.0150 0.999531 
4.0250 1.003172 
4.0350 0.997424 
4.0450 0.999910 
4.0550 1.004387 
4.0650 1.002804 
4.0750 1.000136 
4.0850 1.005272 
4.0950 1.006956 
4.1050 1.001818 
4.1150 1.000883 
4.1250 1.001861 
4.1350 0.996069 
4.1450 0.997858 
4.1550 0.995233 
4.1650 1.000077 
4.1750 0.993217 
4.1850 1.001394 
4.1950 1.001029 
4.2050 1.004735 
4.2150 1.000689 
4.2250 1.003973 
4.2350 1.002413 
4.2450 1.002473 
4.2550 1.001045 
4.2650 0.999623 
4.2750 0.998508 
4.2850 1.001871 
4.2950 1.005736 
4.3050 1.004018 
4.3150 1.002963 
4.3250 0.997561 
4.3350 1.006373 
4.3450 0.994353 
4.3550 1.000559 
4.3650 1.008912 
4.3750 0.992059 
4.3850 1.002209 
4.3950 1.007678 
4.4050 1.007316 
4.4150 0.999262 
4.4250 1.000661 
4.4350 1.004310 
4.4450 1.001784 
4.4550 1.002975 
4.4650 0.996861 
4.4750 1.001174 
4.4850 1.002817 
4.4950 1.005690 