
0.0050 0.000000 
0.0150 0.000000 
0.0250 0.000000 
0.0350 0.000000 
0.0450 0.000000 
0.0550 0.000000 
0.0650 0.000000 
0.0750 0.000000 
0.0850 0.000000 
0.0950 0.000000 
0.1050 0.000000 
0.1150 0.000000 
0.1250 0.000000 
0.1350 0.000000 
0.1450 0.000000 
0.1550 0.000000 
0.1650 0.000000 
0.1750 0.000000 
0.1850 0.000000 
0.1950 0.000000 
0.2050 0.000000 
0.2150 0.000000 
0.2250 0.000000 
0.2350 0.000000 
0.2450 0.000000 
0.2550 0.000000 
0.2650 0.000000 
0.2750 0.000000 
0.2850 0.000000 
0.2950 0.000000 
0.3050 0.000000 
0.3150 0.000000 
0.3250 0.000000 
0.3350 0.000000 
0.3450 0.000000 
0.3550 0.000000 
0.3650 0.000000 
0.3750 0.000000 
0.3850 0.000000 
0.3950 0.000000 
0.4050 0.000000 
0.4150 0.000000 
0.4250 0.000000 
0.4350 0.000000 
0.4450 0.000000 
0.4550 0.000000 
0.4650 0.000000 
0.4750 0.000000 
0.4850 0.000000 
0.4950 0.000000 
0.5050 0.000000 
0.5150 0.000000 
0.5250 0.000000 
0.5350 0.000000 
0.5450 0.000000 
0.5550 0.000000 
0.5650 0.000000 
0.5750 0.000000 
0.5850 0.000000 
0.5950 0.000000 
0.6050 0.000000 
0.6150 0.000000 
0.6250 0.000000 
0.6350 0.000000 
0.6450 0.000000 
0.6550 0.000000 
0.6650 0.000000 
0.6750 0.000000 
0.6850 0.000000 
0.6950 0.000000 
0.7050 0.000000 
0.7150 0.000000 
0.7250 0.000000 
0.7350 0.000000 
0.7450 0.004454 
0.7550 0.021638 
0.7650 0.038155 
0.7750 0.052160 
0.7850 0.072425 
0.7950 0.086509 
0.8050 0.109233 
0.8150 0.130254 
0.8250 0.148189 
0.8350 0.162841 
0.8450 0.187225 
0.8550 0.206462 
0.8650 0.225354 
0.8750 0.244595 
0.8850 0.298050 
0.8950 0.327477 
0.9050 0.401436 
0.9150 0.538026 
0.9250 0.748121 
0.9350 1.115938 
0.9450 1.634153 
0.9550 2.201172 
0.9650 2.784755 
0.9750 3.257142 
0.9850 3.503173 
0.9950 3.551909 
1.0050 3.350526 
1.0150 2.948702 
1.0250 2.413063 
1.0350 1.934668 
1.0450 1.580242 
1.0550 1.313791 
1.0650 1.144537 
1.0750 1.059866 
1.0850 0.982957 
1.0950 0.954399 
1.1050 0.935538 
1.1150 0.915866 
1.1250 0.918601 
1.1350 0.918807 
1.1450 0.938003 
1.1550 0.929769 
1.1650 0.939465 
1.1750 0.940287 
1.1850 0.937783 
1.1950 0.952738 
1.2050 0.962065 
1.2150 0.971099 
1.2250 0.968566 
1.2350 0.992736 
1.2450 0.971912 
1.2550 0.992274 
1.2650 0.999702 
1.2750 0.980517 
1.2850 0.987590 
1.2950 0.976171 
1.3050 0.961527 
1.3150 0.976111 
1.3250 0.971025 
1.3350 0.962053 
1.3450 0.959114 
1.3550 0.954581 
1.3650 0.954178 
1.3750 0.952539 
1.3850 0.944392 
1.3950 0.939054 
1.4050 0.937253 
1.4150 0.935418 
1.4250 0.928458 
1.4350 0.940449 
1.4450 0.934022 
1.4550 0.924222 
1.4650 0.928248 
1.4750 0.913700 
1.4850 0.913316 
1.4950 0.907970 
1.5050 0.916535 
1.5150 0.926452 
1.5250 0.907857 
1.5350 0.899459 
1.5450 0.904763 
1.5550 0.899842 
1.5650 0.896402 
1.5750 0.912575 
1.5850 0.894230 
1.5950 0.903202 
1.6050 0.909190 
1.6150 0.892791 
1.6250 0.893463 
1.6350 0.883001 
1.6450 0.894728 
1.6550 0.895788 
1.6650 0.887602 
1.6750 0.900775 
1.6850 0.892354 
1.6950 0.893856 
1.7050 0.883018 
1.7150 0.895314 
1.7250 0.895931 
1.7350 0.888075 
1.7450 0.887259 
1.7550 0.914532 
1.7650 0.910526 
1.7750 0.909309 
1.7850 0.918823 
1.7950 0.928898 
1.8050 0.937016 
1.8150 0.937562 
1.8250 0.956028 
1.8350 0.938729 
1.8450 0.968379 
1.8550 0.990296 
1.8650 0.991000 
1.8750 1.002267 
1.8850 1.023883 
1.8950 1.045543 
1.9050 1.060742 
1.9150 1.076853 
1.9250 1.097635 
1.9350 1.108357 
1.9450 1.130784 
1.9550 1.141577 
1.9650 1.152696 
1.9750 1.186888 
1.9850 1.194439 
1.9950 1.193263 
2.0050 1.192057 
2.0150 1.184713 
2.0250 1.158330 
2.0350 1.143876 
2.0450 1.098061 
2.0550 1.066162 
2.0650 1.063700 
2.0750 1.032768 
2.0850 1.029875 
2.0950 1.018975 
2.1050 1.014187 
2.1150 1.004474 
2.1250 0.999436 
2.1350 0.995366 
2.1450 0.998425 
2.1550 0.996737 
2.1650 0.995854 
2.1750 1.001148 
2.1850 1.009053 
2.1950 0.992747 
2.2050 0.988682 
2.2150 0.984305 
2.2250 1.005472 
2.2350 0.987791 
2.2450 1.000151 
2.2550 1.003571 
2.2650 0.996546 
2.2750 0.994768 
2.2850 0.986159 
2.2950 0.998369 
2.3050 0.988337 
2.3150 0.984963 
2.3250 0.996396 
2.3350 0.990967 
2.3450 0.983396 
2.3550 0.992912 
2.3650 0.992951 
2.3750 0.979026 
2.3850 0.985896 
2.3950 0.985071 
2.4050 0.979420 
2.4150 0.995547 
2.4250 0.989476 
2.4350 0.969976 
2.4450 0.986783 
2.4550 0.982807 
2.4650 0.968494 
2.4750 0.979889 
2.4850 0.977088 
2.4950 0.984589 
2.5050 0.986024 
2.5150 0.974565 
2.5250 0.982055 
2.5350 0.973400 
2.5450 0.975125 
2.5550 0.980249 
2.5650 0.979201 
2.5750 0.995590 
2.5850 0.989299 
2.5950 0.982331 
2.6050 0.976763 
2.6150 0.975977 
2.6250 0.986140 
2.6350 0.976986 
2.6450 0.972394 
2.6550 0.978785 
2.6650 0.985706 
2.6750 0.985543 
2.6850 0.972009 
2.6950 0.984619 
2.7050 0.978331 
2.7150 0.980182 
2.7250 0.981360 
2.7350 0.980186 
2.7450 0.986900 
2.7550 0.991144 
2.7650 0.997894 
2.7750 0.992548 
2.7850 1.008055 
2.7950 1.005679 
2.8050 0.995607 
2.8150 0.997210 
2.8250 0.999830 
2.8350 1.005026 
2.8450 0.999606 
2.8550 1.004556 
2.8650 1.004488 
2.8750 1.006800 
2.8850 1.014015 
2.8950 1.014181 
2.9050 1.008871 
2.9150 1.010167 
2.9250 1.003738 
2.9350 1.010841 
2.9450 1.018303 
2.9550 1.018798 
2.9650 1.022260 
2.9750 1.021991 
2.9850 1.010208 
2.9950 1.013665 
3.0050 1.019830 
3.0150 1.023317 
3.0250 1.009819 
3.0350 1.022360 
3.0450 1.009937 
3.0550 1.007756 
3.0650 1.012007 
3.0750 0.999877 
3.0850 1.002463 
3.0950 1.004700 
3.1050 0.993538 
3.1150 1.002460 
3.1250 0.990336 
3.1350 0.999975 
3.1450 0.988290 
3.1550 0.993050 
3.1650 0.995537 
3.1750 1.013470 
3.1850 0.991283 
3.1950 0.992655 
3.2050 0.996500 
3.2150 0.996464 
3.2250 0.998577 
3.2350 1.000914 
3.2450 0.991351 
3.2550 0.990097 
3.2650 0.999170 
3.2750 0.996516 
3.2850 0.987447 
3.2950 0.996135 
3.3050 0.991055 
3.3150 0.995319 
3.3250 0.997269 
3.3350 1.001618 
3.3450 0.994077 
3.3550 0.997057 
3.3650 0.999589 
3.3750 1.004512 
3.3850 1.001903 
3.3950 1.003087 
3.4050 0.996554 
3.4150 0.994567 
3.4250 0.998309 
3.4350 0.998645 
3.4450 0.988054 
3.4550 0.992798 
3.4650 0.994947 
3.4750 1.002229 
3.4850 1.001320 
3.4950 1.000026 
3.5050 1.010720 
3.5150 0.998797 
3.5250 1.000723 
3.5350 1.006292 
3.5450 1.007004 
3.5550 1.005691 
3.5650 0.996756 
3.5750 1.006604 
3.5850 0.999578 
3.5950 1.009030 
3.6050 0.992047 
3.6150 0.994583 
3.6250 0.997741 
3.6350 0.993824 
3.6450 0.982208 
3.6550 0.998409 
3.6650 0.984323 
3.6750 0.995357 
3.6850 0.994192 
3.6950 0.992593 
3.7050 0.991487 
3.7150 0.997410 
3.7250 0.994415 
3.7350 1.006642 
3.7450 1.003524 
3.7550 0.995410 
3.7650 0.996314 
3.7750 0.999751 
3.7850 0.994243 
3.7950 1.004226 
3.8050 1.002108 
3.8150 1.007108 
3.8250 0.995757 
3.8350 0.996978 
3.8450 1.001908 
3.8550 0.998536 
3.8650 0.991153 
3.8750 1.000011 
3.8850 1.001404 
3.8950 0.997826 
3.9050 0.997070 
3.9150 0.993040 
3.9250 1.006249 
3.9350 1.005043 
3.9450 1.004255 
3.9550 1.003558 
3.9650 0.996887 
3.9750 1.001679 
3.9850 1.002023 
3.9950 1.007376 
4.0050 0.989592 
4.0150 0.997251 
4.0250 1.007699 
4.0350 1.001706 
4.0450 1.001327 
4.0550 0.994831 
4.0650 1.004382 
4.0750 1.002004 
4.0850 0.997921 
4.0950 1.004408 
4.1050 0.994586 
4.1150 1.006267 
4.1250 1.002939 
4.1350 1.001634 
4.1450 1.005350 
4.1550 0.996303 
4.1650 1.003239 
4.1750 1.001167 
4.1850 0.998165 
4.1950 0.997868 
4.2050 1.001968 
4.2150 0.996244 
4.2250 1.003285 
4.2350 0.993747 
4.2450 0.999772 
4.2550 1.000723 
4.2650 1.007606 
4.2750 1.004892 
4.2850 1.001412 
4.2950 0.998924 
4.3050 1.004317 
4.3150 0.993922 
4.3250 0.999776 
4.3350 1.003551 
4.3450 1.001815 
4.3550 1.004704 
4.3650 0.997034 
4.3750 1.009562 
4.3850 1.001974 
4.3950 0.998529 
4.4050 0.996479 
4.4150 0.999243 
4.4250 1.004044 
4.4350 1.000163 
4.4450 0.993931 
4.4550 0.994257 
4.4650 0.998049 
4.4750 0.998154 
4.4850 1.004362 
4.4950 0.998343 