
0.0050 0.000000 
0.0150 0.000000 
0.0250 0.000000 
0.0350 0.000000 
0.0450 0.000000 
0.0550 0.000000 
0.0650 0.000000 
0.0750 0.000000 
0.0850 0.000000 
0.0950 0.000000 
0.1050 0.000000 
0.1150 0.000000 
0.1250 0.000000 
0.1350 0.000000 
0.1450 0.000000 
0.1550 0.000000 
0.1650 0.000000 
0.1750 0.000000 
0.1850 0.000000 
0.1950 0.000000 
0.2050 0.000000 
0.2150 0.000000 
0.2250 0.000000 
0.2350 0.000000 
0.2450 0.000000 
0.2550 0.000000 
0.2650 0.000000 
0.2750 0.000000 
0.2850 0.000000 
0.2950 0.000000 
0.3050 0.000000 
0.3150 0.000000 
0.3250 0.000000 
0.3350 0.000000 
0.3450 0.002936 
0.3550 0.024268 
0.3650 0.026853 
0.3750 0.031556 
0.3850 0.039532 
0.3950 0.037901 
0.4050 0.055987 
0.4150 0.060568 
0.4250 0.073900 
0.4350 0.074751 
0.4450 0.088698 
0.4550 0.089376 
0.4650 0.100414 
0.4750 0.104210 
0.4850 0.113271 
0.4950 0.116830 
0.5050 0.120921 
0.5150 0.121560 
0.5250 0.132842 
0.5350 0.142912 
0.5450 0.137044 
0.5550 0.144385 
0.5650 0.162889 
0.5750 0.168794 
0.5850 0.166949 
0.5950 0.168164 
0.6050 0.171305 
0.6150 0.181113 
0.6250 0.190066 
0.6350 0.193922 
0.6450 0.194759 
0.6550 0.200244 
0.6650 0.221034 
0.6750 0.229875 
0.6850 0.232254 
0.6950 0.246433 
0.7050 0.234156 
0.7150 0.237804 
0.7250 0.235015 
0.7350 0.245266 
0.7450 0.256385 
0.7550 0.257746 
0.7650 0.269971 
0.7750 0.266071 
0.7850 0.279725 
0.7950 0.285864 
0.8050 0.293015 
0.8150 0.293202 
0.8250 0.305148 
0.8350 0.308755 
0.8450 0.330516 
0.8550 0.340318 
0.8650 0.369682 
0.8750 0.382904 
0.8850 0.422102 
0.8950 0.467660 
0.9050 0.547797 
0.9150 0.631313 
0.9250 0.760094 
0.9350 0.889780 
0.9450 1.071824 
0.9550 1.274879 
0.9650 1.471893 
0.9750 1.689445 
0.9850 1.949149 
0.9950 2.199462 
1.0050 2.435150 
1.0150 2.613399 
1.0250 2.783279 
1.0350 2.948576 
1.0450 3.047422 
1.0550 3.121698 
1.0650 3.175854 
1.0750 3.160327 
1.0850 3.112238 
1.0950 3.035435 
1.1050 2.890490 
1.1150 2.746987 
1.1250 2.574037 
1.1350 2.346944 
1.1450 2.159775 
1.1550 1.961509 
1.1650 1.746425 
1.1750 1.532158 
1.1850 1.336822 
1.1950 1.180216 
1.2050 1.047151 
1.2150 0.946737 
1.2250 0.880615 
1.2350 0.807824 
1.2450 0.759974 
1.2550 0.711117 
1.2650 0.687645 
1.2750 0.665745 
1.2850 0.640068 
1.2950 0.637647 
1.3050 0.634284 
1.3150 0.634280 
1.3250 0.627000 
1.3350 0.631333 
1.3450 0.630717 
1.3550 0.640942 
1.3650 0.639578 
1.3750 0.650460 
1.3850 0.645903 
1.3950 0.660072 
1.4050 0.652354 
1.4150 0.647458 
1.4250 0.652394 
1.4350 0.675225 
1.4450 0.666373 
1.4550 0.680582 
1.4650 0.688480 
1.4750 0.669186 
1.4850 0.681136 
1.4950 0.680249 
1.5050 0.690152 
1.5150 0.706743 
1.5250 0.709121 
1.5350 0.712025 
1.5450 0.724065 
1.5550 0.723651 
1.5650 0.715059 
1.5750 0.723977 
1.5850 0.729067 
1.5950 0.725742 
1.6050 0.741716 
1.6150 0.741631 
1.6250 0.746120 
1.6350 0.760738 
1.6450 0.751247 
1.6550 0.764781 
1.6650 0.750457 
1.6750 0.763527 
1.6850 0.775684 
1.6950 0.773238 
1.7050 0.772522 
1.7150 0.772164 
1.7250 0.779484 
1.7350 0.772248 
1.7450 0.788930 
1.7550 0.780359 
1.7650 0.771160 
1.7750 0.772217 
1.7850 0.774841 
1.7950 0.773867 
1.8050 0.771295 
1.8150 0.780517 
1.8250 0.780745 
1.8350 0.771661 
1.8450 0.787444 
1.8550 0.800571 
1.8650 0.808611 
1.8750 0.806543 
1.8850 0.818499 
1.8950 0.830420 
1.9050 0.848540 
1.9150 0.847465 
1.9250 0.883815 
1.9350 0.895683 
1.9450 0.923242 
1.9550 0.941431 
1.9650 0.971435 
1.9750 1.002866 
1.9850 1.038328 
1.9950 1.068939 
2.0050 1.112285 
2.0150 1.136757 
2.0250 1.178456 
2.0350 1.223692 
2.0450 1.281273 
2.0550 1.329272 
2.0650 1.388848 
2.0750 1.433191 
2.0850 1.489938 
2.0950 1.524364 
2.1050 1.556474 
2.1150 1.568404 
2.1250 1.606883 
2.1350 1.611381 
2.1450 1.600859 
2.1550 1.595787 
2.1650 1.566882 
2.1750 1.541268 
2.1850 1.484559 
2.1950 1.425135 
2.2050 1.376597 
2.2150 1.292769 
2.2250 1.228436 
2.2350 1.165099 
2.2450 1.113897 
2.2550 1.062504 
2.2650 1.027373 
2.2750 0.986878 
2.2850 0.959977 
2.2950 0.932528 
2.3050 0.926600 
2.3150 0.927369 
2.3250 0.910303 
2.3350 0.908974 
2.3450 0.902701 
2.3550 0.909909 
2.3650 0.902853 
2.3750 0.895785 
2.3850 0.887844 
2.3950 0.896421 
2.4050 0.893306 
2.4150 0.886146 
2.4250 0.877000 
2.4350 0.881971 
2.4450 0.874491 
2.4550 0.875706 
2.4650 0.893834 
2.4750 0.888952 
2.4850 0.889235 
2.4950 0.901232 
2.5050 0.888838 
2.5150 0.894351 
2.5250 0.895793 
2.5350 0.906193 
2.5450 0.905763 
2.5550 0.901456 
2.5650 0.889950 
2.5750 0.900244 
2.5850 0.898422 
2.5950 0.899842 
2.6050 0.892784 
2.6150 0.898988 
2.6250 0.881468 
2.6350 0.902203 
2.6450 0.893918 
2.6550 0.893390 
2.6650 0.899893 
2.6750 0.900850 
2.6850 0.900239 
2.6950 0.892020 
2.7050 0.905037 
2.7150 0.897364 
2.7250 0.896555 
2.7350 0.906975 
2.7450 0.896357 
2.7550 0.901489 
2.7650 0.906181 
2.7750 0.904986 
2.7850 0.906777 
2.7950 0.910238 
2.8050 0.911510 
2.8150 0.922583 
2.8250 0.914420 
2.8350 0.915332 
2.8450 0.929702 
2.8550 0.914532 
2.8650 0.921432 
2.8750 0.931794 
2.8850 0.944634 
2.8950 0.931216 
2.9050 0.920010 
2.9150 0.939240 
2.9250 0.948167 
2.9350 0.954934 
2.9450 0.958114 
2.9550 0.967580 
2.9650 0.973435 
2.9750 0.991410 
2.9850 0.987922 
2.9950 0.990054 
3.0050 1.010980 
3.0150 1.021275 
3.0250 1.045832 
3.0350 1.068990 
3.0450 1.089748 
3.0550 1.108748 
3.0650 1.149078 
3.0750 1.158529 
3.0850 1.200766 
3.0950 1.228832 
3.1050 1.242205 
3.1150 1.273637 
3.1250 1.299259 
3.1350 1.308896 
3.1450 1.291553 
3.1550 1.297928 
3.1650 1.280243 
3.1750 1.253000 
3.1850 1.221496 
3.1950 1.207883 
3.2050 1.171353 
3.2150 1.139147 
3.2250 1.090593 
3.2350 1.063541 
3.2450 1.048461 
3.2550 1.022308 
3.2650 1.008941 
3.2750 0.992521 
3.2850 0.982683 
3.2950 0.986712 
3.3050 0.974908 
3.3150 0.973597 
3.3250 0.972036 
3.3350 0.968921 
3.3450 0.967997 
3.3550 0.956169 
3.3650 0.958491 
3.3750 0.955706 
3.3850 0.957737 
3.3950 0.939151 
3.4050 0.948654 
3.4150 0.951040 
3.4250 0.949166 
3.4350 0.945809 
3.4450 0.937457 
3.4550 0.949848 
3.4650 0.955256 
3.4750 0.960461 
3.4850 0.952924 
3.4950 0.951791 
3.5050 0.950470 
3.5150 0.954170 
3.5250 0.961488 
3.5350 0.954707 
3.5450 0.948085 
3.5550 0.947106 
3.5650 0.938935 
3.5750 0.949686 
3.5850 0.942555 
3.5950 0.940770 
3.6050 0.951499 
3.6150 0.949580 
3.6250 0.953122 
3.6350 0.954316 
3.6450 0.952898 
3.6550 0.945988 
3.6650 0.954217 
3.6750 0.952834 
3.6850 0.952781 
3.6950 0.954257 
3.7050 0.956741 
3.7150 0.954492 
3.7250 0.953954 
3.7350 0.952937 
3.7450 0.955559 
3.7550 0.963018 
3.7650 0.953034 
3.7750 0.958058 
3.7850 0.952005 
3.7950 0.956892 
3.8050 0.961755 
3.8150 0.957667 
3.8250 0.949554 
3.8350 0.960531 
3.8450 0.954810 
3.8550 0.964874 
3.8650 0.953771 
3.8750 0.961071 
3.8850 0.969279 
3.8950 0.979378 
3.9050 0.978822 
3.9150 0.982378 
3.9250 0.989621 
3.9350 0.987283 
3.9450 0.995755 
3.9550 0.996355 
3.9650 1.000577 
3.9750 1.009684 
3.9850 1.016384 
3.9950 1.014550 
4.0050 1.025070 
4.0150 1.041441 
4.0250 1.042193 
4.0350 1.040907 
4.0450 1.042990 
4.0550 1.056475 
4.0650 1.057246 
4.0750 1.072205 
4.0850 1.090296 
4.0950 1.088932 
4.1050 1.079238 
4.1150 1.090007 
4.1250 1.094025 
4.1350 1.099492 
4.1450 1.092756 
4.1550 1.089759 
4.1650 1.086776 
4.1750 1.076267 
4.1850 1.075374 
4.1950 1.049402 
4.2050 1.053033 
4.2150 1.036391 
4.2250 1.037302 
4.2350 1.028917 
4.2450 1.011139 
4.2550 1.009891 
4.2650 1.005360 
4.2750 0.998228 
4.2850 0.999814 
4.2950 0.995099 
4.3050 0.982277 
4.3150 0.979746 
4.3250 0.981281 
4.3350 0.985336 
4.3450 0.977970 
4.3550 0.983841 
4.3650 0.986391 
4.3750 0.989908 
4.3850 0.979849 
4.3950 0.968668 
4.4050 0.971443 
4.4150 0.974535 
4.4250 0.982467 
4.4350 0.988183 
4.4450 0.987175 
4.4550 0.986268 
4.4650 0.981168 
4.4750 0.977792 
4.4850 0.979601 
4.4950 0.977386 