
0.0050 0.000000 
0.0150 0.000000 
0.0250 0.000000 
0.0350 0.000000 
0.0450 0.000000 
0.0550 0.000000 
0.0650 0.000000 
0.0750 0.000000 
0.0850 0.000000 
0.0950 0.000000 
0.1050 0.000000 
0.1150 0.000000 
0.1250 0.000000 
0.1350 0.000000 
0.1450 0.000000 
0.1550 0.000000 
0.1650 0.000000 
0.1750 0.000000 
0.1850 0.000000 
0.1950 0.000000 
0.2050 0.000000 
0.2150 0.000000 
0.2250 0.000000 
0.2350 0.000000 
0.2450 0.000000 
0.2550 0.000000 
0.2650 0.000000 
0.2750 0.000000 
0.2850 0.000000 
0.2950 0.000000 
0.3050 0.000000 
0.3150 0.000000 
0.3250 0.000000 
0.3350 0.000000 
0.3450 0.000000 
0.3550 0.000000 
0.3650 0.000000 
0.3750 0.000000 
0.3850 0.000000 
0.3950 0.000000 
0.4050 0.000000 
0.4150 0.000000 
0.4250 0.000000 
0.4350 0.000000 
0.4450 0.000000 
0.4550 0.000000 
0.4650 0.000000 
0.4750 0.000000 
0.4850 0.000000 
0.4950 0.000000 
0.5050 0.000000 
0.5150 0.000000 
0.5250 0.000000 
0.5350 0.000000 
0.5450 0.000000 
0.5550 0.000000 
0.5650 0.000000 
0.5750 0.000000 
0.5850 0.000000 
0.5950 0.000000 
0.6050 0.000000 
0.6150 0.000000 
0.6250 0.000000 
0.6350 0.000000 
0.6450 0.000000 
0.6550 0.001817 
0.6650 0.011250 
0.6750 0.018012 
0.6850 0.027682 
0.6950 0.034016 
0.7050 0.045842 
0.7150 0.063407 
0.7250 0.071103 
0.7350 0.075119 
0.7450 0.089763 
0.7550 0.103121 
0.7650 0.111014 
0.7750 0.118376 
0.7850 0.137802 
0.7950 0.143039 
0.8050 0.168555 
0.8150 0.180705 
0.8250 0.193388 
0.8350 0.212601 
0.8450 0.226323 
0.8550 0.242416 
0.8650 0.271035 
0.8750 0.279635 
0.8850 0.292950 
0.8950 0.315295 
0.9050 0.332444 
0.9150 0.360670 
0.9250 0.389855 
0.9350 0.408761 
0.9450 0.415729 
0.9550 0.444856 
0.9650 0.472500 
0.9750 0.517234 
0.9850 0.631231 
0.9950 2.152953 
1.0050 9.460578 
1.0150 7.253143 
1.0250 4.314291 
1.0350 2.623180 
1.0450 1.777731 
1.0550 1.361870 
1.0650 1.150381 
1.0750 1.030285 
1.0850 0.972349 
1.0950 0.925822 
1.1050 0.890088 
1.1150 0.903171 
1.1250 0.887902 
1.1350 0.880038 
1.1450 0.891080 
1.1550 0.888863 
1.1650 0.886463 
1.1750 0.888242 
1.1850 0.892798 
1.1950 0.896992 
1.2050 0.902674 
1.2150 0.926448 
1.2250 0.909445 
1.2350 0.921590 
1.2450 0.930319 
1.2550 0.947204 
1.2650 0.941364 
1.2750 0.955021 
1.2850 0.948614 
1.2950 0.950871 
1.3050 0.951066 
1.3150 0.968064 
1.3250 0.946746 
1.3350 0.957770 
1.3450 0.966156 
1.3550 0.980843 
1.3650 0.966431 
1.3750 0.967870 
1.3850 0.958750 
1.3950 0.956490 
1.4050 0.946244 
1.4150 0.960692 
1.4250 0.940497 
1.4350 0.931765 
1.4450 0.935263 
1.4550 0.923518 
1.4650 0.941882 
1.4750 0.933377 
1.4850 0.925906 
1.4950 0.922816 
1.5050 0.916421 
1.5150 0.914450 
1.5250 0.907409 
1.5350 0.916200 
1.5450 0.915262 
1.5550 0.900116 
1.5650 0.903439 
1.5750 0.901354 
1.5850 0.907267 
1.5950 0.906949 
1.6050 0.899667 
1.6150 0.906380 
1.6250 0.898664 
1.6350 0.907756 
1.6450 0.910612 
1.6550 0.891298 
1.6650 0.910990 
1.6750 0.921373 
1.6850 0.897371 
1.6950 0.909727 
1.7050 0.907312 
1.7150 0.900393 
1.7250 0.912716 
1.7350 0.909291 
1.7450 0.926316 
1.7550 0.918327 
1.7650 0.901138 
1.7750 0.923215 
1.7850 0.911885 
1.7950 0.914575 
1.8050 0.908954 
1.8150 0.923302 
1.8250 0.924856 
1.8350 0.935517 
1.8450 0.929349 
1.8550 0.932365 
1.8650 0.938692 
1.8750 0.945636 
1.8850 0.948518 
1.8950 0.972378 
1.9050 0.967241 
1.9150 0.985357 
1.9250 0.971508 
1.9350 1.000806 
1.9450 1.031120 
1.9550 1.064534 
1.9650 1.086000 
1.9750 1.115381 
1.9850 1.198528 
1.9950 1.297459 
2.0050 1.475177 
2.0150 1.499719 
2.0250 1.400139 
2.0350 1.270255 
2.0450 1.166708 
2.0550 1.102709 
2.0650 1.059314 
2.0750 1.036062 
2.0850 1.021064 
2.0950 1.014285 
2.1050 0.996528 
2.1150 0.991100 
2.1250 0.992198 
2.1350 0.977115 
2.1450 0.979343 
2.1550 0.985674 
2.1650 0.986381 
2.1750 0.984528 
2.1850 0.981206 
2.1950 0.985194 
2.2050 0.978295 
2.2150 0.979213 
2.2250 0.990262 
2.2350 0.995324 
2.2450 0.987208 
2.2550 0.976397 
2.2650 0.984207 
2.2750 0.974481 
2.2850 0.976996 
2.2950 0.987346 
2.3050 0.987151 
2.3150 0.981677 
2.3250 0.979192 
2.3350 0.986025 
2.3450 0.998996 
2.3550 0.989645 
2.3650 0.989192 
2.3750 0.985792 
2.3850 0.987939 
2.3950 0.990210 
2.4050 0.979384 
2.4150 0.980398 
2.4250 0.992120 
2.4350 0.993179 
2.4450 0.984720 
2.4550 0.984408 
2.4650 0.981012 
2.4750 0.978438 
2.4850 0.979049 
2.4950 0.974242 
2.5050 0.977697 
2.5150 0.980751 
2.5250 0.960624 
2.5350 0.959709 
2.5450 0.985907 
2.5550 0.975933 
2.5650 0.986800 
2.5750 0.981315 
2.5850 0.982619 
2.5950 0.969352 
2.6050 0.975024 
2.6150 0.969864 
2.6250 0.985586 
2.6350 0.981334 
2.6450 0.978536 
2.6550 0.980943 
2.6650 0.976691 
2.6750 0.998679 
2.6850 0.980988 
2.6950 0.990012 
2.7050 0.988097 
2.7150 0.985945 
2.7250 0.988388 
2.7350 0.992877 
2.7450 0.996337 
2.7550 0.991610 
2.7650 0.992514 
2.7750 0.984784 
2.7850 0.994148 
2.7950 0.994054 
2.8050 0.987530 
2.8150 0.988493 
2.8250 0.991053 
2.8350 0.994530 
2.8450 0.993865 
2.8550 0.991200 
2.8650 1.000489 
2.8750 0.996450 
2.8850 1.001715 
2.8950 1.007624 
2.9050 1.005604 
2.9150 0.995706 
2.9250 1.007538 
2.9350 1.015269 
2.9450 1.008808 
2.9550 1.012779 
2.9650 1.021943 
2.9750 1.022767 
2.9850 1.032868 
2.9950 1.033850 
3.0050 1.037188 
3.0150 1.046119 
3.0250 1.042215 
3.0350 1.029066 
3.0450 1.016846 
3.0550 1.020464 
3.0650 1.020683 
3.0750 0.994955 
3.0850 1.004376 
3.0950 1.001633 
3.1050 0.998770 
3.1150 0.996777 
3.1250 1.000899 
3.1350 0.994274 
3.1450 1.001206 
3.1550 0.997089 
3.1650 0.993214 
3.1750 0.991464 
3.1850 0.994639 
3.1950 0.992495 
3.2050 0.998261 
3.2150 0.999577 
3.2250 0.987228 
3.2350 0.998588 
3.2450 0.991562 
3.2550 0.998110 
3.2650 0.985576 
3.2750 0.994453 
3.2850 0.992368 
3.2950 0.998367 
3.3050 0.988959 
3.3150 0.991707 
3.3250 0.998349 
3.3350 1.000002 
3.3450 0.992057 
3.3550 1.005648 
3.3650 0.993463 
3.3750 0.995668 
3.3850 0.997760 
3.3950 0.995656 
3.4050 1.002181 
3.4150 1.001579 
3.4250 0.997860 
3.4350 0.988262 
3.4450 0.992820 
3.4550 0.996635 
3.4650 0.993318 
3.4750 0.986206 
3.4850 0.999210 
3.4950 0.998802 
3.5050 0.993931 
3.5150 0.998821 
3.5250 0.999000 
3.5350 0.990758 
3.5450 0.997353 
3.5550 0.996909 
3.5650 0.994261 
3.5750 0.993972 
3.5850 1.001868 
3.5950 1.004367 
3.6050 1.002012 
3.6150 0.992051 
3.6250 1.006165 
3.6350 0.999048 
3.6450 1.006847 
3.6550 0.997075 
3.6650 0.999820 
3.6750 0.996707 
3.6850 0.995329 
3.6950 0.997223 
3.7050 0.995781 
3.7150 1.002130 
3.7250 0.997400 
3.7350 0.994138 
3.7450 0.993177 
3.7550 0.995274 
3.7650 0.996314 
3.7750 0.997327 
3.7850 0.998085 
3.7950 0.995977 
3.8050 1.005098 
3.8150 0.993655 
3.8250 1.007140 
3.8350 1.004785 
3.8450 0.993721 
3.8550 1.002995 
3.8650 0.998678 
3.8750 1.004205 
3.8850 1.004993 
3.8950 1.001406 
3.9050 0.998822 
3.9150 0.996777 
3.9250 1.000365 
3.9350 1.004456 
3.9450 1.000395 
3.9550 0.995815 
3.9650 1.008473 
3.9750 1.002733 
3.9850 1.004835 
3.9950 1.000331 
4.0050 0.996513 
4.0150 1.003963 
4.0250 1.002428 
4.0350 0.996512 
4.0450 1.005049 
4.0550 1.002236 
4.0650 1.004656 
4.0750 0.998667 
4.0850 0.995555 
4.0950 0.993962 
4.1050 0.990585 
4.1150 0.992172 
4.1250 0.993690 
4.1350 0.997496 
4.1450 1.002420 
4.1550 1.008163 
4.1650 0.994428 
4.1750 0.998831 
4.1850 0.999964 
4.1950 0.996400 
4.2050 0.998753 
4.2150 0.994560 
4.2250 1.003771 
4.2350 1.000555 
4.2450 1.006927 
4.2550 0.992218 
4.2650 0.997978 
4.2750 0.994906 
4.2850 1.004426 
4.2950 0.993864 
4.3050 1.002786 
4.3150 1.009248 
4.3250 0.999302 
4.3350 0.999130 
4.3450 0.998094 
4.3550 1.006590 
4.3650 1.002130 
4.3750 1.005474 
4.3850 1.003828 
4.3950 1.002734 
4.4050 1.004247 
4.4150 1.006878 
4.4250 0.998225 
4.4350 1.000799 
4.4450 1.001052 
4.4550 1.007796 
4.4650 0.998240 
4.4750 0.997924 
4.4850 1.000738 
4.4950 0.997124 