
0.0050 0.000000 
0.0150 0.000000 
0.0250 0.000000 
0.0350 0.000000 
0.0450 0.000000 
0.0550 0.000000 
0.0650 0.000000 
0.0750 0.000000 
0.0850 0.000000 
0.0950 0.000000 
0.1050 0.000000 
0.1150 0.000000 
0.1250 0.000000 
0.1350 0.000000 
0.1450 0.000000 
0.1550 0.000000 
0.1650 0.000000 
0.1750 0.000000 
0.1850 0.000000 
0.1950 0.000000 
0.2050 0.000000 
0.2150 0.000000 
0.2250 0.000000 
0.2350 0.000000 
0.2450 0.000000 
0.2550 0.000000 
0.2650 0.000000 
0.2750 0.000000 
0.2850 0.000000 
0.2950 0.000000 
0.3050 0.000000 
0.3150 0.000000 
0.3250 0.000000 
0.3350 0.000000 
0.3450 0.000000 
0.3550 0.000000 
0.3650 0.000000 
0.3750 0.000000 
0.3850 0.000000 
0.3950 0.000000 
0.4050 0.000000 
0.4150 0.000000 
0.4250 0.000000 
0.4350 0.000000 
0.4450 0.000000 
0.4550 0.000000 
0.4650 0.000000 
0.4750 0.000000 
0.4850 0.000000 
0.4950 0.000000 
0.5050 0.000000 
0.5150 0.000000 
0.5250 0.000000 
0.5350 0.000000 
0.5450 0.000000 
0.5550 0.001836 
0.5650 0.016830 
0.5750 0.029535 
0.5850 0.044568 
0.5950 0.060813 
0.6050 0.072173 
0.6150 0.085376 
0.6250 0.101287 
0.6350 0.115363 
0.6450 0.133881 
0.6550 0.153136 
0.6650 0.155580 
0.6750 0.178232 
0.6850 0.194393 
0.6950 0.206544 
0.7050 0.205444 
0.7150 0.227454 
0.7250 0.258364 
0.7350 0.265869 
0.7450 0.275686 
0.7550 0.294260 
0.7650 0.304232 
0.7750 0.315046 
0.7850 0.338814 
0.7950 0.352780 
0.8050 0.368410 
0.8150 0.376870 
0.8250 0.382751 
0.8350 0.401342 
0.8450 0.432795 
0.8550 0.451267 
0.8650 0.473450 
0.8750 0.465539 
0.8850 0.502749 
0.8950 0.526761 
0.9050 0.543091 
0.9150 0.560929 
0.9250 0.568988 
0.9350 0.578425 
0.9450 0.616245 
0.9550 0.639893 
0.9650 0.672679 
0.9750 0.699027 
0.9850 0.738252 
0.9950 0.827743 
1.0050 1.014766 
1.0150 1.058056 
1.0250 1.073313 
1.0350 1.067440 
1.0450 1.041041 
1.0550 1.030816 
1.0650 1.023744 
1.0750 1.030205 
1.0850 1.037256 
1.0950 1.036469 
1.1050 1.036854 
1.1150 1.036621 
1.1250 1.034420 
1.1350 1.035038 
1.1450 1.059703 
1.1550 1.062456 
1.1650 1.053375 
1.1750 1.074209 
1.1850 1.080657 
1.1950 1.073365 
1.2050 1.076032 
1.2150 1.073881 
1.2250 1.086390 
1.2350 1.085987 
1.2450 1.092853 
1.2550 1.094376 
1.2650 1.099585 
1.2750 1.094073 
1.2850 1.107967 
1.2950 1.104583 
1.3050 1.103278 
1.3150 1.122108 
1.3250 1.113543 
1.3350 1.122938 
1.3450 1.116524 
1.3550 1.133190 
1.3650 1.128858 
1.3750 1.135015 
1.3850 1.141207 
1.3950 1.141437 
1.4050 1.133646 
1.4150 1.149126 
1.4250 1.156244 
1.4350 1.158743 
1.4450 1.152405 
1.4550 1.133776 
1.4650 1.135270 
1.4750 1.108212 
1.4850 1.108650 
1.4950 1.101373 
1.5050 1.093171 
1.5150 1.100687 
1.5250 1.088678 
1.5350 1.070318 
1.5450 1.064297 
1.5550 1.060714 
1.5650 1.055268 
1.5750 1.057587 
1.5850 1.048997 
1.5950 1.054378 
1.6050 1.048255 
1.6150 1.032849 
1.6250 1.032923 
1.6350 1.027356 
1.6450 1.033848 
1.6550 1.031025 
1.6650 1.014953 
1.6750 1.010492 
1.6850 1.012976 
1.6950 1.010343 
1.7050 1.007790 
1.7150 0.986046 
1.7250 0.999407 
1.7350 0.997946 
1.7450 1.000270 
1.7550 0.989429 
1.7650 0.988387 
1.7750 0.992939 
1.7850 0.982512 
1.7950 0.985952 
1.8050 0.987886 
1.8150 0.973422 
1.8250 0.969975 
1.8350 0.982346 
1.8450 0.979722 
1.8550 0.977678 
1.8650 0.975061 
1.8750 0.966822 
1.8850 0.979018 
1.8950 0.975037 
1.9050 0.970202 
1.9150 0.951007 
1.9250 0.977056 
1.9350 0.958818 
1.9450 0.965673 
1.9550 0.957032 
1.9650 0.964565 
1.9750 0.982880 
1.9850 0.971614 
1.9950 0.969968 
2.0050 0.954915 
2.0150 0.965452 
2.0250 0.971118 
2.0350 0.975931 
2.0450 0.964276 
2.0550 0.970489 
2.0650 0.965428 
2.0750 0.966058 
2.0850 0.968525 
2.0950 0.965504 
2.1050 0.974405 
2.1150 0.966495 
2.1250 0.970081 
2.1350 0.977635 
2.1450 0.974244 
2.1550 0.977703 
2.1650 0.982079 
2.1750 0.982132 
2.1850 0.988872 
2.1950 0.976513 
2.2050 0.983799 
2.2150 0.986196 
2.2250 0.983656 
2.2350 0.993106 
2.2450 0.991433 
2.2550 0.981248 
2.2650 0.989075 
2.2750 0.988494 
2.2850 0.989712 
2.2950 1.006636 
2.3050 0.994900 
2.3150 1.003422 
2.3250 0.997462 
2.3350 1.003045 
2.3450 1.007998 
2.3550 1.003183 
2.3650 0.996275 
2.3750 1.001771 
2.3850 0.994031 
2.3950 0.990460 
2.4050 1.013361 
2.4150 1.005882 
2.4250 1.017216 
2.4350 1.000305 
2.4450 1.009542 
2.4550 1.016754 
2.4650 1.006881 
2.4750 1.007173 
2.4850 1.005811 
2.4950 1.005248 
2.5050 1.008648 
2.5150 1.010560 
2.5250 1.004974 
2.5350 1.015484 
2.5450 1.014290 
2.5550 1.002197 
2.5650 1.008896 
2.5750 1.017170 
2.5850 1.005537 
2.5950 1.010597 
2.6050 1.003672 
2.6150 0.995102 
2.6250 1.015353 
2.6350 1.005212 
2.6450 1.004102 
2.6550 1.013851 
2.6650 0.998474 
2.6750 1.011591 
2.6850 1.003627 
2.6950 1.007111 
2.7050 1.017301 
2.7150 1.013246 
2.7250 1.024688 
2.7350 1.003005 
2.7450 1.008048 
2.7550 1.006351 
2.7650 0.997214 
2.7750 0.994828 
2.7850 0.999643 
2.7950 1.006290 
2.8050 0.999631 
2.8150 0.992016 
2.8250 0.995593 
2.8350 1.009670 
2.8450 0.997803 
2.8550 0.999195 
2.8650 1.007293 
2.8750 1.001417 
2.8850 0.991609 
2.8950 0.989667 
2.9050 1.006192 
2.9150 0.988901 
2.9250 0.994501 
2.9350 1.002830 
2.9450 0.999517 
2.9550 0.999815 
2.9650 1.003687 
2.9750 1.003337 
2.9850 1.005367 
2.9950 0.999960 
3.0050 1.007195 
3.0150 1.001535 
3.0250 0.997070 
3.0350 1.005455 
3.0450 1.008561 
3.0550 1.005545 
3.0650 0.995769 
3.0750 0.998515 
3.0850 0.993121 
3.0950 1.002876 
3.1050 0.996539 
3.1150 1.000895 
3.1250 0.995043 
3.1350 0.989283 
3.1450 1.002592 
3.1550 0.997712 
3.1650 1.000077 
3.1750 0.993161 
3.1850 1.003204 
3.1950 1.001247 
3.2050 0.993351 
3.2150 0.995667 
3.2250 0.995289 
3.2350 1.005752 
3.2450 1.005793 
3.2550 1.006308 
3.2650 1.002602 
3.2750 1.001321 
3.2850 0.995179 
3.2950 0.990451 
3.3050 0.999465 
3.3150 0.995061 
3.3250 0.998915 
3.3350 0.994155 
3.3450 0.995048 
3.3550 1.004960 
3.3650 0.997276 
3.3750 0.995136 
3.3850 0.997355 
3.3950 1.010444 
3.4050 1.004391 
3.4150 0.997497 
3.4250 0.996087 
3.4350 0.994461 
3.4450 0.997165 
3.4550 1.006809 
3.4650 0.999218 
3.4750 0.993417 
3.4850 1.003161 
3.4950 1.003452 
3.5050 1.002399 
3.5150 0.992397 
3.5250 1.005139 
3.5350 1.003751 
3.5450 0.987702 
3.5550 1.008121 
3.5650 1.004026 
3.5750 0.998230 
3.5850 0.995259 
3.5950 0.995373 
3.6050 1.003056 
3.6150 0.999669 
3.6250 1.007463 
3.6350 1.001918 
3.6450 1.003162 
3.6550 1.002528 
3.6650 1.000076 
3.6750 1.007088 
3.6850 1.002781 
3.6950 1.000741 
3.7050 0.996336 
3.7150 1.001279 
3.7250 1.006562 
3.7350 1.001558 
3.7450 1.005397 
3.7550 1.001652 
3.7650 1.007083 
3.7750 0.994653 
3.7850 0.999667 
3.7950 1.002468 
3.8050 1.000085 
3.8150 1.010112 
3.8250 1.001974 
3.8350 0.997246 
3.8450 0.997281 
3.8550 1.010274 
3.8650 1.003193 
3.8750 1.001226 
3.8850 1.001206 
3.8950 0.996947 
3.9050 1.002371 
3.9150 0.986900 
3.9250 1.000583 
3.9350 1.002630 
3.9450 0.998075 
3.9550 1.007624 
3.9650 0.996715 
3.9750 1.002388 
3.9850 0.996120 
3.9950 0.996049 
4.0050 1.000849 
4.0150 1.002940 
4.0250 0.993990 
4.0350 0.999014 
4.0450 1.004562 
4.0550 1.009387 
4.0650 1.000068 
4.0750 0.997281 
4.0850 1.010884 
4.0950 0.999582 
4.1050 1.007820 
4.1150 1.001964 
4.1250 0.996552 
4.1350 0.996399 
4.1450 1.001016 
4.1550 1.004231 
4.1650 1.003897 
4.1750 0.998278 
4.1850 0.999575 
4.1950 1.001172 
4.2050 1.001479 
4.2150 0.995656 
4.2250 1.004681 
4.2350 1.007908 
4.2450 1.007330 
4.2550 1.005367 
4.2650 1.007245 
4.2750 1.004352 
4.2850 0.994423 
4.2950 1.002907 
4.3050 1.006164 
4.3150 1.002586 
4.3250 1.001280 
4.3350 1.010794 
4.3450 1.001244 
4.3550 0.996689 
4.3650 1.004090 
4.3750 1.009092 
4.3850 1.002911 
4.3950 0.994110 
4.4050 1.011803 
4.4150 1.000425 
4.4250 0.993488 
4.4350 0.996960 
4.4450 1.001110 
4.4550 1.000441 
4.4650 1.000042 
4.4750 0.995210 
4.4850 0.996751 
4.4950 1.004129 