
0.0050 0.000000 
0.0150 0.000000 
0.0250 0.000000 
0.0350 0.000000 
0.0450 0.000000 
0.0550 0.000000 
0.0650 0.000000 
0.0750 0.000000 
0.0850 0.000000 
0.0950 0.000000 
0.1050 0.000000 
0.1150 0.000000 
0.1250 0.000000 
0.1350 0.000000 
0.1450 0.000000 
0.1550 0.000000 
0.1650 0.000000 
0.1750 0.014751 
0.1850 0.025696 
0.1950 0.040257 
0.2050 0.055062 
0.2150 0.076308 
0.2250 0.072990 
0.2350 0.092433 
0.2450 0.112033 
0.2550 0.124196 
0.2650 0.112617 
0.2750 0.133067 
0.2850 0.146495 
0.2950 0.152747 
0.3050 0.160529 
0.3150 0.171304 
0.3250 0.180648 
0.3350 0.188687 
0.3450 0.204587 
0.3550 0.199855 
0.3650 0.221307 
0.3750 0.224724 
0.3850 0.229723 
0.3950 0.257170 
0.4050 0.254868 
0.4150 0.247780 
0.4250 0.262534 
0.4350 0.271362 
0.4450 0.275800 
0.4550 0.294941 
0.4650 0.307619 
0.4750 0.310132 
0.4850 0.304852 
0.4950 0.320681 
0.5050 0.317921 
0.5150 0.321525 
0.5250 0.338892 
0.5350 0.340388 
0.5450 0.359116 
0.5550 0.351786 
0.5650 0.362895 
0.5750 0.368009 
0.5850 0.381660 
0.5950 0.390003 
0.6050 0.383329 
0.6150 0.403256 
0.6250 0.403381 
0.6350 0.415815 
0.6450 0.417060 
0.6550 0.425146 
0.6650 0.435420 
0.6750 0.440983 
0.6850 0.457681 
0.6950 0.451754 
0.7050 0.459385 
0.7150 0.466923 
0.7250 0.480708 
0.7350 0.478263 
0.7450 0.500323 
0.7550 0.499375 
0.7650 0.496894 
0.7750 0.513473 
0.7850 0.524213 
0.7950 0.534041 
0.8050 0.546693 
0.8150 0.553083 
0.8250 0.548586 
0.8350 0.569995 
0.8450 0.587775 
0.8550 0.588809 
0.8650 0.591590 
0.8750 0.611050 
0.8850 0.609382 
0.8950 0.626022 
0.9050 0.641544 
0.9150 0.659243 
0.9250 0.672508 
0.9350 0.673463 
0.9450 0.679537 
0.9550 0.701991 
0.9650 0.715240 
0.9750 0.722712 
0.9850 0.739377 
0.9950 0.759049 
1.0050 0.779689 
1.0150 0.793458 
1.0250 0.838476 
1.0350 0.818225 
1.0450 0.830418 
1.0550 0.836967 
1.0650 0.858363 
1.0750 0.865325 
1.0850 0.869487 
1.0950 0.887434 
1.1050 0.899810 
1.1150 0.898048 
1.1250 0.899424 
1.1350 0.902504 
1.1450 0.892942 
1.1550 0.910793 
1.1650 0.921090 
1.1750 0.919164 
1.1850 0.935768 
1.1950 0.913052 
1.2050 0.928724 
1.2150 0.936697 
1.2250 0.934722 
1.2350 0.935819 
1.2450 0.936212 
1.2550 0.938639 
1.2650 0.937385 
1.2750 0.948063 
1.2850 0.950540 
1.2950 0.951200 
1.3050 0.944789 
1.3150 0.949766 
1.3250 0.943333 
1.3350 0.948246 
1.3450 0.962730 
1.3550 0.946330 
1.3650 0.949739 
1.3750 0.973642 
1.3850 0.965836 
1.3950 0.972397 
1.4050 0.962098 
1.4150 0.970885 
1.4250 0.970505 
1.4350 0.958472 
1.4450 0.961490 
1.4550 0.960008 
1.4650 0.971948 
1.4750 0.969374 
1.4850 0.983505 
1.4950 0.971010 
1.5050 0.976945 
1.5150 0.982069 
1.5250 0.982985 
1.5350 0.976935 
1.5450 0.977761 
1.5550 0.986208 
1.5650 0.988600 
1.5750 0.986572 
1.5850 0.991626 
1.5950 0.996831 
1.6050 0.999470 
1.6150 1.002289 
1.6250 1.005441 
1.6350 0.992834 
1.6450 1.002961 
1.6550 1.003885 
1.6650 1.002797 
1.6750 1.004374 
1.6850 1.002840 
1.6950 1.008479 
1.7050 1.022266 
1.7150 0.995656 
1.7250 1.011686 
1.7350 1.021722 
1.7450 1.031448 
1.7550 1.016341 
1.7650 1.022551 
1.7750 1.018779 
1.7850 1.030793 
1.7950 1.028159 
1.8050 1.028725 
1.8150 1.045051 
1.8250 1.033443 
1.8350 1.036577 
1.8450 1.048197 
1.8550 1.028839 
1.8650 1.030757 
1.8750 1.023452 
1.8850 1.025243 
1.8950 1.027465 
1.9050 1.034866 
1.9150 1.022428 
1.9250 1.024098 
1.9350 1.002881 
1.9450 1.013682 
1.9550 1.002655 
1.9650 1.007000 
1.9750 1.000530 
1.9850 1.006951 
1.9950 1.008254 
2.0050 1.014233 
2.0150 0.992971 
2.0250 1.009683 
2.0350 1.005699 
2.0450 0.997325 
2.0550 1.002297 
2.0650 0.995427 
2.0750 1.004519 
2.0850 0.999671 
2.0950 0.991770 
2.1050 0.993849 
2.1150 1.008474 
2.1250 1.000361 
2.1350 0.998208 
2.1450 0.989820 
2.1550 0.995627 
2.1650 1.001381 
2.1750 1.006216 
2.1850 1.000096 
2.1950 0.991229 
2.2050 0.991705 
2.2150 0.998504 
2.2250 0.982542 
2.2350 1.000409 
2.2450 0.988844 
2.2550 0.991026 
2.2650 0.992886 
2.2750 0.992889 
2.2850 1.000522 
2.2950 0.999188 
2.3050 0.994010 
2.3150 0.990095 
2.3250 0.994594 
2.3350 0.994663 
2.3450 0.994622 
2.3550 0.998755 
2.3650 0.984386 
2.3750 1.008572 
2.3850 0.996253 
2.3950 0.989318 
2.4050 0.993245 
2.4150 1.007510 
2.4250 0.995750 
2.4350 0.997497 
2.4450 0.990034 
2.4550 0.997221 
2.4650 1.005598 
2.4750 0.988833 
2.4850 0.990332 
2.4950 0.996717 
2.5050 0.992780 
2.5150 0.999547 
2.5250 0.992854 
2.5350 1.001759 
2.5450 1.002567 
2.5550 0.995104 
2.5650 0.994165 
2.5750 0.996785 
2.5850 0.989431 
2.5950 0.990007 
2.6050 1.003870 
2.6150 0.997553 
2.6250 0.996920 
2.6350 1.002033 
2.6450 1.002454 
2.6550 0.999039 
2.6650 0.999211 
2.6750 0.999637 
2.6850 1.002290 
2.6950 0.992074 
2.7050 1.003774 
2.7150 1.012144 
2.7250 0.999589 
2.7350 0.999848 
2.7450 1.008390 
2.7550 0.991579 
2.7650 0.998203 
2.7750 0.992179 
2.7850 1.001363 
2.7950 1.006657 
2.8050 0.995851 
2.8150 1.000338 
2.8250 0.985696 
2.8350 1.010937 
2.8450 1.001108 
2.8550 1.001531 
2.8650 1.003563 
2.8750 1.007157 
2.8850 0.994958 
2.8950 1.006768 
2.9050 0.983263 
2.9150 0.995149 
2.9250 1.000259 
2.9350 1.001722 
2.9450 1.003321 
2.9550 0.994231 
2.9650 0.998555 
2.9750 1.003395 
2.9850 1.002904 
2.9950 0.993679 
3.0050 0.998858 
3.0150 1.004201 
3.0250 0.999728 
3.0350 0.999454 
3.0450 0.996036 
3.0550 0.999975 
3.0650 1.008603 
3.0750 1.006051 
3.0850 0.992761 
3.0950 1.006606 
3.1050 1.012596 
3.1150 1.001142 
3.1250 1.003006 
3.1350 1.004449 
3.1450 1.005067 
3.1550 1.000287 
3.1650 1.009264 
3.1750 1.002319 
3.1850 0.995579 
3.1950 0.997018 
3.2050 1.001570 
3.2150 1.006892 
3.2250 0.997490 
3.2350 0.998112 
3.2450 1.006110 
3.2550 0.998452 
3.2650 1.006138 
3.2750 1.006282 
3.2850 1.003250 
3.2950 0.992294 
3.3050 1.003657 
3.3150 0.998519 
3.3250 1.000047 
3.3350 1.005131 
3.3450 0.999727 
3.3550 1.001697 
3.3650 0.992624 
3.3750 1.003195 
3.3850 0.997456 
3.3950 1.001904 
3.4050 1.005797 
3.4150 1.009168 
3.4250 1.009297 
3.4350 0.999441 
3.4450 0.998779 
3.4550 0.996610 
3.4650 1.000699 
3.4750 0.996814 
3.4850 0.993320 
3.4950 1.001837 
3.5050 0.992052 
3.5150 0.992032 
3.5250 1.000893 
3.5350 1.003171 
3.5450 0.999090 
3.5550 1.004777 
3.5650 1.004266 
3.5750 0.996244 
3.5850 0.999768 
3.5950 0.994041 
3.6050 1.000470 
3.6150 1.003692 
3.6250 1.002979 
3.6350 0.995259 
3.6450 1.003632 
3.6550 1.005898 
3.6650 0.994312 
3.6750 1.006017 
3.6850 0.991012 
3.6950 1.005811 
3.7050 0.993611 
3.7150 0.998677 
3.7250 0.994782 
3.7350 1.004306 
3.7450 1.003318 
3.7550 0.996868 
3.7650 0.999904 
3.7750 0.995718 
3.7850 1.002560 
3.7950 0.992280 
3.8050 1.001006 
3.8150 0.996211 
3.8250 0.993274 
3.8350 0.993922 
3.8450 1.004021 
3.8550 1.010540 
3.8650 1.004853 
3.8750 1.001733 
3.8850 0.999356 
3.8950 0.996530 
3.9050 1.001670 
3.9150 1.005080 
3.9250 0.996268 
3.9350 1.001522 
3.9450 1.000851 
3.9550 1.003039 
3.9650 0.999174 
3.9750 1.001355 
3.9850 0.997537 
3.9950 0.996905 
4.0050 1.002515 
4.0150 1.003046 
4.0250 0.997497 
4.0350 1.002660 
4.0450 1.003843 
4.0550 1.008417 
4.0650 0.995438 
4.0750 1.012627 
4.0850 0.997481 
4.0950 1.004972 
4.1050 1.002568 
4.1150 1.000696 
4.1250 1.000886 
4.1350 0.998944 
4.1450 1.006733 
4.1550 1.000792 
4.1650 1.008354 
4.1750 1.009241 
4.1850 1.005544 
4.1950 0.998888 
4.2050 0.999628 
4.2150 1.006920 
4.2250 1.008023 
4.2350 1.002676 
4.2450 1.001264 
4.2550 1.007318 
4.2650 0.995029 
4.2750 0.998428 
4.2850 1.004466 
4.2950 0.999640 
4.3050 1.002568 
4.3150 0.996618 
4.3250 1.001240 
4.3350 1.002821 
4.3450 1.005242 
4.3550 0.995687 
4.3650 0.999210 
4.3750 0.991883 
4.3850 1.004784 
4.3950 0.998704 
4.4050 0.996032 
4.4150 0.998293 
4.4250 1.000816 
4.4350 1.003597 
4.4450 1.001591 
4.4550 1.004128 
4.4650 1.000789 
4.4750 1.001786 
4.4850 0.999116 
4.4950 0.992994 