
0.0050 0.000000 
0.0150 0.000000 
0.0250 0.000000 
0.0350 0.000000 
0.0450 0.000000 
0.0550 0.000000 
0.0650 0.000000 
0.0750 0.000000 
0.0850 0.000000 
0.0950 0.000000 
0.1050 0.000000 
0.1150 0.000000 
0.1250 0.000000 
0.1350 0.000000 
0.1450 0.000000 
0.1550 0.000000 
0.1650 0.000000 
0.1750 0.000000 
0.1850 0.000000 
0.1950 0.000000 
0.2050 0.000000 
0.2150 0.000000 
0.2250 0.000000 
0.2350 0.000000 
0.2450 0.000000 
0.2550 0.000000 
0.2650 0.000000 
0.2750 0.000000 
0.2850 0.000000 
0.2950 0.000000 
0.3050 0.000000 
0.3150 0.000000 
0.3250 0.000000 
0.3350 0.000000 
0.3450 0.000000 
0.3550 0.000000 
0.3650 0.000000 
0.3750 0.000000 
0.3850 0.000000 
0.3950 0.000000 
0.4050 0.000000 
0.4150 0.000000 
0.4250 0.000000 
0.4350 0.000000 
0.4450 0.000000 
0.4550 0.000000 
0.4650 0.000000 
0.4750 0.000000 
0.4850 0.000000 
0.4950 0.000000 
0.5050 0.000000 
0.5150 0.000000 
0.5250 0.000000 
0.5350 0.000000 
0.5450 0.000000 
0.5550 0.000000 
0.5650 0.000000 
0.5750 0.000000 
0.5850 0.004936 
0.5950 0.017701 
0.6050 0.034963 
0.6150 0.056779 
0.6250 0.068114 
0.6350 0.083645 
0.6450 0.107790 
0.6550 0.122508 
0.6650 0.140112 
0.6750 0.147372 
0.6850 0.165222 
0.6950 0.173629 
0.7050 0.206048 
0.7150 0.207825 
0.7250 0.224691 
0.7350 0.244572 
0.7450 0.269862 
0.7550 0.278257 
0.7650 0.293442 
0.7750 0.298685 
0.7850 0.331116 
0.7950 0.334471 
0.8050 0.361113 
0.8150 0.363708 
0.8250 0.399263 
0.8350 0.410111 
0.8450 0.421106 
0.8550 0.444495 
0.8650 0.460060 
0.8750 0.493668 
0.8850 0.505251 
0.8950 0.523430 
0.9050 0.545821 
0.9150 0.589231 
0.9250 0.586579 
0.9350 0.618974 
0.9450 0.654203 
0.9550 0.675492 
0.9650 0.694136 
0.9750 0.729791 
0.9850 0.756681 
0.9950 0.801619 
1.0050 0.846430 
1.0150 0.881798 
1.0250 0.909992 
1.0350 0.959222 
1.0450 0.969256 
1.0550 0.987989 
1.0650 1.002371 
1.0750 1.017437 
1.0850 1.024447 
1.0950 1.054612 
1.1050 1.066022 
1.1150 1.071188 
1.1250 1.064209 
1.1350 1.079442 
1.1450 1.098135 
1.1550 1.111042 
1.1650 1.104620 
1.1750 1.104332 
1.1850 1.116717 
1.1950 1.109909 
1.2050 1.109089 
1.2150 1.112144 
1.2250 1.127754 
1.2350 1.140901 
1.2450 1.147053 
1.2550 1.135503 
1.2650 1.138702 
1.2750 1.130408 
1.2850 1.127288 
1.2950 1.147871 
1.3050 1.148393 
1.3150 1.138460 
1.3250 1.154050 
1.3350 1.147100 
1.3450 1.155352 
1.3550 1.163232 
1.3650 1.157992 
1.3750 1.165614 
1.3850 1.161111 
1.3950 1.155019 
1.4050 1.175864 
1.4150 1.170539 
1.4250 1.164570 
1.4350 1.146430 
1.4450 1.144490 
1.4550 1.125798 
1.4650 1.127812 
1.4750 1.131824 
1.4850 1.121411 
1.4950 1.096005 
1.5050 1.103325 
1.5150 1.090037 
1.5250 1.083024 
1.5350 1.079106 
1.5450 1.075404 
1.5550 1.069444 
1.5650 1.053140 
1.5750 1.063171 
1.5850 1.046249 
1.5950 1.041423 
1.6050 1.033519 
1.6150 1.031738 
1.6250 1.026302 
1.6350 1.022237 
1.6450 1.007789 
1.6550 1.001408 
1.6650 1.005310 
1.6750 0.990251 
1.6850 0.998734 
1.6950 1.004549 
1.7050 0.991461 
1.7150 0.981564 
1.7250 0.996288 
1.7350 0.997208 
1.7450 0.981280 
1.7550 0.982128 
1.7650 0.977306 
1.7750 0.976435 
1.7850 0.966338 
1.7950 0.981669 
1.8050 0.970236 
1.8150 0.986271 
1.8250 0.969742 
1.8350 0.960514 
1.8450 0.958610 
1.8550 0.960409 
1.8650 0.966953 
1.8750 0.957437 
1.8850 0.953639 
1.8950 0.957366 
1.9050 0.956165 
1.9150 0.962650 
1.9250 0.957085 
1.9350 0.956258 
1.9450 0.958294 
1.9550 0.967432 
1.9650 0.966739 
1.9750 0.962635 
1.9850 0.962317 
1.9950 0.966585 
2.0050 0.968082 
2.0150 0.967785 
2.0250 0.965549 
2.0350 0.966988 
2.0450 0.967243 
2.0550 0.970863 
2.0650 0.973621 
2.0750 0.971081 
2.0850 0.969919 
2.0950 0.986917 
2.1050 0.974730 
2.1150 0.984192 
2.1250 0.964854 
2.1350 0.975034 
2.1450 0.973965 
2.1550 0.986625 
2.1650 0.982237 
2.1750 0.977809 
2.1850 0.993683 
2.1950 0.977486 
2.2050 0.982054 
2.2150 0.976396 
2.2250 0.991952 
2.2350 0.990009 
2.2450 1.000265 
2.2550 0.994096 
2.2650 1.004357 
2.2750 0.983723 
2.2850 0.996108 
2.2950 0.992411 
2.3050 1.002687 
2.3150 0.991535 
2.3250 0.995146 
2.3350 1.012965 
2.3450 0.995643 
2.3550 0.999553 
2.3650 0.997215 
2.3750 0.995941 
2.3850 1.015856 
2.3950 0.995885 
2.4050 1.005364 
2.4150 1.015792 
2.4250 1.007453 
2.4350 1.007677 
2.4450 1.016394 
2.4550 1.020340 
2.4650 1.020475 
2.4750 0.996777 
2.4850 1.012863 
2.4950 1.001788 
2.5050 1.012436 
2.5150 1.009642 
2.5250 1.011068 
2.5350 1.013730 
2.5450 1.018186 
2.5550 1.004539 
2.5650 1.020460 
2.5750 1.012621 
2.5850 1.007422 
2.5950 1.015835 
2.6050 1.011384 
2.6150 1.002327 
2.6250 1.004671 
2.6350 1.014005 
2.6450 1.006720 
2.6550 0.995690 
2.6650 1.013069 
2.6750 1.010855 
2.6850 1.000666 
2.6950 0.999720 
2.7050 0.998464 
2.7150 1.002760 
2.7250 0.996452 
2.7350 1.019698 
2.7450 1.008827 
2.7550 0.992417 
2.7650 1.004048 
2.7750 0.999604 
2.7850 1.009437 
2.7950 1.001518 
2.8050 1.000698 
2.8150 1.011516 
2.8250 0.996501 
2.8350 1.000110 
2.8450 1.000628 
2.8550 1.003747 
2.8650 0.997744 
2.8750 1.000138 
2.8850 1.005835 
2.8950 1.000920 
2.9050 0.991063 
2.9150 0.998082 
2.9250 0.999967 
2.9350 1.001053 
2.9450 1.003843 
2.9550 0.992755 
2.9650 0.997372 
2.9750 0.996986 
2.9850 0.992391 
2.9950 0.998162 
3.0050 1.008988 
3.0150 1.004229 
3.0250 0.996420 
3.0350 1.004835 
3.0450 0.996261 
3.0550 1.016378 
3.0650 0.999647 
3.0750 1.005885 
3.0850 0.994258 
3.0950 1.009701 
3.1050 1.001717 
3.1150 0.995871 
3.1250 0.995344 
3.1350 0.992910 
3.1450 0.997046 
3.1550 0.991912 
3.1650 1.002130 
3.1750 0.998306 
3.1850 1.005057 
3.1950 0.984599 
3.2050 1.001756 
3.2150 1.001519 
3.2250 1.004862 
3.2350 1.004668 
3.2450 1.001103 
3.2550 0.997716 
3.2650 0.993041 
3.2750 0.997743 
3.2850 0.994945 
3.2950 0.997770 
3.3050 1.009479 
3.3150 1.004427 
3.3250 1.007557 
3.3350 1.001951 
3.3450 0.995304 
3.3550 0.998434 
3.3650 1.004443 
3.3750 1.000433 
3.3850 1.001575 
3.3950 1.002684 
3.4050 0.998287 
3.4150 1.004209 
3.4250 0.995488 
3.4350 0.998121 
3.4450 0.995030 
3.4550 0.991287 
3.4650 0.989615 
3.4750 1.005084 
3.4850 1.006671 
3.4950 0.992782 
3.5050 1.003009 
3.5150 1.001108 
3.5250 1.002712 
3.5350 0.995743 
3.5450 1.001262 
3.5550 1.004704 
3.5650 0.990590 
3.5750 1.007394 
3.5850 1.004134 
3.5950 1.000798 
3.6050 0.995440 
3.6150 1.014221 
3.6250 0.993919 
3.6350 0.998318 
3.6450 1.011024 
3.6550 1.010602 
3.6650 0.998209 
3.6750 0.998685 
3.6850 1.003012 
3.6950 0.997361 
3.7050 1.004555 
3.7150 1.001624 
3.7250 1.004358 
3.7350 1.001695 
3.7450 0.998750 
3.7550 0.994977 
3.7650 1.006152 
3.7750 1.003875 
3.7850 1.000187 
3.7950 0.996833 
3.8050 1.000107 
3.8150 0.999664 
3.8250 0.997456 
3.8350 1.004116 
3.8450 0.998393 
3.8550 0.998691 
3.8650 0.987590 
3.8750 1.007031 
3.8850 1.004222 
3.8950 0.998682 
3.9050 1.003423 
3.9150 1.004425 
3.9250 1.003242 
3.9350 0.993043 
3.9450 1.005860 
3.9550 0.993976 
3.9650 0.996887 
3.9750 1.004411 
3.9850 0.999704 
3.9950 1.004679 
4.0050 1.000870 
4.0150 0.999062 
4.0250 0.999027 
4.0350 1.003127 
4.0450 1.002215 
4.0550 1.006054 
4.0650 1.003098 
4.0750 1.001879 
4.0850 1.001460 
4.0950 1.000376 
4.1050 1.000317 
4.1150 0.997494 
4.1250 1.006983 
4.1350 1.002006 
4.1450 1.005123 
4.1550 0.999762 
4.1650 0.997036 
4.1750 1.001229 
4.1850 1.001170 
4.1950 0.992321 
4.2050 1.003066 
4.2150 1.001583 
4.2250 0.994699 
4.2350 0.999121 
4.2450 0.992719 
4.2550 1.003618 
4.2650 1.004257 
4.2750 0.992925 
4.2850 1.011115 
4.2950 1.002071 
4.3050 1.003124 
4.3150 1.006750 
4.3250 1.000449 
4.3350 0.995894 
4.3450 0.997838 
4.3550 1.001875 
4.3650 1.010578 
4.3750 0.992627 
4.3850 1.006715 
4.3950 1.009917 
4.4050 0.999430 
4.4150 0.996007 
4.4250 0.999385 
4.4350 1.003770 
4.4450 1.005422 
4.4550 0.998750 
4.4650 0.997321 
4.4750 1.000103 
4.4850 1.001329 
4.4950 1.001921 