
0.0050 0.000000 
0.0150 0.000000 
0.0250 0.000000 
0.0350 0.000000 
0.0450 0.000000 
0.0550 0.000000 
0.0650 0.000000 
0.0750 0.000000 
0.0850 0.000000 
0.0950 0.000000 
0.1050 0.000000 
0.1150 0.000000 
0.1250 0.000000 
0.1350 0.000000 
0.1450 0.000000 
0.1550 0.000000 
0.1650 0.000000 
0.1750 0.000000 
0.1850 0.000000 
0.1950 0.000000 
0.2050 0.000000 
0.2150 0.000000 
0.2250 0.000000 
0.2350 0.000000 
0.2450 0.000000 
0.2550 0.000000 
0.2650 0.000000 
0.2750 0.000000 
0.2850 0.000000 
0.2950 0.000000 
0.3050 0.000000 
0.3150 0.000000 
0.3250 0.000000 
0.3350 0.000000 
0.3450 0.000000 
0.3550 0.000000 
0.3650 0.000000 
0.3750 0.000000 
0.3850 0.000000 
0.3950 0.000000 
0.4050 0.000000 
0.4150 0.000000 
0.4250 0.000000 
0.4350 0.000000 
0.4450 0.000000 
0.4550 0.000000 
0.4650 0.000000 
0.4750 0.000000 
0.4850 0.000000 
0.4950 0.000000 
0.5050 0.000000 
0.5150 0.000000 
0.5250 0.000000 
0.5350 0.000000 
0.5450 0.000000 
0.5550 0.000000 
0.5650 0.000000 
0.5750 0.000000 
0.5850 0.000000 
0.5950 0.000000 
0.6050 0.000000 
0.6150 0.000000 
0.6250 0.000000 
0.6350 0.000000 
0.6450 0.000000 
0.6550 0.000000 
0.6650 0.000000 
0.6750 0.000000 
0.6850 0.000000 
0.6950 0.000000 
0.7050 0.000000 
0.7150 0.000000 
0.7250 0.000000 
0.7350 0.000000 
0.7450 0.000000 
0.7550 0.000000 
0.7650 0.000000 
0.7750 0.000000 
0.7850 0.000000 
0.7950 0.000000 
0.8050 0.000000 
0.8150 0.001985 
0.8250 0.027140 
0.8350 0.067298 
0.8450 0.096233 
0.8550 0.127682 
0.8650 0.159687 
0.8750 0.198460 
0.8850 0.241366 
0.8950 0.267901 
0.9050 0.299783 
0.9150 0.344005 
0.9250 0.391790 
0.9350 0.433364 
0.9450 0.488938 
0.9550 0.544872 
0.9650 0.602920 
0.9750 0.665727 
0.9850 0.738512 
0.9950 0.851040 
1.0050 0.952011 
1.0150 1.019513 
1.0250 1.110485 
1.0350 1.177717 
1.0450 1.205656 
1.0550 1.236300 
1.0650 1.266691 
1.0750 1.300168 
1.0850 1.296255 
1.0950 1.302380 
1.1050 1.317037 
1.1150 1.338315 
1.1250 1.362324 
1.1350 1.384785 
1.1450 1.371626 
1.1550 1.381215 
1.1650 1.384783 
1.1750 1.437069 
1.1850 1.410669 
1.1950 1.389563 
1.2050 1.381761 
1.2150 1.380334 
1.2250 1.343346 
1.2350 1.347916 
1.2450 1.317673 
1.2550 1.315917 
1.2650 1.302115 
1.2750 1.287861 
1.2850 1.294676 
1.2950 1.281818 
1.3050 1.253464 
1.3150 1.238323 
1.3250 1.244919 
1.3350 1.230515 
1.3450 1.228696 
1.3550 1.208641 
1.3650 1.194379 
1.3750 1.165677 
1.3850 1.173620 
1.3950 1.186221 
1.4050 1.147739 
1.4150 1.156967 
1.4250 1.138455 
1.4350 1.142743 
1.4450 1.122162 
1.4550 1.114828 
1.4650 1.109633 
1.4750 1.091255 
1.4850 1.096405 
1.4950 1.071908 
1.5050 1.078877 
1.5150 1.087219 
1.5250 1.063038 
1.5350 1.051575 
1.5450 1.041419 
1.5550 1.053467 
1.5650 1.047793 
1.5750 1.039644 
1.5850 1.019315 
1.5950 1.009090 
1.6050 1.017771 
1.6150 1.017516 
1.6250 0.999293 
1.6350 0.985365 
1.6450 0.990814 
1.6550 0.985567 
1.6650 0.990847 
1.6750 0.978372 
1.6850 0.968680 
1.6950 0.968273 
1.7050 0.970224 
1.7150 0.955819 
1.7250 0.963711 
1.7350 0.958714 
1.7450 0.951865 
1.7550 0.948354 
1.7650 0.953110 
1.7750 0.941500 
1.7850 0.932365 
1.7950 0.945600 
1.8050 0.939902 
1.8150 0.939539 
1.8250 0.930847 
1.8350 0.932491 
1.8450 0.926108 
1.8550 0.932641 
1.8650 0.924127 
1.8750 0.929281 
1.8850 0.937596 
1.8950 0.920265 
1.9050 0.928407 
1.9150 0.921073 
1.9250 0.933253 
1.9350 0.931445 
1.9450 0.930446 
1.9550 0.933041 
1.9650 0.947565 
1.9750 0.937113 
1.9850 0.939893 
1.9950 0.941274 
2.0050 0.942088 
2.0150 0.950993 
2.0250 0.952173 
2.0350 0.955231 
2.0450 0.960056 
2.0550 0.960759 
2.0650 0.957442 
2.0750 0.975529 
2.0850 0.971148 
2.0950 0.976068 
2.1050 0.975014 
2.1150 0.975142 
2.1250 0.986206 
2.1350 0.986120 
2.1450 0.981295 
2.1550 0.992296 
2.1650 0.980737 
2.1750 0.988575 
2.1850 0.990319 
2.1950 0.996368 
2.2050 0.997557 
2.2150 0.995263 
2.2250 1.004204 
2.2350 1.008172 
2.2450 0.994783 
2.2550 1.006603 
2.2650 1.004017 
2.2750 1.004422 
2.2850 1.011855 
2.2950 1.017324 
2.3050 1.014107 
2.3150 1.004197 
2.3250 1.009519 
2.3350 1.018492 
2.3450 1.009310 
2.3550 1.024015 
2.3650 1.001733 
2.3750 1.015302 
2.3850 1.011627 
2.3950 1.017548 
2.4050 1.013006 
2.4150 1.017668 
2.4250 1.004986 
2.4350 1.006694 
2.4450 1.010486 
2.4550 1.015431 
2.4650 1.004558 
2.4750 1.022266 
2.4850 1.012072 
2.4950 1.021864 
2.5050 1.015916 
2.5150 1.023713 
2.5250 1.013641 
2.5350 1.017676 
2.5450 1.013416 
2.5550 1.013975 
2.5650 1.020094 
2.5750 1.014879 
2.5850 1.017508 
2.5950 1.018766 
2.6050 1.008267 
2.6150 1.016384 
2.6250 1.005713 
2.6350 1.005861 
2.6450 1.012506 
2.6550 1.011533 
2.6650 1.007456 
2.6750 0.999893 
2.6850 1.002258 
2.6950 0.999625 
2.7050 0.998654 
2.7150 1.005122 
2.7250 1.006146 
2.7350 1.014384 
2.7450 0.997551 
2.7550 1.011657 
2.7650 1.013200 
2.7750 1.001761 
2.7850 1.000688 
2.7950 1.007667 
2.8050 0.987743 
2.8150 1.001219 
2.8250 1.001222 
2.8350 1.002221 
2.8450 1.001049 
2.8550 0.994673 
2.8650 0.998221 
2.8750 0.999483 
2.8850 0.992676 
2.8950 0.993772 
2.9050 0.992653 
2.9150 0.998904 
2.9250 0.993331 
2.9350 1.004432 
2.9450 1.000388 
2.9550 1.004763 
2.9650 1.000861 
2.9750 1.010178 
2.9850 1.001185 
2.9950 0.997420 
3.0050 0.994362 
3.0150 1.001279 
3.0250 1.006992 
3.0350 1.005230 
3.0450 0.994632 
3.0550 0.990878 
3.0650 0.995211 
3.0750 0.995094 
3.0850 1.003350 
3.0950 0.995002 
3.1050 0.984201 
3.1150 1.004409 
3.1250 1.004402 
3.1350 0.993456 
3.1450 1.001342 
3.1550 0.990340 
3.1650 1.000266 
3.1750 1.000110 
3.1850 0.990343 
3.1950 1.002612 
3.2050 0.993752 
3.2150 1.000322 
3.2250 0.999081 
3.2350 0.999143 
3.2450 1.004028 
3.2550 0.993512 
3.2650 1.001187 
3.2750 1.002078 
3.2850 1.006556 
3.2950 0.993279 
3.3050 0.994548 
3.3150 1.008038 
3.3250 1.003597 
3.3350 0.998437 
3.3450 0.999932 
3.3550 1.001314 
3.3650 0.993540 
3.3750 0.998000 
3.3850 0.989548 
3.3950 1.004120 
3.4050 0.997107 
3.4150 1.010395 
3.4250 0.995463 
3.4350 1.008255 
3.4450 1.003049 
3.4550 1.003022 
3.4650 0.996034 
3.4750 1.006339 
3.4850 0.996412 
3.4950 0.996502 
3.5050 0.999983 
3.5150 1.002106 
3.5250 1.000990 
3.5350 0.997993 
3.5450 1.005532 
3.5550 1.001722 
3.5650 0.995148 
3.5750 0.998542 
3.5850 0.992778 
3.5950 1.002249 
3.6050 1.005998 
3.6150 1.001042 
3.6250 1.003640 
3.6350 1.001166 
3.6450 1.005908 
3.6550 0.998269 
3.6650 1.000684 
3.6750 1.007204 
3.6850 1.002479 
3.6950 1.007131 
3.7050 1.001692 
3.7150 1.000887 
3.7250 1.001579 
3.7350 1.001695 
3.7450 1.007246 
3.7550 0.997437 
3.7650 0.993588 
3.7750 0.996262 
3.7850 0.997859 
3.7950 0.999358 
3.8050 1.004895 
3.8150 1.004058 
3.8250 0.997322 
3.8350 0.998249 
3.8450 1.004644 
3.8550 1.006901 
3.8650 1.009412 
3.8750 0.998753 
3.8850 1.004751 
3.8950 0.998616 
3.9050 0.999830 
3.9150 0.998962 
3.9250 1.001324 
3.9350 0.995522 
3.9450 0.993955 
3.9550 1.001632 
3.9650 1.001742 
3.9750 1.005014 
3.9850 0.998782 
3.9950 1.000867 
4.0050 1.002045 
4.0150 1.003238 
4.0250 0.998198 
4.0350 0.992971 
4.0450 0.999000 
4.0550 1.010105 
4.0650 1.001751 
4.0750 0.995791 
4.0850 1.004560 
4.0950 0.994860 
4.1050 1.003464 
4.1150 1.000945 
4.1250 0.992113 
4.1350 0.998137 
4.1450 1.004421 
4.1550 0.999371 
4.1650 1.002007 
4.1750 1.005143 
4.1850 1.009918 
4.1950 0.995604 
4.2050 1.000075 
4.2150 1.006149 
4.2250 1.008083 
4.2350 0.998919 
4.2450 1.006383 
4.2550 1.001809 
4.2650 0.997918 
4.2750 1.002911 
4.2850 0.994044 
4.2950 1.004501 
4.3050 0.996804 
4.3150 0.993585 
4.3250 0.990875 
4.3350 0.996486 
4.3450 0.998665 
4.3550 1.000676 
4.3650 0.998661 
4.3750 1.005259 
4.3850 0.998853 
4.3950 1.003746 
4.4050 1.001975 
4.4150 0.999979 
4.4250 1.005321 
4.4350 1.000510 
4.4450 0.998146 
4.4550 1.000728 
4.4650 1.009143 
4.4750 0.997102 
4.4850 1.003237 
4.4950 1.007821 