
0.0050 0.000000 
0.0150 0.000000 
0.0250 0.000000 
0.0350 0.000000 
0.0450 0.000000 
0.0550 0.000000 
0.0650 0.000000 
0.0750 0.000000 
0.0850 0.000000 
0.0950 0.000000 
0.1050 0.000000 
0.1150 0.000000 
0.1250 0.000000 
0.1350 0.000000 
0.1450 0.000000 
0.1550 0.000000 
0.1650 0.000000 
0.1750 0.000000 
0.1850 0.000000 
0.1950 0.000000 
0.2050 0.000000 
0.2150 0.000000 
0.2250 0.000000 
0.2350 0.000000 
0.2450 0.000000 
0.2550 0.000000 
0.2650 0.000000 
0.2750 0.000000 
0.2850 0.000000 
0.2950 0.000000 
0.3050 0.000000 
0.3150 0.000000 
0.3250 0.000000 
0.3350 0.000000 
0.3450 0.000000 
0.3550 0.000000 
0.3650 0.000000 
0.3750 0.000000 
0.3850 0.000000 
0.3950 0.000000 
0.4050 0.000000 
0.4150 0.000000 
0.4250 0.000000 
0.4350 0.000000 
0.4450 0.000000 
0.4550 0.000000 
0.4650 0.000000 
0.4750 0.000000 
0.4850 0.000000 
0.4950 0.000000 
0.5050 0.000000 
0.5150 0.000000 
0.5250 0.000000 
0.5350 0.000000 
0.5450 0.000000 
0.5550 0.000000 
0.5650 0.000000 
0.5750 0.000000 
0.5850 0.000000 
0.5950 0.000000 
0.6050 0.000000 
0.6150 0.000000 
0.6250 0.000000 
0.6350 0.000000 
0.6450 0.000000 
0.6550 0.000000 
0.6650 0.000000 
0.6750 0.000000 
0.6850 0.000000 
0.6950 0.000000 
0.7050 0.000000 
0.7150 0.000000 
0.7250 0.000000 
0.7350 0.000000 
0.7450 0.000000 
0.7550 0.000000 
0.7650 0.000000 
0.7750 0.000000 
0.7850 0.000000 
0.7950 0.000000 
0.8050 0.000000 
0.8150 0.002194 
0.8250 0.027346 
0.8350 0.058223 
0.8450 0.088776 
0.8550 0.121805 
0.8650 0.146692 
0.8750 0.186975 
0.8850 0.225871 
0.8950 0.254006 
0.9050 0.292535 
0.9150 0.331344 
0.9250 0.370146 
0.9350 0.421335 
0.9450 0.478210 
0.9550 0.539876 
0.9650 0.613517 
0.9750 0.760731 
0.9850 0.908000 
0.9950 1.110394 
1.0050 1.334393 
1.0150 1.523769 
1.0250 1.661236 
1.0350 1.766329 
1.0450 1.769411 
1.0550 1.732274 
1.0650 1.646362 
1.0750 1.524529 
1.0850 1.482254 
1.0950 1.436776 
1.1050 1.370434 
1.1150 1.338086 
1.1250 1.337462 
1.1350 1.328811 
1.1450 1.343622 
1.1550 1.323990 
1.1650 1.343348 
1.1750 1.337045 
1.1850 1.338837 
1.1950 1.324611 
1.2050 1.323432 
1.2150 1.284642 
1.2250 1.292512 
1.2350 1.265787 
1.2450 1.247370 
1.2550 1.242296 
1.2650 1.233324 
1.2750 1.221948 
1.2850 1.208426 
1.2950 1.197681 
1.3050 1.202857 
1.3150 1.181806 
1.3250 1.151989 
1.3350 1.159628 
1.3450 1.149960 
1.3550 1.152462 
1.3650 1.148989 
1.3750 1.137436 
1.3850 1.113725 
1.3950 1.132566 
1.4050 1.113539 
1.4150 1.105094 
1.4250 1.083230 
1.4350 1.070414 
1.4450 1.071302 
1.4550 1.049650 
1.4650 1.070477 
1.4750 1.065096 
1.4850 1.046221 
1.4950 1.044328 
1.5050 1.037639 
1.5150 1.039716 
1.5250 1.015342 
1.5350 1.027325 
1.5450 0.999809 
1.5550 1.006743 
1.5650 1.002021 
1.5750 0.986409 
1.5850 1.000945 
1.5950 0.991156 
1.6050 0.979680 
1.6150 0.990816 
1.6250 0.976540 
1.6350 0.965571 
1.6450 0.970673 
1.6550 0.966322 
1.6650 0.963099 
1.6750 0.964454 
1.6850 0.968376 
1.6950 0.951243 
1.7050 0.954997 
1.7150 0.936945 
1.7250 0.944947 
1.7350 0.938827 
1.7450 0.948439 
1.7550 0.926114 
1.7650 0.940625 
1.7750 0.926102 
1.7850 0.926335 
1.7950 0.936274 
1.8050 0.919838 
1.8150 0.935538 
1.8250 0.926213 
1.8350 0.926021 
1.8450 0.926109 
1.8550 0.929971 
1.8650 0.934021 
1.8750 0.920123 
1.8850 0.926539 
1.8950 0.934194 
1.9050 0.926254 
1.9150 0.931512 
1.9250 0.941819 
1.9350 0.938951 
1.9450 0.945600 
1.9550 0.938153 
1.9650 0.949304 
1.9750 0.952210 
1.9850 0.964943 
1.9950 0.970996 
2.0050 0.974177 
2.0150 0.999205 
2.0250 0.992130 
2.0350 0.997974 
2.0450 1.007186 
2.0550 1.007369 
2.0650 1.009537 
2.0750 1.009172 
2.0850 1.009097 
2.0950 1.008249 
2.1050 1.014430 
2.1150 1.002696 
2.1250 1.008524 
2.1350 1.010135 
2.1450 1.007986 
2.1550 1.015375 
2.1650 0.999249 
2.1750 1.012031 
2.1850 1.010070 
2.1950 1.009800 
2.2050 1.011742 
2.2150 1.024161 
2.2250 1.009850 
2.2350 1.007101 
2.2450 0.998323 
2.2550 1.016835 
2.2650 1.015525 
2.2750 1.004460 
2.2850 1.015969 
2.2950 1.005556 
2.3050 1.020522 
2.3150 1.019076 
2.3250 1.013379 
2.3350 1.005168 
2.3450 1.024618 
2.3550 1.015958 
2.3650 1.009828 
2.3750 1.020304 
2.3850 1.008653 
2.3950 1.009696 
2.4050 1.012899 
2.4150 1.015084 
2.4250 1.009427 
2.4350 0.995355 
2.4450 1.000312 
2.4550 1.009477 
2.4650 1.016937 
2.4750 1.014184 
2.4850 0.997452 
2.4950 1.016417 
2.5050 1.009911 
2.5150 1.011273 
2.5250 1.003755 
2.5350 1.017912 
2.5450 1.005758 
2.5550 1.010495 
2.5650 1.005496 
2.5750 1.004023 
2.5850 0.998724 
2.5950 1.011223 
2.6050 1.013321 
2.6150 1.001476 
2.6250 1.001968 
2.6350 1.007678 
2.6450 1.006203 
2.6550 1.003869 
2.6650 1.011594 
2.6750 1.006604 
2.6850 1.005059 
2.6950 1.007682 
2.7050 1.010411 
2.7150 1.004460 
2.7250 0.997393 
2.7350 0.996066 
2.7450 0.991229 
2.7550 1.007251 
2.7650 1.001110 
2.7750 1.002592 
2.7850 1.001025 
2.7950 1.009992 
2.8050 0.994327 
2.8150 0.999731 
2.8250 0.998831 
2.8350 0.991997 
2.8450 0.981153 
2.8550 0.986468 
2.8650 1.000489 
2.8750 0.990383 
2.8850 0.994158 
2.8950 0.997257 
2.9050 0.996626 
2.9150 0.998112 
2.9250 1.004352 
2.9350 0.998868 
2.9450 0.991939 
2.9550 1.004706 
2.9650 1.001784 
2.9750 0.994312 
2.9850 0.997976 
2.9950 0.999760 
3.0050 1.002642 
3.0150 0.986985 
3.0250 1.007275 
3.0350 1.005399 
3.0450 0.999210 
3.0550 1.000954 
3.0650 1.002158 
3.0750 1.006385 
3.0850 0.997196 
3.0950 0.995637 
3.1050 1.001910 
3.1150 0.997683 
3.1250 0.998518 
3.1350 1.003167 
3.1450 1.004876 
3.1550 1.003567 
3.1650 1.002103 
3.1750 1.003154 
3.1850 1.002291 
3.1950 0.993565 
3.2050 1.002264 
3.2150 0.999072 
3.2250 0.991152 
3.2350 1.001945 
3.2450 1.012303 
3.2550 1.000896 
3.2650 0.999721 
3.2750 1.002287 
3.2850 0.998641 
3.2950 1.007451 
3.3050 0.991780 
3.3150 1.001563 
3.3250 0.999944 
3.3350 1.000822 
3.3450 0.997988 
3.3550 0.998204 
3.3650 0.999132 
3.3750 0.994224 
3.3850 1.004379 
3.3950 1.013240 
3.4050 0.999870 
3.4150 1.002481 
3.4250 1.001631 
3.4350 1.007434 
3.4450 0.996023 
3.4550 1.000249 
3.4650 0.998601 
3.4750 1.004247 
3.4850 0.999553 
3.4950 1.001470 
3.5050 0.996542 
3.5150 1.007873 
3.5250 1.001718 
3.5350 0.994606 
3.5450 1.005122 
3.5550 1.007615 
3.5650 1.001075 
3.5750 0.999714 
3.5850 0.998933 
3.5950 0.998323 
3.6050 0.997528 
3.6150 1.005301 
3.6250 1.004159 
3.6350 1.005213 
3.6450 1.001708 
3.6550 1.003534 
3.6650 1.002644 
3.6750 1.004039 
3.6850 1.005635 
3.6950 1.007918 
3.7050 1.002015 
3.7150 1.008739 
3.7250 1.004587 
3.7350 0.996474 
3.7450 1.010056 
3.7550 1.004021 
3.7650 1.003539 
3.7750 1.002448 
3.7850 0.987079 
3.7950 1.000552 
3.8050 1.003209 
3.8150 0.998498 
3.8250 1.003181 
3.8350 1.011320 
3.8450 1.001530 
3.8550 1.003617 
3.8650 0.998744 
3.8750 0.995684 
3.8850 1.007239 
3.8950 0.998682 
3.9050 0.998603 
3.9150 1.003048 
3.9250 1.000234 
3.9350 1.002652 
3.9450 1.005947 
3.9550 0.993587 
3.9650 1.001051 
3.9750 0.999526 
3.9850 1.002688 
3.9950 1.000931 
4.0050 1.001276 
4.0150 0.993629 
4.0250 1.006232 
4.0350 1.001261 
4.0450 1.001474 
4.0550 1.001793 
4.0650 1.002530 
4.0750 0.995203 
4.0850 0.994738 
4.0950 1.002548 
4.1050 1.005298 
4.1150 1.000425 
4.1250 1.001715 
4.1350 1.002668 
4.1450 1.008508 
4.1550 1.008390 
4.1650 1.005355 
4.1750 0.989119 
4.1850 1.001333 
4.1950 1.006984 
4.2050 1.004856 
4.2150 0.998781 
4.2250 1.005694 
4.2350 1.002110 
4.2450 1.000821 
4.2550 1.007579 
4.2650 1.006944 
4.2750 1.003031 
4.2850 1.003887 
4.2950 0.999859 
4.3050 0.998950 
4.3150 1.004391 
4.3250 0.996710 
4.3350 1.001736 
4.3450 0.997424 
4.3550 1.002916 
4.3650 1.005737 
4.3750 0.992998 
4.3850 1.007925 
4.3950 0.998510 
4.4050 1.000616 
4.4150 1.003506 
4.4250 1.005263 
4.4350 0.996729 
4.4450 1.001303 
4.4550 1.006759 
4.4650 1.002284 
4.4750 1.003870 
4.4850 0.997838 
4.4950 0.994593 