
0.0050 0.000000 
0.0150 0.000000 
0.0250 0.000000 
0.0350 0.000000 
0.0450 0.000000 
0.0550 0.000000 
0.0650 0.000000 
0.0750 0.000000 
0.0850 0.000000 
0.0950 0.000000 
0.1050 0.000000 
0.1150 0.000000 
0.1250 0.000000 
0.1350 0.000000 
0.1450 0.000000 
0.1550 0.000000 
0.1650 0.001511 
0.1750 0.013800 
0.1850 0.027048 
0.1950 0.033405 
0.2050 0.058325 
0.2150 0.070858 
0.2250 0.077832 
0.2350 0.096715 
0.2450 0.089764 
0.2550 0.123537 
0.2650 0.128796 
0.2750 0.128172 
0.2850 0.133204 
0.2950 0.147893 
0.3050 0.146437 
0.3150 0.172910 
0.3250 0.166373 
0.3350 0.175335 
0.3450 0.191616 
0.3550 0.214606 
0.3650 0.209732 
0.3750 0.220216 
0.3850 0.219841 
0.3950 0.242181 
0.4050 0.251943 
0.4150 0.251042 
0.4250 0.263729 
0.4350 0.266105 
0.4450 0.271422 
0.4550 0.276694 
0.4650 0.295044 
0.4750 0.287648 
0.4850 0.297685 
0.4950 0.311603 
0.5050 0.304317 
0.5150 0.328443 
0.5250 0.320307 
0.5350 0.341974 
0.5450 0.351330 
0.5550 0.340008 
0.5650 0.347267 
0.5750 0.359001 
0.5850 0.376289 
0.5950 0.362309 
0.6050 0.370831 
0.6150 0.379633 
0.6250 0.397535 
0.6350 0.413807 
0.6450 0.405991 
0.6550 0.401268 
0.6650 0.423275 
0.6750 0.422215 
0.6850 0.427392 
0.6950 0.448328 
0.7050 0.456731 
0.7150 0.461808 
0.7250 0.466628 
0.7350 0.464721 
0.7450 0.476226 
0.7550 0.473228 
0.7650 0.487884 
0.7750 0.504250 
0.7850 0.512395 
0.7950 0.525048 
0.8050 0.553673 
0.8150 0.553710 
0.8250 0.559732 
0.8350 0.570607 
0.8450 0.585760 
0.8550 0.590801 
0.8650 0.596119 
0.8750 0.623119 
0.8850 0.626416 
0.8950 0.654382 
0.9050 0.686347 
0.9150 0.696762 
0.9250 0.708703 
0.9350 0.744445 
0.9450 0.742289 
0.9550 0.763553 
0.9650 0.784644 
0.9750 0.818066 
0.9850 0.824597 
0.9950 0.861490 
1.0050 0.892394 
1.0150 0.910432 
1.0250 0.936104 
1.0350 0.946291 
1.0450 0.964606 
1.0550 0.967223 
1.0650 0.975794 
1.0750 1.003320 
1.0850 1.010539 
1.0950 0.994966 
1.1050 1.009075 
1.1150 1.007866 
1.1250 1.004708 
1.1350 1.025948 
1.1450 1.035795 
1.1550 1.021402 
1.1650 1.016698 
1.1750 1.020350 
1.1850 1.006521 
1.1950 0.994707 
1.2050 0.995760 
1.2150 1.005360 
1.2250 0.984165 
1.2350 0.980579 
1.2450 0.971912 
1.2550 0.975551 
1.2650 0.965172 
1.2750 0.970613 
1.2850 0.964085 
1.2950 0.954626 
1.3050 0.950804 
1.3150 0.962419 
1.3250 0.943591 
1.3350 0.936293 
1.3450 0.956259 
1.3550 0.933230 
1.3650 0.938798 
1.3750 0.950367 
1.3850 0.959612 
1.3950 0.945906 
1.4050 0.947762 
1.4150 0.952368 
1.4250 0.924445 
1.4350 0.947527 
1.4450 0.957355 
1.4550 0.949976 
1.4650 0.963616 
1.4750 0.946109 
1.4850 0.952234 
1.4950 0.951025 
1.5050 0.955504 
1.5150 0.957220 
1.5250 0.954714 
1.5350 0.956190 
1.5450 0.956154 
1.5550 0.961720 
1.5650 0.963123 
1.5750 0.964942 
1.5850 0.966307 
1.5950 0.962730 
1.6050 0.976434 
1.6150 0.967922 
1.6250 0.970444 
1.6350 0.990901 
1.6450 0.971452 
1.6550 0.984897 
1.6650 1.000284 
1.6750 0.967258 
1.6850 0.995136 
1.6950 0.980364 
1.7050 0.993264 
1.7150 1.006164 
1.7250 0.993664 
1.7350 0.992138 
1.7450 0.995278 
1.7550 1.007775 
1.7650 1.002518 
1.7750 0.990870 
1.7850 1.015385 
1.7950 1.008078 
1.8050 1.001562 
1.8150 1.019213 
1.8250 1.025907 
1.8350 1.029641 
1.8450 1.017224 
1.8550 1.029300 
1.8650 1.007169 
1.8750 1.025366 
1.8850 1.023611 
1.8950 1.015790 
1.9050 1.013207 
1.9150 0.996911 
1.9250 1.009542 
1.9350 0.996568 
1.9450 0.998001 
1.9550 1.002568 
1.9650 1.001956 
1.9750 0.998323 
1.9850 0.991284 
1.9950 1.005557 
2.0050 1.002855 
2.0150 1.002597 
2.0250 0.992299 
2.0350 0.997428 
2.0450 1.005389 
2.0550 1.000051 
2.0650 0.994848 
2.0750 0.994018 
2.0850 1.013195 
2.0950 0.997766 
2.1050 0.998395 
2.1150 1.000474 
2.1250 1.017974 
2.1350 1.004412 
2.1450 0.998943 
2.1550 1.000465 
2.1650 1.001183 
2.1750 1.003623 
2.1850 0.992744 
2.1950 1.001896 
2.2050 0.993798 
2.2150 1.002709 
2.2250 0.994333 
2.2350 0.993144 
2.2450 1.007536 
2.2550 1.004215 
2.2650 0.987151 
2.2750 1.000552 
2.2850 0.993864 
2.2950 0.999524 
2.3050 0.994863 
2.3150 0.994599 
2.3250 1.002131 
2.3350 1.004143 
2.3450 0.998449 
2.3550 0.999154 
2.3650 1.000360 
2.3750 0.995832 
2.3850 1.001270 
2.3950 0.997455 
2.4050 1.001740 
2.4150 0.994273 
2.4250 1.002483 
2.4350 1.002376 
2.4450 0.999333 
2.4550 0.999136 
2.4650 0.989369 
2.4750 0.999437 
2.4850 1.000444 
2.4950 0.998464 
2.5050 1.001960 
2.5150 0.983980 
2.5250 1.000302 
2.5350 0.989856 
2.5450 0.989031 
2.5550 1.004238 
2.5650 0.991365 
2.5750 1.001798 
2.5850 0.992838 
2.5950 0.995344 
2.6050 0.997667 
2.6150 0.996998 
2.6250 0.988843 
2.6350 0.998756 
2.6450 1.008466 
2.6550 0.996753 
2.6650 1.006108 
2.6750 0.992894 
2.6850 0.998564 
2.6950 1.008126 
2.7050 1.014709 
2.7150 1.000052 
2.7250 1.000217 
2.7350 1.002474 
2.7450 1.002846 
2.7550 1.001634 
2.7650 0.993998 
2.7750 1.013746 
2.7850 1.003512 
2.7950 0.990598 
2.8050 1.000698 
2.8150 0.999184 
2.8250 1.002917 
2.8350 1.003397 
2.8450 1.007449 
2.8550 0.991558 
2.8650 1.002906 
2.8750 1.000018 
2.8850 1.010133 
2.8950 1.005261 
2.9050 1.005810 
2.9150 1.003978 
2.9250 1.002657 
2.9350 1.000470 
2.9450 0.999169 
2.9550 1.015557 
2.9650 0.998525 
2.9750 0.998049 
2.9850 1.003591 
2.9950 1.005300 
3.0050 0.999086 
3.0150 1.007406 
3.0250 1.014992 
3.0350 1.011935 
3.0450 0.998620 
3.0550 1.004370 
3.0650 1.000317 
3.0750 1.004828 
3.0850 1.000911 
3.0950 0.994615 
3.1050 1.013725 
3.1150 1.009460 
3.1250 1.003033 
3.1350 0.994056 
3.1450 0.997290 
3.1550 0.999203 
3.1650 0.994348 
3.1750 1.003854 
3.1850 0.991417 
3.1950 1.007323 
3.2050 1.004318 
3.2150 0.993432 
3.2250 1.004782 
3.2350 1.003558 
3.2450 1.005609 
3.2550 1.004732 
3.2650 0.995085 
3.2750 1.002914 
3.2850 0.999397 
3.2950 0.997692 
3.3050 1.007073 
3.3150 1.000324 
3.3250 0.996935 
3.3350 0.996104 
3.3450 1.007806 
3.3550 0.999326 
3.3650 1.011255 
3.3750 1.002510 
3.3850 1.008093 
3.3950 0.999914 
3.4050 0.997785 
3.4150 1.001880 
3.4250 0.989794 
3.4350 1.001583 
3.4450 1.003471 
3.4550 1.004482 
3.4650 0.998922 
3.4750 1.001318 
3.4850 0.996117 
3.4950 0.992831 
3.5050 1.003643 
3.5150 1.002422 
3.5250 0.993590 
3.5350 0.986572 
3.5450 1.001817 
3.5550 1.010960 
3.5650 1.005801 
3.5750 1.004236 
3.5850 0.999267 
3.5950 1.001702 
3.6050 1.000659 
3.6150 1.006815 
3.6250 1.002366 
3.6350 1.002201 
3.6450 0.999479 
3.6550 0.999369 
3.6650 0.995736 
3.6750 0.998546 
3.6850 1.005473 
3.6950 1.002292 
3.7050 0.989871 
3.7150 0.994049 
3.7250 1.002773 
3.7350 0.997000 
3.7450 1.001719 
3.7550 1.002609 
3.7650 1.000472 
3.7750 1.002652 
3.7850 0.995463 
3.7950 1.003077 
3.8050 0.999747 
3.8150 0.999036 
3.8250 1.000677 
3.8350 0.998026 
3.8450 1.004911 
3.8550 0.996206 
3.8650 0.999984 
3.8750 1.003543 
3.8850 0.997088 
3.8950 0.996398 
3.9050 1.000816 
3.9150 1.002305 
3.9250 1.003699 
3.9350 1.000326 
3.9450 1.005361 
3.9550 1.001005 
3.9650 0.993522 
3.9750 1.009813 
3.9850 1.007025 
3.9950 0.998297 
4.0050 1.007705 
4.0150 1.003111 
4.0250 1.006573 
4.0350 1.001473 
4.0450 1.003103 
4.0550 1.003607 
4.0650 1.003035 
4.0750 1.010569 
4.0850 0.997544 
4.0950 0.999477 
4.1050 1.000880 
4.1150 1.007681 
4.1250 1.011961 
4.1350 1.003599 
4.1450 1.002543 
4.1550 1.004169 
4.1650 1.001350 
4.1750 1.003135 
4.1850 1.006873 
4.1950 1.001457 
4.2050 1.004694 
4.2150 1.001420 
4.2250 1.001604 
4.2350 0.997242 
4.2450 1.001022 
4.2550 1.001165 
4.2650 1.001308 
4.2750 1.000889 
4.2850 0.998796 
4.2950 0.997469 
4.3050 1.000978 
4.3150 1.004192 
4.3250 1.008164 
4.3350 0.994769 
4.3450 1.002445 
4.3550 1.004802 
4.3650 0.996152 
4.3750 0.997965 
4.3850 1.009993 
4.3950 1.002831 
4.4050 1.004617 
4.4150 1.005909 
4.4250 0.999017 
4.4350 0.998330 
4.4450 1.003381 
4.4550 1.007431 
4.4650 0.998777 
4.4750 1.000390 
4.4850 0.995530 
4.4950 1.000513 