
0.0050 0.000000 
0.0150 0.000000 
0.0250 0.000000 
0.0350 0.000000 
0.0450 0.000000 
0.0550 0.000000 
0.0650 0.000000 
0.0750 0.000000 
0.0850 0.000000 
0.0950 0.000000 
0.1050 0.000000 
0.1150 0.000000 
0.1250 0.000000 
0.1350 0.000000 
0.1450 0.000000 
0.1550 0.000000 
0.1650 0.000000 
0.1750 0.000000 
0.1850 0.000000 
0.1950 0.000000 
0.2050 0.000000 
0.2150 0.000000 
0.2250 0.000000 
0.2350 0.000000 
0.2450 0.000000 
0.2550 0.000000 
0.2650 0.000000 
0.2750 0.000000 
0.2850 0.000000 
0.2950 0.000000 
0.3050 0.000000 
0.3150 0.000000 
0.3250 0.000000 
0.3350 0.000000 
0.3450 0.000000 
0.3550 0.000000 
0.3650 0.000000 
0.3750 0.000000 
0.3850 0.000000 
0.3950 0.000000 
0.4050 0.000000 
0.4150 0.000000 
0.4250 0.000000 
0.4350 0.000000 
0.4450 0.000000 
0.4550 0.000000 
0.4650 0.000000 
0.4750 0.000000 
0.4850 0.000000 
0.4950 0.000000 
0.5050 0.000000 
0.5150 0.000000 
0.5250 0.000000 
0.5350 0.000000 
0.5450 0.000000 
0.5550 0.000000 
0.5650 0.000000 
0.5750 0.000000 
0.5850 0.000000 
0.5950 0.000000 
0.6050 0.000000 
0.6150 0.000000 
0.6250 0.000000 
0.6350 0.000000 
0.6450 0.000000 
0.6550 0.000000 
0.6650 0.000000 
0.6750 0.000000 
0.6850 0.000000 
0.6950 0.000000 
0.7050 0.000000 
0.7150 0.000000 
0.7250 0.000000 
0.7350 0.000000 
0.7450 0.000000 
0.7550 0.000000 
0.7650 0.000000 
0.7750 0.000000 
0.7850 0.000000 
0.7950 0.000000 
0.8050 0.000000 
0.8150 0.002507 
0.8250 0.029308 
0.8350 0.064851 
0.8450 0.101372 
0.8550 0.134255 
0.8650 0.162346 
0.8750 0.193399 
0.8850 0.230010 
0.8950 0.269423 
0.9050 0.301571 
0.9150 0.344657 
0.9250 0.393815 
0.9350 0.431723 
0.9450 0.478570 
0.9550 0.510969 
0.9650 0.574576 
0.9750 0.621066 
0.9850 0.702261 
0.9950 0.759478 
1.0050 0.857794 
1.0150 0.939403 
1.0250 0.995810 
1.0350 1.047345 
1.0450 1.101568 
1.0550 1.131578 
1.0650 1.163749 
1.0750 1.196989 
1.0850 1.211468 
1.0950 1.262902 
1.1050 1.290338 
1.1150 1.291512 
1.1250 1.323288 
1.1350 1.331966 
1.1450 1.361423 
1.1550 1.372723 
1.1650 1.405720 
1.1750 1.405058 
1.1850 1.418947 
1.1950 1.396059 
1.2050 1.395847 
1.2150 1.363063 
1.2250 1.357552 
1.2350 1.351853 
1.2450 1.346589 
1.2550 1.330259 
1.2650 1.302385 
1.2750 1.308471 
1.2850 1.301647 
1.2950 1.309754 
1.3050 1.301782 
1.3150 1.273232 
1.3250 1.244339 
1.3350 1.243363 
1.3450 1.223113 
1.3550 1.222181 
1.3650 1.209321 
1.3750 1.200496 
1.3850 1.178241 
1.3950 1.194603 
1.4050 1.166449 
1.4150 1.164146 
1.4250 1.175830 
1.4350 1.156245 
1.4450 1.137461 
1.4550 1.135243 
1.4650 1.141038 
1.4750 1.127599 
1.4850 1.110891 
1.4950 1.101601 
1.5050 1.102303 
1.5150 1.089022 
1.5250 1.074011 
1.5350 1.079329 
1.5450 1.056837 
1.5550 1.059342 
1.5650 1.067979 
1.5750 1.039535 
1.5850 1.040970 
1.5950 1.032377 
1.6050 1.040169 
1.6150 1.028196 
1.6250 1.026460 
1.6350 1.032109 
1.6450 0.991281 
1.6550 0.999550 
1.6650 0.985513 
1.6750 0.977199 
1.6850 0.982415 
1.6950 0.990189 
1.7050 0.982495 
1.7150 0.978477 
1.7250 0.985198 
1.7350 0.971512 
1.7450 0.966646 
1.7550 0.949036 
1.7650 0.953933 
1.7750 0.949873 
1.7850 0.946959 
1.7950 0.946504 
1.8050 0.937489 
1.8150 0.933844 
1.8250 0.942080 
1.8350 0.943524 
1.8450 0.936433 
1.8550 0.939273 
1.8650 0.941578 
1.8750 0.937162 
1.8850 0.929349 
1.8950 0.924998 
1.9050 0.927375 
1.9150 0.931869 
1.9250 0.942972 
1.9350 0.927207 
1.9450 0.939846 
1.9550 0.932691 
1.9650 0.938522 
1.9750 0.931056 
1.9850 0.929347 
1.9950 0.942388 
2.0050 0.937103 
2.0150 0.943403 
2.0250 0.948207 
2.0350 0.948724 
2.0450 0.947564 
2.0550 0.959262 
2.0650 0.966297 
2.0750 0.955557 
2.0850 0.967337 
2.0950 0.954369 
2.1050 0.973634 
2.1150 0.963708 
2.1250 0.966140 
2.1350 0.966589 
2.1450 0.969981 
2.1550 0.977942 
2.1650 0.975606 
2.1750 0.983075 
2.1850 0.983083 
2.1950 0.988543 
2.2050 0.990852 
2.2150 0.988858 
2.2250 0.987612 
2.2350 0.996433 
2.2450 0.999199 
2.2550 1.006868 
2.2650 0.994282 
2.2750 1.006375 
2.2850 1.003103 
2.2950 0.997810 
2.3050 1.003280 
2.3150 1.003348 
2.3250 1.014151 
2.3350 1.010878 
2.3450 1.012044 
2.3550 1.007284 
2.3650 1.007732 
2.3750 1.024695 
2.3850 1.012272 
2.3950 1.020153 
2.4050 1.015955 
2.4150 1.011510 
2.4250 1.019261 
2.4350 1.011187 
2.4450 1.016744 
2.4550 1.017520 
2.4650 1.022937 
2.4750 1.013735 
2.4850 1.015099 
2.4950 1.011655 
2.5050 1.013152 
2.5150 1.015250 
2.5250 1.010425 
2.5350 1.023139 
2.5450 1.010259 
2.5550 1.013372 
2.5650 1.005330 
2.5750 1.012920 
2.5850 1.008678 
2.5950 1.020743 
2.6050 1.016143 
2.6150 1.020863 
2.6250 1.009393 
2.6350 1.021889 
2.6450 1.015576 
2.6550 1.011887 
2.6650 1.009445 
2.6750 1.011558 
2.6850 1.008817 
2.6950 1.002733 
2.7050 0.998780 
2.7150 1.006098 
2.7250 1.002852 
2.7350 1.012352 
2.7450 1.011661 
2.7550 1.011440 
2.7650 1.001079 
2.7750 1.012790 
2.7850 1.018831 
2.7950 1.012072 
2.8050 1.015054 
2.8150 0.999427 
2.8250 1.001495 
2.8350 0.995827 
2.8450 1.002611 
2.8550 1.008000 
2.8650 1.003772 
2.8750 0.995885 
2.8850 1.004264 
2.8950 1.006738 
2.9050 1.003425 
2.9150 1.001749 
2.9250 1.003358 
2.9350 0.993507 
2.9450 1.006340 
2.9550 0.999324 
2.9650 1.003053 
2.9750 0.993335 
2.9850 0.998922 
2.9950 0.996420 
3.0050 1.003980 
3.0150 1.001223 
3.0250 0.997551 
3.0350 0.997566 
3.0450 0.997132 
3.0550 0.991325 
3.0650 1.001098 
3.0750 0.994371 
3.0850 0.995450 
3.0950 1.003042 
3.1050 0.991114 
3.1150 1.000648 
3.1250 0.989023 
3.1350 0.986991 
3.1450 0.998541 
3.1550 0.993728 
3.1650 1.002671 
3.1750 0.986185 
3.1850 1.002829 
3.1950 1.002612 
3.2050 0.993672 
3.2150 0.992767 
3.2250 0.994599 
3.2350 1.003029 
3.2450 0.995964 
3.2550 0.992882 
3.2650 0.995110 
3.2750 1.000642 
3.2850 1.004629 
3.2950 1.007036 
3.3050 0.996463 
3.3150 0.988998 
3.3250 0.997063 
3.3350 0.987872 
3.3450 1.006349 
3.3550 1.007229 
3.3650 0.994785 
3.3750 1.000559 
3.3850 1.005996 
3.3950 0.995455 
3.4050 0.998715 
3.4150 1.000152 
3.4250 0.998959 
3.4350 1.000935 
3.4450 0.999300 
3.4550 0.995372 
3.4650 1.004895 
3.4750 0.998439 
3.4850 0.993295 
3.4950 0.997113 
3.5050 1.007962 
3.5150 0.998553 
3.5250 1.000480 
3.5350 1.001888 
3.5450 0.994796 
3.5550 0.997752 
3.5650 0.999251 
3.5750 0.996460 
3.5850 0.998981 
3.5950 0.996896 
3.6050 1.004669 
3.6150 1.003100 
3.6250 0.999228 
3.6350 1.003707 
3.6450 1.001426 
3.6550 1.004354 
3.6650 1.000987 
3.6750 1.001874 
3.6850 1.009373 
3.6950 1.004121 
3.7050 1.004139 
3.7150 1.001624 
3.7250 1.003875 
3.7350 0.998993 
3.7450 1.002039 
3.7550 0.992973 
3.7650 0.998018 
3.7750 0.999117 
3.7850 1.009814 
3.7950 1.001071 
3.8050 1.001051 
3.8150 1.004148 
3.8250 1.004568 
3.8350 1.005855 
3.8450 1.000706 
3.8550 0.990303 
3.8650 0.990378 
3.8750 1.008267 
3.8850 1.002153 
3.8950 1.001450 
3.9050 1.011725 
3.9150 1.007025 
3.9250 1.001869 
3.9350 1.010891 
3.9450 1.003301 
3.9550 1.002325 
3.9650 1.002368 
3.9750 1.004132 
3.9850 1.003934 
3.9950 1.007034 
4.0050 1.005975 
4.0150 0.995781 
4.0250 0.998836 
4.0350 1.003720 
4.0450 0.994749 
4.0550 1.003649 
4.0650 0.999121 
4.0750 1.006287 
4.0850 0.991136 
4.0950 0.999519 
4.1050 1.006715 
4.1150 1.001008 
4.1250 1.000595 
4.1350 1.002565 
4.1450 1.003369 
4.1550 1.006125 
4.1650 1.000487 
4.1750 1.002663 
4.1850 0.993667 
4.1950 0.995890 
4.2050 0.997939 
4.2150 1.004404 
4.2250 0.997190 
4.2350 1.003948 
4.2450 1.003360 
4.2550 1.000622 
4.2650 1.001208 
4.2750 1.000109 
4.2850 1.002609 
4.2950 1.002290 
4.3050 1.003442 
4.3150 1.004093 
4.3250 1.004464 
4.3350 1.002406 
4.3450 1.006403 
4.3550 0.999518 
4.3650 0.997015 
4.3750 1.002560 
4.3850 1.001370 
4.3950 0.991891 
4.4050 1.009336 
4.4150 1.001529 
4.4250 1.005959 
4.4350 1.004580 
4.4450 0.995682 
4.4550 1.001458 
4.4650 1.004391 
4.4750 1.000907 
4.4850 1.002836 
4.4950 1.008982 