
0.0050 0.000000 
0.0150 0.000000 
0.0250 0.000000 
0.0350 0.000000 
0.0450 0.000000 
0.0550 0.000000 
0.0650 0.000000 
0.0750 0.000000 
0.0850 0.000000 
0.0950 0.000000 
0.1050 0.000000 
0.1150 0.000000 
0.1250 0.000000 
0.1350 0.000000 
0.1450 0.000000 
0.1550 0.000000 
0.1650 0.000000 
0.1750 0.000000 
0.1850 0.000000 
0.1950 0.000000 
0.2050 0.000000 
0.2150 0.000000 
0.2250 0.000000 
0.2350 0.000000 
0.2450 0.000000 
0.2550 0.000000 
0.2650 0.000000 
0.2750 0.000000 
0.2850 0.000000 
0.2950 0.000000 
0.3050 0.000000 
0.3150 0.000000 
0.3250 0.000000 
0.3350 0.000000 
0.3450 0.000000 
0.3550 0.000000 
0.3650 0.000000 
0.3750 0.000000 
0.3850 0.000000 
0.3950 0.000000 
0.4050 0.000000 
0.4150 0.000000 
0.4250 0.000000 
0.4350 0.000000 
0.4450 0.000000 
0.4550 0.000000 
0.4650 0.000000 
0.4750 0.000000 
0.4850 0.000000 
0.4950 0.000000 
0.5050 0.000000 
0.5150 0.000000 
0.5250 0.000000 
0.5350 0.000000 
0.5450 0.000000 
0.5550 0.000153 
0.5650 0.001653 
0.5750 0.004430 
0.5850 0.006097 
0.5950 0.009136 
0.6050 0.013480 
0.6150 0.012434 
0.6250 0.016179 
0.6350 0.015390 
0.6450 0.021743 
0.6550 0.029718 
0.6650 0.030170 
0.6750 0.033631 
0.6850 0.039971 
0.6950 0.042948 
0.7050 0.046566 
0.7150 0.052343 
0.7250 0.061130 
0.7350 0.068058 
0.7450 0.075031 
0.7550 0.077425 
0.7650 0.083094 
0.7750 0.085542 
0.7850 0.101482 
0.7950 0.111669 
0.8050 0.120124 
0.8150 0.121062 
0.8250 0.130439 
0.8350 0.146934 
0.8450 0.155685 
0.8550 0.173994 
0.8650 0.175636 
0.8750 0.192620 
0.8850 0.198732 
0.8950 0.221744 
0.9050 0.215448 
0.9150 0.234426 
0.9250 0.235866 
0.9350 0.252127 
0.9450 0.256957 
0.9550 0.265164 
0.9650 0.292365 
0.9750 0.312980 
0.9850 0.484064 
0.9950 4.051776 
1.0050 22.098343 
1.0150 15.503797 
1.0250 7.341638 
1.0350 3.343646 
1.0450 1.781565 
1.0550 1.079379 
1.0650 0.800648 
1.0750 0.657618 
1.0850 0.586914 
1.0950 0.561800 
1.1050 0.532047 
1.1150 0.527526 
1.1250 0.517400 
1.1350 0.526836 
1.1450 0.523446 
1.1550 0.526909 
1.1650 0.547515 
1.1750 0.556449 
1.1850 0.563721 
1.1950 0.569872 
1.2050 0.586399 
1.2150 0.596687 
1.2250 0.601654 
1.2350 0.617663 
1.2450 0.612036 
1.2550 0.615200 
1.2650 0.624452 
1.2750 0.639714 
1.2850 0.646906 
1.2950 0.640547 
1.3050 0.656318 
1.3150 0.661339 
1.3250 0.665189 
1.3350 0.659778 
1.3450 0.663455 
1.3550 0.662041 
1.3650 0.676339 
1.3750 0.687576 
1.3850 0.680781 
1.3950 0.682036 
1.4050 0.701497 
1.4150 0.702408 
1.4250 0.716303 
1.4350 0.713946 
1.4450 0.708668 
1.4550 0.718070 
1.4650 0.718488 
1.4750 0.722835 
1.4850 0.725629 
1.4950 0.725188 
1.5050 0.727760 
1.5150 0.740666 
1.5250 0.729779 
1.5350 0.730157 
1.5450 0.734454 
1.5550 0.734248 
1.5650 0.735081 
1.5750 0.741270 
1.5850 0.750453 
1.5950 0.739767 
1.6050 0.754750 
1.6150 0.745121 
1.6250 0.746908 
1.6350 0.764080 
1.6450 0.772323 
1.6550 0.769889 
1.6650 0.770716 
1.6750 0.772909 
1.6850 0.779536 
1.6950 0.785279 
1.7050 0.771020 
1.7150 0.800997 
1.7250 0.792059 
1.7350 0.811038 
1.7450 0.802585 
1.7550 0.800312 
1.7650 0.805372 
1.7750 0.812877 
1.7850 0.802785 
1.7950 0.796994 
1.8050 0.796092 
1.8150 0.801789 
1.8250 0.802416 
1.8350 0.813044 
1.8450 0.810131 
1.8550 0.822353 
1.8650 0.821848 
1.8750 0.844585 
1.8850 0.847503 
1.8950 0.875185 
1.9050 0.909976 
1.9150 0.941192 
1.9250 0.996139 
1.9350 1.062970 
1.9450 1.163815 
1.9550 1.288148 
1.9650 1.475043 
1.9750 1.693188 
1.9850 2.050186 
1.9950 2.625967 
2.0050 3.626325 
2.0150 3.672230 
2.0250 2.774371 
2.0350 1.977977 
2.0450 1.509985 
2.0550 1.214764 
2.0650 1.069949 
2.0750 0.982405 
2.0850 0.944551 
2.0950 0.904405 
2.1050 0.895207 
2.1150 0.892156 
2.1250 0.875140 
2.1350 0.859644 
2.1450 0.866282 
2.1550 0.862668 
2.1650 0.861061 
2.1750 0.871806 
2.1850 0.859064 
2.1950 0.870226 
2.2050 0.861444 
2.2150 0.864932 
2.2250 0.861822 
2.2350 0.866808 
2.2450 0.866876 
2.2550 0.865542 
2.2650 0.883198 
2.2750 0.887401 
2.2850 0.886780 
2.2950 0.891751 
2.3050 0.885147 
2.3150 0.881959 
2.3250 0.875049 
2.3350 0.873908 
2.3450 0.867820 
2.3550 0.871402 
2.3650 0.873797 
2.3750 0.883045 
2.3850 0.892324 
2.3950 0.887035 
2.4050 0.886695 
2.4150 0.897613 
2.4250 0.900828 
2.4350 0.898435 
2.4450 0.889174 
2.4550 0.882357 
2.4650 0.889118 
2.4750 0.892371 
2.4850 0.886930 
2.4950 0.889789 
2.5050 0.894092 
2.5150 0.895133 
2.5250 0.905577 
2.5350 0.898066 
2.5450 0.895821 
2.5550 0.874923 
2.5650 0.890916 
2.5750 0.902037 
2.5850 0.903481 
2.5950 0.896515 
2.6050 0.901874 
2.6150 0.904186 
2.6250 0.901595 
2.6350 0.899543 
2.6450 0.914604 
2.6550 0.904113 
2.6650 0.911410 
2.6750 0.921623 
2.6850 0.918898 
2.6950 0.915622 
2.7050 0.917110 
2.7150 0.928538 
2.7250 0.933075 
2.7350 0.940486 
2.7450 0.935696 
2.7550 0.960452 
2.7650 0.965334 
2.7750 0.960875 
2.7850 0.967286 
2.7950 0.968481 
2.8050 0.978660 
2.8150 0.975463 
2.8250 0.994624 
2.8350 1.002070 
2.8450 1.005617 
2.8550 1.007581 
2.8650 1.031557 
2.8750 1.040347 
2.8850 1.041222 
2.8950 1.064538 
2.9050 1.066472 
2.9150 1.088193 
2.9250 1.118535 
2.9350 1.147011 
2.9450 1.155520 
2.9550 1.203413 
2.9650 1.220414 
2.9750 1.273889 
2.9850 1.318728 
2.9950 1.394817 
3.0050 1.493563 
3.0150 1.526792 
3.0250 1.442773 
3.0350 1.303744 
3.0450 1.191576 
3.0550 1.093745 
3.0650 1.058041 
3.0750 1.003993 
3.0850 0.990239 
3.0950 0.971461 
3.1050 0.964069 
3.1150 0.944425 
3.1250 0.953229 
3.1350 0.939446 
3.1450 0.953757 
3.1550 0.948679 
3.1650 0.942687 
3.1750 0.940638 
3.1850 0.953961 
3.1950 0.951676 
3.2050 0.958210 
3.2150 0.962576 
3.2250 0.968134 
3.2350 0.957427 
3.2450 0.952927 
3.2550 0.938259 
3.2650 0.948225 
3.2750 0.949199 
3.2850 0.964901 
3.2950 0.969738 
3.3050 0.966705 
3.3150 0.965909 
3.3250 0.966609 
3.3350 0.965279 
3.3450 0.957080 
3.3550 0.954181 
3.3650 0.946418 
3.3750 0.967058 
3.3850 0.961073 
3.3950 0.961471 
3.4050 0.971185 
3.4150 0.959004 
3.4250 0.955634 
3.4350 0.959479 
3.4450 0.960173 
3.4550 0.957002 
3.4650 0.948789 
3.4750 0.956867 
3.4850 0.962888 
3.4950 0.969729 
3.5050 0.964551 
3.5150 0.972712 
3.5250 0.975537 
3.5350 0.964772 
3.5450 0.971102 
3.5550 0.970732 
3.5650 0.963935 
3.5750 0.973420 
3.5850 0.976506 
3.5950 0.984167 
3.6050 0.978428 
3.6150 0.968035 
3.6250 0.961522 
3.6350 0.971823 
3.6450 0.968550 
3.6550 0.965834 
3.6650 0.968173 
3.6750 0.959002 
3.6850 0.965757 
3.6950 0.972939 
3.7050 0.962098 
3.7150 0.976181 
3.7250 0.977146 
3.7350 0.983901 
3.7450 0.992538 
3.7550 0.986367 
3.7650 0.987726 
3.7750 0.988535 
3.7850 0.993181 
3.7950 0.994692 
3.8050 1.001231 
3.8150 0.998184 
3.8250 1.005798 
3.8350 1.007818 
3.8450 1.004867 
3.8550 0.999556 
3.8650 1.006424 
3.8750 1.021976 
3.8850 1.016993 
3.8950 1.026420 
3.9050 1.030914 
3.9150 1.040105 
3.9250 1.042166 
3.9350 1.038326 
3.9450 1.055148 
3.9550 1.064120 
3.9650 1.061936 
3.9750 1.085350 
3.9850 1.094931 
3.9950 1.108253 
4.0050 1.115059 
4.0150 1.135530 
4.0250 1.114222 
4.0350 1.090623 
4.0450 1.059422 
4.0550 1.034239 
4.0650 1.018798 
4.0750 1.015125 
4.0850 0.987073 
4.0950 0.978587 
4.1050 0.983874 
4.1150 0.983753 
4.1250 0.971125 
4.1350 0.969297 
4.1450 0.977755 
4.1550 0.973943 
4.1650 0.966370 
4.1750 0.973853 
4.1850 0.972407 
4.1950 0.973885 
4.2050 0.974888 
4.2150 0.973512 
4.2250 0.986943 
4.2350 0.979687 
4.2450 0.981956 
4.2550 0.983874 
4.2650 0.980828 
4.2750 0.990804 
4.2850 0.985439 
4.2950 0.994980 
4.3050 0.995294 
4.3150 0.987419 
4.3250 0.985197 
4.3350 0.982059 
4.3450 0.974289 
4.3550 0.983586 
4.3650 0.982530 
4.3750 0.984941 
4.3850 0.987849 
4.3950 0.978673 
4.4050 0.986165 
4.4150 0.991259 
4.4250 0.986624 
4.4350 0.982010 
4.4450 0.990043 
4.4550 0.982618 
4.4650 0.989829 
4.4750 0.980182 
4.4850 0.982672 
4.4950 0.990444 