
0.0050 0.000000 
0.0150 0.000000 
0.0250 0.000000 
0.0350 0.000000 
0.0450 0.000000 
0.0550 0.000000 
0.0650 0.000000 
0.0750 0.000000 
0.0850 0.000000 
0.0950 0.000000 
0.1050 0.000000 
0.1150 0.000000 
0.1250 0.000000 
0.1350 0.000000 
0.1450 0.000000 
0.1550 0.000000 
0.1650 0.000000 
0.1750 0.000000 
0.1850 0.000000 
0.1950 0.000000 
0.2050 0.000000 
0.2150 0.000000 
0.2250 0.000000 
0.2350 0.000000 
0.2450 0.000000 
0.2550 0.000000 
0.2650 0.000000 
0.2750 0.000000 
0.2850 0.000000 
0.2950 0.000000 
0.3050 0.000000 
0.3150 0.000000 
0.3250 0.000000 
0.3350 0.000000 
0.3450 0.000000 
0.3550 0.000000 
0.3650 0.000000 
0.3750 0.000000 
0.3850 0.000000 
0.3950 0.000000 
0.4050 0.000000 
0.4150 0.000000 
0.4250 0.000000 
0.4350 0.000000 
0.4450 0.000000 
0.4550 0.000000 
0.4650 0.000000 
0.4750 0.000000 
0.4850 0.000000 
0.4950 0.000000 
0.5050 0.000000 
0.5150 0.000000 
0.5250 0.000000 
0.5350 0.000000 
0.5450 0.000000 
0.5550 0.000000 
0.5650 0.000000 
0.5750 0.000000 
0.5850 0.000000 
0.5950 0.000000 
0.6050 0.000000 
0.6150 0.000000 
0.6250 0.000000 
0.6350 0.000000 
0.6450 0.000000 
0.6550 0.000000 
0.6650 0.000000 
0.6750 0.009447 
0.6850 0.028178 
0.6950 0.045640 
0.7050 0.059836 
0.7150 0.083511 
0.7250 0.096681 
0.7350 0.118640 
0.7450 0.136815 
0.7550 0.152821 
0.7650 0.172750 
0.7750 0.185250 
0.7850 0.206650 
0.7950 0.219591 
0.8050 0.249871 
0.8150 0.272729 
0.8250 0.290082 
0.8350 0.310285 
0.8450 0.349763 
0.8550 0.368503 
0.8650 0.400694 
0.8750 0.435853 
0.8850 0.465986 
0.8950 0.535516 
0.9050 0.587894 
0.9150 0.682238 
0.9250 0.767370 
0.9350 0.857159 
0.9450 0.966968 
0.9550 1.042726 
0.9650 1.102529 
0.9750 1.161810 
0.9850 1.227681 
0.9950 1.258487 
1.0050 1.299793 
1.0150 1.295195 
1.0250 1.284533 
1.0350 1.246157 
1.0450 1.201170 
1.0550 1.173515 
1.0650 1.140615 
1.0750 1.128150 
1.0850 1.105699 
1.0950 1.111921 
1.1050 1.102984 
1.1150 1.100707 
1.1250 1.083310 
1.1350 1.109271 
1.1450 1.104019 
1.1550 1.105208 
1.1650 1.110989 
1.1750 1.096565 
1.1850 1.096276 
1.1950 1.117047 
1.2050 1.109726 
1.2150 1.129696 
1.2250 1.129564 
1.2350 1.129503 
1.2450 1.143970 
1.2550 1.145224 
1.2650 1.134857 
1.2750 1.136430 
1.2850 1.143755 
1.2950 1.163815 
1.3050 1.174415 
1.3150 1.164221 
1.3250 1.174207 
1.3350 1.173818 
1.3450 1.161317 
1.3550 1.153218 
1.3650 1.142238 
1.3750 1.147181 
1.3850 1.139605 
1.3950 1.128100 
1.4050 1.136015 
1.4150 1.100510 
1.4250 1.091376 
1.4350 1.084690 
1.4450 1.074551 
1.4550 1.059623 
1.4650 1.070361 
1.4750 1.056936 
1.4850 1.055878 
1.4950 1.066598 
1.5050 1.034803 
1.5150 1.044618 
1.5250 1.038183 
1.5350 1.033443 
1.5450 1.043409 
1.5550 1.020084 
1.5650 1.009987 
1.5750 1.020453 
1.5850 1.015436 
1.5950 0.999989 
1.6050 0.996757 
1.6150 1.008581 
1.6250 0.986209 
1.6350 0.975338 
1.6450 0.996939 
1.6550 0.974164 
1.6650 0.979358 
1.6750 0.972611 
1.6850 0.970454 
1.6950 0.953510 
1.7050 0.973780 
1.7150 0.953577 
1.7250 0.975048 
1.7350 0.961175 
1.7450 0.960528 
1.7550 0.966701 
1.7650 0.960417 
1.7750 0.956994 
1.7850 0.953036 
1.7950 0.959352 
1.8050 0.970519 
1.8150 0.956952 
1.8250 0.962674 
1.8350 0.957070 
1.8450 0.964305 
1.8550 0.954054 
1.8650 0.958067 
1.8750 0.951650 
1.8850 0.953322 
1.8950 0.954345 
1.9050 0.965269 
1.9150 0.962516 
1.9250 0.961701 
1.9350 0.967869 
1.9450 0.964882 
1.9550 0.976653 
1.9650 0.973131 
1.9750 0.976435 
1.9850 0.982460 
1.9950 0.991338 
2.0050 0.967145 
2.0150 0.989622 
2.0250 0.974452 
2.0350 0.987015 
2.0450 0.984749 
2.0550 0.991278 
2.0650 0.980531 
2.0750 0.983312 
2.0850 0.997827 
2.0950 0.990221 
2.1050 0.996650 
2.1150 0.995343 
2.1250 0.983271 
2.1350 0.986881 
2.1450 0.998864 
2.1550 1.005104 
2.1650 0.994394 
2.1750 0.989086 
2.1850 1.000527 
2.1950 0.993760 
2.2050 1.001704 
2.2150 0.997153 
2.2250 1.000478 
2.2350 1.006872 
2.2450 1.011038 
2.2550 1.004897 
2.2650 1.006658 
2.2750 1.007803 
2.2850 1.011518 
2.2950 1.014606 
2.3050 1.012809 
2.3150 1.012615 
2.3250 1.002388 
2.3350 1.011062 
2.3450 1.009274 
2.3550 1.001949 
2.3650 1.006287 
2.3750 1.013647 
2.3850 1.024708 
2.3950 1.007091 
2.4050 1.010020 
2.4150 1.017951 
2.4250 1.013127 
2.4350 1.003885 
2.4450 1.009996 
2.4550 1.005961 
2.4650 0.997657 
2.4750 1.014115 
2.4850 1.005192 
2.4950 1.003056 
2.5050 1.010935 
2.5150 1.013381 
2.5250 1.007073 
2.5350 1.005705 
2.5450 1.009218 
2.5550 1.015915 
2.5650 1.012628 
2.5750 1.004919 
2.5850 1.000907 
2.5950 1.000351 
2.6050 1.007348 
2.6150 1.012003 
2.6250 1.004150 
2.6350 1.011020 
2.6450 0.997702 
2.6550 1.004513 
2.6650 1.003221 
2.6750 1.005070 
2.6850 1.009040 
2.6950 1.004890 
2.7050 1.005955 
2.7150 1.002634 
2.7250 1.008656 
2.7350 0.998004 
2.7450 1.001539 
2.7550 1.000392 
2.7650 1.003058 
2.7750 1.008015 
2.7850 1.004464 
2.7950 1.007300 
2.8050 0.992590 
2.8150 0.998212 
2.8250 0.996985 
2.8350 0.994078 
2.8450 1.002401 
2.8550 0.993056 
2.8650 0.999355 
2.8750 0.997401 
2.8850 0.991698 
2.8950 0.993654 
2.9050 1.002954 
2.9150 0.996117 
2.9250 1.001984 
2.9350 1.002771 
2.9450 0.994059 
2.9550 1.000250 
2.9650 0.999390 
2.9750 0.999860 
2.9850 0.999638 
2.9950 0.994907 
3.0050 0.989325 
3.0150 1.001506 
3.0250 0.991643 
3.0350 0.993537 
3.0450 1.011145 
3.0550 0.998044 
3.0650 0.999480 
3.0750 1.000740 
3.0850 1.002601 
3.0950 1.003705 
3.1050 1.002874 
3.1150 0.999605 
3.1250 0.994550 
3.1350 1.007259 
3.1450 1.006508 
3.1550 0.996872 
3.1650 0.989080 
3.1750 0.998736 
3.1850 1.005352 
3.1950 0.994395 
3.2050 1.001623 
3.2150 1.003407 
3.2250 1.009370 
3.2350 1.000597 
3.2450 0.993750 
3.2550 1.001710 
3.2650 1.012162 
3.2750 1.003384 
3.2850 0.993487 
3.2950 0.990762 
3.3050 1.000293 
3.3150 1.010592 
3.3250 1.001590 
3.3350 1.007669 
3.3450 1.005224 
3.3550 1.002614 
3.3650 1.006375 
3.3750 1.010189 
3.3850 1.005895 
3.3950 1.002558 
3.4050 0.992410 
3.4150 1.003483 
3.4250 0.988371 
3.4350 0.997823 
3.4450 1.006450 
3.4550 0.997575 
3.4650 0.999218 
3.4750 0.999177 
3.4850 0.996019 
3.4950 1.000638 
3.5050 1.005937 
3.5150 1.004539 
3.5250 0.999389 
3.5350 1.011929 
3.5450 1.000659 
3.5550 0.991087 
3.5650 0.999299 
3.5750 1.003303 
3.5850 1.000532 
3.5950 1.001583 
3.6050 1.003008 
3.6150 1.010222 
3.6250 1.009044 
3.6350 0.994789 
3.6450 1.003843 
3.6550 1.008706 
3.6650 1.006658 
3.6750 1.001665 
3.6850 1.003732 
3.6950 0.993889 
3.7050 0.999429 
3.7150 0.998930 
3.7250 0.994552 
3.7350 1.003252 
3.7450 0.996923 
3.7550 1.005957 
3.7650 0.991339 
3.7750 0.999570 
3.7850 1.005520 
3.7950 1.004407 
3.8050 1.007548 
3.8150 1.006817 
3.8250 1.001303 
3.8350 1.001617 
3.8450 0.996368 
3.8550 1.007034 
3.8650 1.001533 
3.8750 0.992792 
3.8850 0.999774 
3.8950 1.010124 
3.9050 0.997201 
3.9150 0.994286 
3.9250 1.000997 
3.9350 1.003456 
3.9450 1.002260 
3.9550 1.007127 
3.9650 0.996823 
3.9750 1.006542 
3.9850 0.997021 
3.9950 1.001852 
4.0050 1.000721 
4.0150 1.003260 
4.0250 1.003724 
4.0350 0.993713 
4.0450 1.000692 
4.0550 0.991857 
4.0650 0.996764 
4.0750 1.011367 
4.0850 0.998382 
4.0950 1.003426 
4.1050 1.009008 
4.1150 1.008430 
4.1250 1.006900 
4.1350 1.006827 
4.1450 1.002048 
4.1550 1.007504 
4.1650 1.006423 
4.1750 1.004262 
4.1850 1.003418 
4.1950 0.999765 
4.2050 0.999608 
4.2150 0.998132 
4.2250 0.999903 
4.2350 0.997929 
4.2450 1.011321 
4.2550 1.003739 
4.2650 1.005360 
4.2750 0.998268 
4.2850 1.004127 
4.2950 0.997409 
4.3050 1.003919 
4.3150 1.008297 
4.3250 1.002071 
4.3350 1.001302 
4.3450 1.008293 
4.3550 1.002366 
4.3650 1.006148 
4.3750 0.998180 
4.3850 1.000979 
4.3950 1.001001 
4.4050 1.001121 
4.4150 0.995406 
4.4250 1.001396 
4.4350 1.002612 
4.4450 0.995932 
4.4550 0.993296 
4.4650 1.005962 
4.4750 1.001461 
4.4850 1.001043 
4.4950 1.017129 