
0.0050 0.000000 
0.0150 0.000000 
0.0250 0.000000 
0.0350 0.000000 
0.0450 0.000000 
0.0550 0.000000 
0.0650 0.000000 
0.0750 0.000000 
0.0850 0.000000 
0.0950 0.000000 
0.1050 0.000000 
0.1150 0.000000 
0.1250 0.000000 
0.1350 0.000000 
0.1450 0.000000 
0.1550 0.000000 
0.1650 0.000000 
0.1750 0.000000 
0.1850 0.000000 
0.1950 0.000000 
0.2050 0.000000 
0.2150 0.000000 
0.2250 0.000000 
0.2350 0.000000 
0.2450 0.000000 
0.2550 0.000000 
0.2650 0.000000 
0.2750 0.000000 
0.2850 0.000000 
0.2950 0.000000 
0.3050 0.000000 
0.3150 0.000000 
0.3250 0.000000 
0.3350 0.000000 
0.3450 0.000000 
0.3550 0.000000 
0.3650 0.000000 
0.3750 0.000000 
0.3850 0.000000 
0.3950 0.000000 
0.4050 0.000000 
0.4150 0.000000 
0.4250 0.000000 
0.4350 0.000000 
0.4450 0.000000 
0.4550 0.000000 
0.4650 0.000000 
0.4750 0.000000 
0.4850 0.000000 
0.4950 0.000000 
0.5050 0.000000 
0.5150 0.000000 
0.5250 0.000000 
0.5350 0.000000 
0.5450 0.000000 
0.5550 0.000306 
0.5650 0.008565 
0.5750 0.012110 
0.5850 0.021341 
0.5950 0.028837 
0.6050 0.031312 
0.6150 0.043655 
0.6250 0.056422 
0.6350 0.062901 
0.6450 0.070498 
0.6550 0.079163 
0.6650 0.082072 
0.6750 0.090565 
0.6850 0.107251 
0.6950 0.112939 
0.7050 0.118706 
0.7150 0.129668 
0.7250 0.139390 
0.7350 0.142252 
0.7450 0.165594 
0.7550 0.172657 
0.7650 0.183206 
0.7750 0.191180 
0.7850 0.214673 
0.7950 0.226764 
0.8050 0.238028 
0.8150 0.259046 
0.8250 0.260155 
0.8350 0.271028 
0.8450 0.284667 
0.8550 0.303567 
0.8650 0.328432 
0.8750 0.332875 
0.8850 0.349827 
0.8950 0.368685 
0.9050 0.378658 
0.9150 0.393627 
0.9250 0.410486 
0.9350 0.426985 
0.9450 0.448186 
0.9550 0.468857 
0.9650 0.503493 
0.9750 0.533927 
0.9850 0.682535 
0.9950 2.169826 
1.0050 8.634925 
1.0150 7.218210 
1.0250 4.514617 
1.0350 2.787319 
1.0450 1.862812 
1.0550 1.381828 
1.0650 1.176797 
1.0750 1.032426 
1.0850 0.951918 
1.0950 0.891405 
1.1050 0.869563 
1.1150 0.835873 
1.1250 0.840377 
1.1350 0.828347 
1.1450 0.837008 
1.1550 0.833337 
1.1650 0.837708 
1.1750 0.842803 
1.1850 0.843926 
1.1950 0.838107 
1.2050 0.836347 
1.2150 0.866772 
1.2250 0.855338 
1.2350 0.864051 
1.2450 0.867142 
1.2550 0.874468 
1.2650 0.890041 
1.2750 0.902493 
1.2850 0.903398 
1.2950 0.888872 
1.3050 0.908501 
1.3150 0.918879 
1.3250 0.892586 
1.3350 0.911876 
1.3450 0.930246 
1.3550 0.917926 
1.3650 0.932483 
1.3750 0.928333 
1.3850 0.937983 
1.3950 0.919598 
1.4050 0.938165 
1.4150 0.950619 
1.4250 0.943671 
1.4350 0.942114 
1.4450 0.956350 
1.4550 0.940590 
1.4650 0.958197 
1.4750 0.926201 
1.4850 0.927802 
1.4950 0.935893 
1.5050 0.934913 
1.5150 0.916197 
1.5250 0.921852 
1.5350 0.928770 
1.5450 0.927309 
1.5550 0.926416 
1.5650 0.927280 
1.5750 0.914309 
1.5850 0.925528 
1.5950 0.927773 
1.6050 0.924618 
1.6150 0.909552 
1.6250 0.920261 
1.6350 0.923163 
1.6450 0.918399 
1.6550 0.920967 
1.6650 0.915914 
1.6750 0.923208 
1.6850 0.922763 
1.6950 0.919652 
1.7050 0.924142 
1.7150 0.923998 
1.7250 0.929648 
1.7350 0.921204 
1.7450 0.919219 
1.7550 0.944023 
1.7650 0.925769 
1.7750 0.921675 
1.7850 0.931503 
1.7950 0.931372 
1.8050 0.931100 
1.8150 0.919537 
1.8250 0.942455 
1.8350 0.934260 
1.8450 0.935738 
1.8550 0.944753 
1.8650 0.950098 
1.8750 0.944269 
1.8850 0.953141 
1.8950 0.961062 
1.9050 0.972309 
1.9150 0.977818 
1.9250 0.993032 
1.9350 1.000585 
1.9450 1.024795 
1.9550 1.064359 
1.9650 1.092434 
1.9750 1.119448 
1.9850 1.185357 
1.9950 1.283840 
2.0050 1.448033 
2.0150 1.492256 
2.0250 1.400265 
2.0350 1.275630 
2.0450 1.166332 
2.0550 1.092730 
2.0650 1.065231 
2.0750 1.041374 
2.0850 1.025122 
2.0950 1.002865 
2.1050 0.989952 
2.1150 0.998696 
2.1250 0.987413 
2.1350 0.985040 
2.1450 0.967511 
2.1550 0.983017 
2.1650 0.974895 
2.1750 0.971720 
2.1850 0.972015 
2.1950 0.975150 
2.2050 0.967443 
2.2150 0.991481 
2.2250 0.969559 
2.2350 0.979417 
2.2450 0.976359 
2.2550 0.975601 
2.2650 0.981529 
2.2750 0.973279 
2.2850 0.972395 
2.2950 0.977738 
2.3050 0.972838 
2.3150 0.973666 
2.3250 0.975773 
2.3350 0.975043 
2.3450 0.984344 
2.3550 0.987359 
2.3650 0.983337 
2.3750 0.968193 
2.3850 0.974141 
2.3950 0.982323 
2.4050 0.970855 
2.4150 0.981956 
2.4250 0.984048 
2.4350 0.983280 
2.4450 0.981049 
2.4550 0.981657 
2.4650 0.986248 
2.4750 0.992805 
2.4850 0.981973 
2.4950 0.988495 
2.5050 0.978517 
2.5150 0.982281 
2.5250 0.975791 
2.5350 0.980953 
2.5450 0.977140 
2.5550 0.975330 
2.5650 0.965004 
2.5750 0.978194 
2.5850 0.979378 
2.5950 0.984934 
2.6050 0.992712 
2.6150 0.985556 
2.6250 0.966925 
2.6350 0.984546 
2.6450 0.986390 
2.6550 0.991923 
2.6650 0.985064 
2.6750 0.986918 
2.6850 0.991081 
2.6950 0.995278 
2.7050 0.991953 
2.7150 0.990416 
2.7250 0.985722 
2.7350 0.992346 
2.7450 0.991385 
2.7550 0.996544 
2.7650 0.979682 
2.7750 0.988759 
2.7850 0.987210 
2.7950 0.995737 
2.8050 0.996339 
2.8150 0.993413 
2.8250 0.996864 
2.8350 0.990368 
2.8450 1.002882 
2.8550 1.006922 
2.8650 1.005592 
2.8750 0.997907 
2.8850 0.995077 
2.8950 0.999826 
2.9050 1.005986 
2.9150 1.010872 
2.9250 0.999762 
2.9350 1.003616 
2.9450 1.015254 
2.9550 1.009828 
2.9650 1.026240 
2.9750 1.022279 
2.9850 1.032695 
2.9950 1.035763 
3.0050 1.037501 
3.0150 1.042489 
3.0250 1.039501 
3.0350 1.035236 
3.0450 1.015245 
3.0550 1.030289 
3.0650 1.011505 
3.0750 1.006246 
3.0850 1.008450 
3.0950 0.999920 
3.1050 0.993731 
3.1150 0.992577 
3.1250 0.996876 
3.1350 0.996102 
3.1450 0.991934 
3.1550 0.996384 
3.1650 0.996267 
3.1750 0.991734 
3.1850 0.996197 
3.1950 0.982243 
3.2050 0.984279 
3.2150 0.984228 
3.2250 0.996880 
3.2350 0.994332 
3.2450 0.981442 
3.2550 1.002209 
3.2650 0.988352 
3.2750 0.996359 
3.2850 0.999371 
3.2950 0.992293 
3.3050 0.993669 
3.3150 0.988354 
3.3250 1.001693 
3.3350 1.002951 
3.3450 0.992823 
3.3550 1.001850 
3.3650 0.996869 
3.3750 0.985988 
3.3850 0.993641 
3.3950 0.992054 
3.4050 0.989722 
3.4150 0.999200 
3.4250 1.003579 
3.4350 0.991324 
3.4450 0.991877 
3.4550 1.007130 
3.4650 0.993590 
3.4750 1.002746 
3.4850 0.984264 
3.4950 0.995058 
3.5050 0.996957 
3.5150 0.989258 
3.5250 0.988348 
3.5350 0.996275 
3.5450 0.999163 
3.5550 0.999459 
3.5650 0.988719 
3.5750 0.989354 
3.5850 1.013583 
3.5950 0.999013 
3.6050 0.997077 
3.6150 0.998676 
3.6250 0.997222 
3.6350 0.999895 
3.6450 1.000652 
3.6550 0.999041 
3.6650 1.002807 
3.6750 1.005621 
3.6850 1.009628 
3.6950 1.002917 
3.7050 1.000376 
3.7150 0.990733 
3.7250 0.998227 
3.7350 0.997642 
3.7450 1.012020 
3.7550 1.000331 
3.7650 0.990611 
3.7750 0.999955 
3.7850 0.994740 
3.7950 1.006413 
3.8050 0.998646 
3.8150 1.007758 
3.8250 1.001795 
3.8350 0.999632 
3.8450 1.006380 
3.8550 0.990636 
3.8650 0.990665 
3.8750 0.997009 
3.8850 1.002130 
3.8950 1.001604 
3.9050 0.998647 
3.9150 0.995707 
3.9250 1.003700 
3.9350 0.996065 
3.9450 1.004125 
3.9550 1.009506 
3.9650 0.997837 
3.9750 1.000538 
3.9850 1.001186 
3.9950 1.002494 
4.0050 1.000678 
4.0150 1.001853 
4.0250 0.989888 
4.0350 0.991615 
4.0450 1.002744 
4.0550 1.000295 
4.0650 1.000089 
4.0750 0.999905 
4.0850 1.007114 
4.0950 1.000626 
4.1050 0.999942 
4.1150 0.995478 
4.1250 0.992715 
4.1350 0.997351 
4.1450 0.997404 
4.1550 1.003139 
4.1650 0.990915 
4.1750 0.998503 
4.1850 0.988311 
4.1950 1.003537 
4.2050 0.997390 
4.2150 0.987517 
4.2250 0.999944 
4.2350 1.000413 
4.2450 0.994150 
4.2550 1.003397 
4.2650 0.997095 
4.2750 1.003651 
4.2850 1.000733 
4.2950 0.994242 
4.3050 1.004237 
4.3150 1.004073 
4.3250 1.002862 
4.3350 1.002505 
4.3450 1.006167 
4.3550 1.012031 
4.3650 1.004227 
4.3750 0.994387 
4.3850 1.006189 
4.3950 0.994539 
4.4050 1.005160 
4.4150 1.002925 
4.4250 1.001724 
4.4350 1.004426 
4.4450 0.994662 
4.4550 1.009774 
4.4650 0.996746 
4.4750 1.003335 
4.4850 1.007205 
4.4950 1.006089 