
0.0050 0.000000 
0.0150 0.000000 
0.0250 0.000000 
0.0350 0.000000 
0.0450 0.000000 
0.0550 0.000000 
0.0650 0.000000 
0.0750 0.000000 
0.0850 0.000000 
0.0950 0.000000 
0.1050 0.000000 
0.1150 0.000000 
0.1250 0.000000 
0.1350 0.000000 
0.1450 0.000000 
0.1550 0.000000 
0.1650 0.000000 
0.1750 0.000000 
0.1850 0.000000 
0.1950 0.000000 
0.2050 0.000000 
0.2150 0.000000 
0.2250 0.000000 
0.2350 0.000000 
0.2450 0.000000 
0.2550 0.000000 
0.2650 0.000000 
0.2750 0.000000 
0.2850 0.000000 
0.2950 0.000000 
0.3050 0.000000 
0.3150 0.000000 
0.3250 0.000000 
0.3350 0.000000 
0.3450 0.000000 
0.3550 0.000000 
0.3650 0.000000 
0.3750 0.000000 
0.3850 0.000000 
0.3950 0.000000 
0.4050 0.000000 
0.4150 0.000000 
0.4250 0.000000 
0.4350 0.000000 
0.4450 0.000000 
0.4550 0.000000 
0.4650 0.000000 
0.4750 0.000000 
0.4850 0.000000 
0.4950 0.000000 
0.5050 0.000000 
0.5150 0.000000 
0.5250 0.000000 
0.5350 0.000000 
0.5450 0.000000 
0.5550 0.000765 
0.5650 0.010368 
0.5750 0.026729 
0.5850 0.037309 
0.5950 0.051534 
0.6050 0.067539 
0.6150 0.076811 
0.6250 0.091362 
0.6350 0.101310 
0.6450 0.111348 
0.6550 0.128738 
0.6650 0.148037 
0.6750 0.151907 
0.6850 0.163857 
0.6950 0.181460 
0.7050 0.190727 
0.7150 0.205327 
0.7250 0.214952 
0.7350 0.232071 
0.7450 0.244851 
0.7550 0.255266 
0.7650 0.278870 
0.7750 0.280346 
0.7850 0.312142 
0.7950 0.318947 
0.8050 0.333515 
0.8150 0.352637 
0.8250 0.372845 
0.8350 0.372281 
0.8450 0.382613 
0.8550 0.412027 
0.8650 0.435152 
0.8750 0.444516 
0.8850 0.465120 
0.8950 0.476226 
0.9050 0.497536 
0.9150 0.518103 
0.9250 0.532241 
0.9350 0.556101 
0.9450 0.580271 
0.9550 0.600368 
0.9650 0.626762 
0.9750 0.666252 
0.9850 0.735484 
0.9950 1.103286 
1.0050 2.281400 
1.0150 2.254332 
1.0250 1.895491 
1.0350 1.613061 
1.0450 1.392296 
1.0550 1.264824 
1.0650 1.184401 
1.0750 1.111733 
1.0850 1.072224 
1.0950 1.062243 
1.1050 1.044957 
1.1150 1.036697 
1.1250 1.036846 
1.1350 1.036917 
1.1450 1.015835 
1.1550 1.026201 
1.1650 1.043785 
1.1750 1.025503 
1.1850 1.014798 
1.1950 1.029182 
1.2050 1.020464 
1.2150 1.041586 
1.2250 1.050457 
1.2350 1.047305 
1.2450 1.052014 
1.2550 1.057736 
1.2650 1.050082 
1.2750 1.046428 
1.2850 1.063415 
1.2950 1.055893 
1.3050 1.066991 
1.3150 1.070458 
1.3250 1.063761 
1.3350 1.071355 
1.3450 1.070588 
1.3550 1.084193 
1.3650 1.074278 
1.3750 1.076797 
1.3850 1.086796 
1.3950 1.099529 
1.4050 1.103880 
1.4150 1.103525 
1.4250 1.097366 
1.4350 1.099143 
1.4450 1.099479 
1.4550 1.097990 
1.4650 1.086908 
1.4750 1.070189 
1.4850 1.074101 
1.4950 1.070081 
1.5050 1.067816 
1.5150 1.054592 
1.5250 1.051058 
1.5350 1.057025 
1.5450 1.039596 
1.5550 1.041991 
1.5650 1.018715 
1.5750 1.028260 
1.5850 1.017752 
1.5950 1.037729 
1.6050 1.022878 
1.6150 1.012599 
1.6250 1.016844 
1.6350 1.004742 
1.6450 1.009709 
1.6550 0.996093 
1.6650 0.996078 
1.6750 0.993871 
1.6850 0.997163 
1.6950 0.981624 
1.7050 0.984349 
1.7150 0.998196 
1.7250 0.980346 
1.7350 0.979979 
1.7450 0.984413 
1.7550 0.980912 
1.7650 0.986548 
1.7750 0.974703 
1.7850 0.981985 
1.7950 0.965252 
1.8050 0.971560 
1.8150 0.961234 
1.8250 0.972550 
1.8350 0.955208 
1.8450 0.955971 
1.8550 0.964324 
1.8650 0.975977 
1.8750 0.959168 
1.8850 0.970951 
1.8950 0.962144 
1.9050 0.964596 
1.9150 0.967780 
1.9250 0.968624 
1.9350 0.970651 
1.9450 0.972130 
1.9550 0.983907 
1.9650 0.979478 
1.9750 0.990926 
1.9850 0.989089 
1.9950 0.983886 
2.0050 0.982017 
2.0150 1.002555 
2.0250 1.001033 
2.0350 0.999233 
2.0450 1.006977 
2.0550 0.989199 
2.0650 0.994682 
2.0750 0.982570 
2.0850 0.997622 
2.0950 0.987039 
2.1050 0.982686 
2.1150 0.997403 
2.1250 0.997586 
2.1350 0.986121 
2.1450 0.987191 
2.1550 0.980796 
2.1650 0.986540 
2.1750 0.980914 
2.1850 0.984178 
2.1950 0.982858 
2.2050 0.989612 
2.2150 0.983572 
2.2250 0.990915 
2.2350 0.987906 
2.2450 0.990291 
2.2550 0.998265 
2.2650 1.000546 
2.2750 0.989470 
2.2850 0.993378 
2.2950 0.995055 
2.3050 1.001537 
2.3150 0.994820 
2.3250 0.993859 
2.3350 1.002899 
2.3450 1.000854 
2.3550 1.004852 
2.3650 1.001516 
2.3750 1.008140 
2.3850 1.008760 
2.3950 0.995778 
2.4050 1.006715 
2.4150 1.006059 
2.4250 0.993600 
2.4350 1.012661 
2.4450 1.002584 
2.4550 1.006796 
2.4650 1.006604 
2.4750 1.013182 
2.4850 1.007806 
2.4950 1.010490 
2.5050 1.014995 
2.5150 1.006718 
2.5250 1.004500 
2.5350 1.004424 
2.5450 1.015264 
2.5550 1.007818 
2.5650 1.015728 
2.5750 1.002695 
2.5850 1.000973 
2.5950 1.019919 
2.6050 1.006068 
2.6150 0.996181 
2.6250 1.012682 
2.6350 1.001708 
2.6450 1.011794 
2.6550 1.002871 
2.6650 0.987085 
2.6750 1.013828 
2.6850 1.005920 
2.6950 0.997879 
2.7050 1.013382 
2.7150 1.006413 
2.7250 1.007715 
2.7350 0.996597 
2.7450 0.998174 
2.7550 1.018423 
2.7650 1.003398 
2.7750 1.003825 
2.7850 0.998968 
2.7950 1.007698 
2.8050 0.991249 
2.8150 1.001067 
2.8250 0.994534 
2.8350 1.000713 
2.8450 1.004504 
2.8550 1.007042 
2.8650 0.994878 
2.8750 0.998800 
2.8850 0.996529 
2.8950 1.004050 
2.9050 1.003014 
2.9150 1.013306 
2.9250 1.010900 
2.9350 0.999916 
2.9450 0.998792 
2.9550 0.991626 
2.9650 0.996190 
2.9750 1.007361 
2.9850 1.004393 
2.9950 1.007869 
3.0050 1.006655 
3.0150 0.996146 
3.0250 1.006003 
3.0350 0.999651 
3.0450 0.995138 
3.0550 1.005097 
3.0650 0.995937 
3.0750 1.018260 
3.0850 0.991569 
3.0950 0.993289 
3.1050 0.995383 
3.1150 1.001993 
3.1250 0.997971 
3.1350 0.998884 
3.1450 1.000227 
3.1550 0.990177 
3.1650 0.998645 
3.1750 0.992784 
3.1850 1.001620 
3.1950 1.003870 
3.2050 1.004532 
3.2150 1.003301 
3.2250 0.998948 
3.2350 1.004325 
3.2450 0.996359 
3.2550 1.007385 
3.2650 1.006086 
3.2750 0.988577 
3.2850 0.993903 
3.2950 1.006750 
3.3050 0.995454 
3.3150 0.996196 
3.3250 0.994568 
3.3350 1.004900 
3.3450 0.995227 
3.3550 0.999938 
3.3650 1.003426 
3.3750 0.998329 
3.3850 0.994348 
3.3950 1.002408 
3.4050 1.003613 
3.4150 1.002481 
3.4250 0.997336 
3.4350 1.006264 
3.4450 0.997537 
3.4550 0.997031 
3.4650 1.000106 
3.4750 0.992433 
3.4850 1.004584 
3.4950 1.016300 
3.5050 1.000032 
3.5150 1.004490 
3.5250 1.004144 
3.5350 0.995210 
3.5450 0.996026 
3.5550 1.009998 
3.5650 1.005585 
3.5750 1.003542 
3.5850 1.007689 
3.5950 0.997848 
3.6050 0.998571 
3.6150 1.008424 
3.6250 1.013621 
3.6350 0.996765 
3.6450 1.000746 
3.6550 1.003745 
3.6650 1.007615 
3.6750 0.999989 
3.6850 1.003175 
3.6950 1.002894 
3.7050 1.002823 
3.7150 0.998538 
3.7250 1.002015 
3.7350 1.004649 
3.7450 0.993816 
3.7550 0.998827 
3.7650 1.000767 
3.7750 1.005778 
3.7850 0.999803 
3.7950 0.999132 
3.8050 1.013056 
3.8150 1.004552 
3.8250 1.004925 
3.8350 1.004272 
3.8450 1.000528 
3.8550 0.999090 
3.8650 0.993078 
3.8750 0.994868 
3.8850 1.005279 
3.8950 1.003756 
3.9050 0.999020 
3.9150 1.000623 
3.9250 0.999297 
3.9350 1.000022 
3.9450 1.007638 
3.9550 1.000919 
3.9650 1.002864 
3.9750 1.001270 
3.9850 1.007497 
3.9950 0.998747 
4.0050 0.999482 
4.0150 1.000980 
4.0250 1.002407 
4.0350 0.999035 
4.0450 0.997139 
4.0550 0.993101 
4.0650 1.005350 
4.0750 1.006833 
4.0850 1.002654 
4.0950 1.006413 
4.1050 0.995441 
4.1150 1.001569 
4.1250 1.003292 
4.1350 0.997661 
4.1450 1.005742 
4.1550 1.002727 
4.1650 1.003753 
4.1750 0.996966 
4.1850 0.998982 
4.1950 0.999194 
4.2050 1.010187 
4.2150 1.004566 
4.2250 1.004176 
4.2350 1.000393 
4.2450 1.001425 
4.2550 1.009027 
4.2650 1.001769 
4.2750 1.008474 
4.2850 1.009837 
4.2950 0.994601 
4.3050 0.999547 
4.3150 1.007524 
4.3250 1.006205 
4.3350 1.004380 
4.3450 1.003174 
4.3550 1.010421 
4.3650 0.997975 
4.3750 0.999549 
4.3850 1.001584 
4.3950 1.005148 
4.4050 0.991487 
4.4150 0.994960 
4.4250 1.007254 
4.4350 1.006297 
4.4450 0.997742 
4.4550 1.006643 
4.4650 1.002437 
4.4750 0.992800 
4.4850 0.995416 
4.4950 1.003120 