
0.0050 0.000000 
0.0150 0.000000 
0.0250 0.000000 
0.0350 0.000000 
0.0450 0.000000 
0.0550 0.000000 
0.0650 0.000000 
0.0750 0.000000 
0.0850 0.000000 
0.0950 0.000000 
0.1050 0.000000 
0.1150 0.000000 
0.1250 0.000000 
0.1350 0.000000 
0.1450 0.000000 
0.1550 0.000000 
0.1650 0.000000 
0.1750 0.000000 
0.1850 0.000000 
0.1950 0.000000 
0.2050 0.000000 
0.2150 0.000000 
0.2250 0.000000 
0.2350 0.000000 
0.2450 0.000000 
0.2550 0.000000 
0.2650 0.000000 
0.2750 0.000000 
0.2850 0.000000 
0.2950 0.000000 
0.3050 0.000000 
0.3150 0.000000 
0.3250 0.000000 
0.3350 0.000000 
0.3450 0.000000 
0.3550 0.006900 
0.3650 0.017130 
0.3750 0.030654 
0.3850 0.039532 
0.3950 0.050749 
0.4050 0.060583 
0.4150 0.076271 
0.4250 0.077685 
0.4350 0.082538 
0.4450 0.100879 
0.4550 0.116933 
0.4650 0.119367 
0.4750 0.133296 
0.4850 0.127604 
0.4950 0.140127 
0.5050 0.161059 
0.5150 0.175093 
0.5250 0.179061 
0.5350 0.193034 
0.5450 0.196533 
0.5550 0.207554 
0.5650 0.207669 
0.5750 0.217527 
0.5850 0.236778 
0.5950 0.239683 
0.6050 0.241370 
0.6150 0.254055 
0.6250 0.258724 
0.6350 0.288942 
0.6450 0.288055 
0.6550 0.291347 
0.6650 0.306686 
0.6750 0.306962 
0.6850 0.321382 
0.6950 0.328293 
0.7050 0.337059 
0.7150 0.352720 
0.7250 0.356688 
0.7350 0.375712 
0.7450 0.383151 
0.7550 0.389492 
0.7650 0.409795 
0.7750 0.401247 
0.7850 0.417636 
0.7950 0.442393 
0.8050 0.430693 
0.8150 0.438288 
0.8250 0.459323 
0.8350 0.471699 
0.8450 0.487310 
0.8550 0.495089 
0.8650 0.524152 
0.8750 0.503012 
0.8850 0.527386 
0.8950 0.542273 
0.9050 0.554951 
0.9150 0.568097 
0.9250 0.574330 
0.9350 0.588631 
0.9450 0.615974 
0.9550 0.628116 
0.9650 0.642127 
0.9750 0.670971 
0.9850 0.741453 
0.9950 0.964357 
1.0050 1.626458 
1.0150 1.789711 
1.0250 1.747637 
1.0350 1.633568 
1.0450 1.488227 
1.0550 1.356294 
1.0650 1.239795 
1.0750 1.152814 
1.0850 1.097605 
1.0950 1.039428 
1.1050 1.009152 
1.1150 0.994636 
1.1250 0.976889 
1.1350 0.967569 
1.1450 0.974945 
1.1550 0.964030 
1.1650 0.948250 
1.1750 0.938617 
1.1850 0.959808 
1.1950 0.945386 
1.2050 0.939059 
1.2150 0.938664 
1.2250 0.942592 
1.2350 0.941138 
1.2450 0.950259 
1.2550 0.951487 
1.2650 0.954921 
1.2750 0.957096 
1.2850 0.960433 
1.2950 0.968330 
1.3050 0.954989 
1.3150 0.957617 
1.3250 0.963684 
1.3350 0.971513 
1.3450 0.958733 
1.3550 0.974419 
1.3650 0.965369 
1.3750 0.978421 
1.3850 0.973908 
1.3950 0.984877 
1.4050 0.982631 
1.4150 0.994168 
1.4250 0.993685 
1.4350 1.000108 
1.4450 0.995101 
1.4550 1.002658 
1.4650 1.010054 
1.4750 1.010290 
1.4850 1.013455 
1.4950 1.008297 
1.5050 1.005647 
1.5150 1.017401 
1.5250 1.012207 
1.5350 1.014867 
1.5450 1.017216 
1.5550 1.008225 
1.5650 1.019534 
1.5750 1.039210 
1.5850 1.027449 
1.5950 1.012516 
1.6050 1.035859 
1.6150 1.035651 
1.6250 1.035760 
1.6350 1.039629 
1.6450 1.030369 
1.6550 1.035462 
1.6650 1.049573 
1.6750 1.043988 
1.6850 1.016625 
1.6950 1.035182 
1.7050 1.028126 
1.7150 1.018016 
1.7250 1.013419 
1.7350 1.016602 
1.7450 1.005360 
1.7550 1.012983 
1.7650 1.013889 
1.7750 1.004344 
1.7850 1.013088 
1.7950 1.015168 
1.8050 1.015901 
1.8150 1.003071 
1.8250 0.996748 
1.8350 0.997289 
1.8450 0.985370 
1.8550 0.991078 
1.8650 0.990588 
1.8750 0.995388 
1.8850 0.999411 
1.8950 1.004880 
1.9050 0.982892 
1.9150 0.989863 
1.9250 0.990237 
1.9350 0.986457 
1.9450 0.985175 
1.9550 0.985480 
1.9650 0.996609 
1.9750 0.979506 
1.9850 1.006435 
1.9950 1.006070 
2.0050 1.001363 
2.0150 1.010271 
2.0250 1.019134 
2.0350 1.021024 
2.0450 1.004261 
2.0550 1.004875 
2.0650 1.013302 
2.0750 0.998877 
2.0850 0.998565 
2.0950 0.990017 
2.1050 0.999370 
2.1150 0.998979 
2.1250 0.987614 
2.1350 0.991404 
2.1450 0.989860 
2.1550 1.009268 
2.1650 0.991986 
2.1750 0.979382 
2.1850 0.992274 
2.1950 0.982314 
2.2050 0.990193 
2.2150 0.990247 
2.2250 0.983310 
2.2350 0.978729 
2.2450 0.988997 
2.2550 0.984355 
2.2650 0.996282 
2.2750 0.997359 
2.2850 0.989151 
2.2950 0.999002 
2.3050 0.986706 
2.3150 0.980570 
2.3250 0.988529 
2.3350 0.992540 
2.3450 0.982558 
2.3550 0.992404 
2.3650 0.994577 
2.3750 0.991730 
2.3850 0.990985 
2.3950 0.991460 
2.4050 0.979811 
2.4150 0.994025 
2.4250 0.990287 
2.4350 0.999181 
2.4450 0.999963 
2.4550 0.996908 
2.4650 0.998489 
2.4750 1.002372 
2.4850 0.992946 
2.4950 1.004049 
2.5050 0.991313 
2.5150 0.992648 
2.5250 1.004331 
2.5350 0.999366 
2.5450 0.997126 
2.5550 0.993364 
2.5650 0.994565 
2.5750 1.002363 
2.5850 0.999353 
2.5950 1.001406 
2.6050 1.004427 
2.6150 1.001182 
2.6250 1.000860 
2.6350 1.001059 
2.6450 1.005653 
2.6550 1.007894 
2.6650 1.012043 
2.6750 1.006253 
2.6850 1.010759 
2.6950 1.005049 
2.7050 1.001877 
2.7150 1.000367 
2.7250 0.997644 
2.7350 1.009727 
2.7450 1.006553 
2.7550 1.009795 
2.7650 0.993843 
2.7750 1.000960 
2.7850 1.000258 
2.7950 1.015682 
2.8050 0.995272 
2.8150 1.001432 
2.8250 0.996229 
2.8350 1.006020 
2.8450 1.001920 
2.8550 1.006173 
2.8650 1.011143 
2.8750 1.005372 
2.8850 0.998337 
2.8950 1.004316 
2.9050 1.000600 
2.9150 1.004447 
2.9250 0.994939 
2.9350 1.005364 
2.9450 1.009476 
2.9550 0.997992 
2.9650 1.005966 
2.9750 1.005752 
2.9850 1.006284 
2.9950 0.999932 
3.0050 0.998602 
3.0150 0.995579 
3.0250 0.996223 
3.0350 0.994016 
3.0450 1.007494 
3.0550 1.004201 
3.0650 1.005171 
3.0750 0.999350 
3.0850 1.000606 
3.0950 1.001081 
3.1050 0.997779 
3.1150 1.005837 
3.1250 1.006126 
3.1350 1.007040 
3.1450 1.007732 
3.1550 1.002998 
3.1650 0.996483 
3.1750 1.004770 
3.1850 0.990450 
3.1950 0.995091 
3.2050 0.997914 
3.2150 1.005030 
3.2250 1.002210 
3.2350 0.997927 
3.2450 1.000997 
3.2550 0.993828 
3.2650 1.002026 
3.2750 1.002444 
3.2850 0.996559 
3.2950 1.009450 
3.3050 0.998767 
3.3150 1.012656 
3.3250 0.997501 
3.3350 0.990872 
3.3450 0.999318 
3.3550 1.001723 
3.3650 1.001673 
3.3750 1.002637 
3.3850 0.988689 
3.3950 0.999913 
3.4050 1.003210 
3.4150 0.996545 
3.4250 1.001631 
3.4350 0.995931 
3.4450 1.006102 
3.4550 1.008715 
3.4650 1.004080 
3.4750 1.002549 
3.4850 1.004216 
3.4950 1.003281 
3.5050 1.000447 
3.5150 0.989356 
3.5250 1.002543 
3.5350 0.994678 
3.5450 1.009103 
3.5550 1.002973 
3.5650 1.004217 
3.5750 1.007824 
3.5850 0.993613 
3.5950 1.003273 
3.6050 1.004788 
3.6150 1.004473 
3.6250 0.999653 
3.6350 1.004012 
3.6450 1.003233 
3.6550 1.001943 
3.6650 0.993915 
3.6750 0.994542 
3.6850 1.003314 
3.6950 0.999445 
3.7050 1.003377 
3.7150 0.999574 
3.7250 1.003807 
3.7350 0.997367 
3.7450 1.001445 
3.7550 1.004727 
3.7650 0.996269 
3.7750 1.003603 
3.7850 0.996661 
3.7950 1.003460 
3.8050 1.003299 
3.8150 1.001951 
3.8250 1.004188 
3.8350 0.995149 
3.8450 1.004244 
3.8550 1.007212 
3.8650 1.003369 
3.8750 1.001402 
3.8850 0.996868 
3.8950 1.006918 
3.9050 1.000093 
3.9150 1.007724 
3.9250 1.000866 
3.9350 0.996391 
3.9450 1.002347 
3.9550 1.002671 
3.9650 1.012249 
3.9750 0.996557 
3.9850 1.004792 
3.9950 1.003565 
4.0050 0.993159 
4.0150 1.004772 
4.0250 1.003639 
4.0350 1.009212 
4.0450 0.997753 
4.0550 1.003923 
4.0650 1.005035 
4.0750 0.998246 
4.0850 1.003722 
4.0950 1.003196 
4.1050 1.010133 
4.1150 0.998160 
4.1250 0.999289 
4.1350 1.004158 
4.1450 1.001140 
4.1550 1.004807 
4.1650 0.994838 
4.1750 0.996598 
4.1850 1.014825 
4.1950 0.997868 
4.2050 1.001703 
4.2150 1.002536 
4.2250 1.005370 
4.2350 1.002312 
4.2450 1.000074 
4.2550 1.000080 
4.2650 1.004136 
4.2750 1.007594 
4.2850 1.003688 
4.2950 0.997230 
4.3050 0.999309 
4.3150 1.002983 
4.3250 1.000132 
4.3350 0.999663 
4.3450 0.998823 
4.3550 0.992485 
4.3650 1.008050 
4.3750 1.002521 
4.3850 1.002735 
4.3950 1.001021 
4.4050 1.007530 
4.4150 1.005929 
4.4250 1.000970 
4.4350 1.000027 
4.4450 0.993873 
4.4550 0.996254 
4.4650 1.002150 
4.4750 1.007694 
4.4850 0.999955 
4.4950 0.997981 