
0.0050 0.000000 
0.0150 0.000000 
0.0250 0.000000 
0.0350 0.000000 
0.0450 0.000000 
0.0550 0.000000 
0.0650 0.000000 
0.0750 0.000000 
0.0850 0.000000 
0.0950 0.000000 
0.1050 0.000000 
0.1150 0.000000 
0.1250 0.000000 
0.1350 0.000000 
0.1450 0.000000 
0.1550 0.000000 
0.1650 0.000000 
0.1750 0.000000 
0.1850 0.000000 
0.1950 0.000000 
0.2050 0.000000 
0.2150 0.000000 
0.2250 0.000000 
0.2350 0.000000 
0.2450 0.000000 
0.2550 0.000000 
0.2650 0.000000 
0.2750 0.000000 
0.2850 0.000000 
0.2950 0.000000 
0.3050 0.000000 
0.3150 0.000000 
0.3250 0.000000 
0.3350 0.000000 
0.3450 0.000000 
0.3550 0.000000 
0.3650 0.000000 
0.3750 0.000000 
0.3850 0.000000 
0.3950 0.000000 
0.4050 0.000000 
0.4150 0.000000 
0.4250 0.000000 
0.4350 0.000000 
0.4450 0.000000 
0.4550 0.000000 
0.4650 0.000000 
0.4750 0.000000 
0.4850 0.000000 
0.4950 0.000000 
0.5050 0.000000 
0.5150 0.000000 
0.5250 0.000000 
0.5350 0.000000 
0.5450 0.000000 
0.5550 0.000000 
0.5650 0.000000 
0.5750 0.000000 
0.5850 0.000000 
0.5950 0.000000 
0.6050 0.000000 
0.6150 0.000000 
0.6250 0.000000 
0.6350 0.000000 
0.6450 0.000000 
0.6550 0.000000 
0.6650 0.000000 
0.6750 0.000000 
0.6850 0.000000 
0.6950 0.000000 
0.7050 0.000000 
0.7150 0.000000 
0.7250 0.000000 
0.7350 0.000000 
0.7450 0.000000 
0.7550 0.000000 
0.7650 0.000000 
0.7750 0.000000 
0.7850 0.000000 
0.7950 0.000000 
0.8050 0.000000 
0.8150 0.002821 
0.8250 0.023631 
0.8350 0.051290 
0.8450 0.082931 
0.8550 0.104774 
0.8650 0.126607 
0.8750 0.154369 
0.8850 0.191033 
0.8950 0.213750 
0.9050 0.242461 
0.9150 0.272411 
0.9250 0.304295 
0.9350 0.348167 
0.9450 0.383271 
0.9550 0.463949 
0.9650 0.601685 
0.9750 0.879508 
0.9850 1.339029 
0.9950 2.055395 
1.0050 2.919721 
1.0150 3.656508 
1.0250 4.175834 
1.0350 4.271078 
1.0450 3.972058 
1.0550 3.265125 
1.0650 2.499362 
1.0750 1.907981 
1.0850 1.548654 
1.0950 1.329945 
1.1050 1.212557 
1.1150 1.139250 
1.1250 1.095514 
1.1350 1.078692 
1.1450 1.076313 
1.1550 1.071686 
1.1650 1.078924 
1.1750 1.077112 
1.1850 1.063886 
1.1950 1.070438 
1.2050 1.053026 
1.2150 1.034075 
1.2250 1.024623 
1.2350 1.025063 
1.2450 1.013437 
1.2550 1.003422 
1.2650 1.007391 
1.2750 1.002733 
1.2850 0.991308 
1.2950 0.974854 
1.3050 0.968981 
1.3150 0.965793 
1.3250 0.969480 
1.3350 0.958218 
1.3450 0.961334 
1.3550 0.960438 
1.3650 0.940361 
1.3750 0.952601 
1.3850 0.948520 
1.3950 0.930121 
1.4050 0.932030 
1.4150 0.933065 
1.4250 0.930494 
1.4350 0.919868 
1.4450 0.910867 
1.4550 0.915363 
1.4650 0.928015 
1.4750 0.904267 
1.4850 0.899290 
1.4950 0.893980 
1.5050 0.892598 
1.5150 0.907237 
1.5250 0.911719 
1.5350 0.885165 
1.5450 0.898298 
1.5550 0.890563 
1.5650 0.896893 
1.5750 0.885416 
1.5850 0.894068 
1.5950 0.886553 
1.6050 0.883760 
1.6150 0.891258 
1.6250 0.889679 
1.6350 0.873600 
1.6450 0.891250 
1.6550 0.883972 
1.6650 0.885243 
1.6750 0.876813 
1.6850 0.887640 
1.6950 0.871788 
1.7050 0.872851 
1.7150 0.878383 
1.7250 0.878454 
1.7350 0.865677 
1.7450 0.887454 
1.7550 0.896136 
1.7650 0.889911 
1.7750 0.883324 
1.7850 0.891931 
1.7950 0.883264 
1.8050 0.883826 
1.8150 0.885182 
1.8250 0.886242 
1.8350 0.892831 
1.8450 0.888930 
1.8550 0.899302 
1.8650 0.915745 
1.8750 0.910875 
1.8850 0.922777 
1.8950 0.928469 
1.9050 0.933922 
1.9150 0.933162 
1.9250 0.928594 
1.9350 0.948708 
1.9450 0.961105 
1.9550 0.969137 
1.9650 0.979652 
1.9750 1.005202 
1.9850 1.059591 
1.9950 1.102343 
2.0050 1.201730 
2.0150 1.294280 
2.0250 1.420602 
2.0350 1.470446 
2.0450 1.464693 
2.0550 1.387606 
2.0650 1.298561 
2.0750 1.203701 
2.0850 1.142944 
2.0950 1.089740 
2.1050 1.059245 
2.1150 1.046895 
2.1250 1.025936 
2.1350 1.023823 
2.1450 1.016074 
2.1550 1.011251 
2.1650 1.007932 
2.1750 1.009045 
2.1850 1.009366 
2.1950 1.005712 
2.2050 1.007440 
2.2150 0.994915 
2.2250 1.001554 
2.2350 0.991615 
2.2450 0.991129 
2.2550 0.997014 
2.2650 1.005979 
2.2750 0.993002 
2.2850 0.994799 
2.2950 0.986899 
2.3050 0.984518 
2.3150 0.997700 
2.3250 0.979265 
2.3350 0.991259 
2.3450 0.976981 
2.3550 0.993093 
2.3650 0.996095 
2.3750 0.991909 
2.3850 0.991558 
2.3950 0.989104 
2.4050 0.980771 
2.4150 0.989637 
2.4250 0.974249 
2.4350 0.976259 
2.4450 0.975945 
2.4550 0.978001 
2.4650 0.981497 
2.4750 0.984068 
2.4850 0.968729 
2.4950 0.986645 
2.5050 0.981826 
2.5150 0.983096 
2.5250 0.971560 
2.5350 0.974040 
2.5450 0.984530 
2.5550 0.977405 
2.5650 0.975302 
2.5750 0.972152 
2.5850 0.979940 
2.5950 0.971691 
2.6050 0.980209 
2.6150 0.971368 
2.6250 0.975816 
2.6350 0.984384 
2.6450 0.977824 
2.6550 0.961623 
2.6650 0.972617 
2.6750 0.966400 
2.6850 0.980765 
2.6950 0.969709 
2.7050 0.978299 
2.7150 0.980685 
2.7250 0.976874 
2.7350 0.974840 
2.7450 0.979798 
2.7550 0.975659 
2.7650 0.983145 
2.7750 0.974925 
2.7850 0.973058 
2.7950 0.975027 
2.8050 0.984330 
2.8150 0.994416 
2.8250 0.977312 
2.8350 0.975982 
2.8450 0.979891 
2.8550 0.991229 
2.8650 0.977927 
2.8750 0.997461 
2.8850 0.990127 
2.8950 0.996489 
2.9050 0.986766 
2.9150 0.993712 
2.9250 0.989589 
2.9350 1.001168 
2.9450 1.007908 
2.9550 1.006702 
2.9650 1.013723 
2.9750 1.017852 
2.9850 1.015680 
2.9950 1.022886 
3.0050 1.036505 
3.0150 1.040872 
3.0250 1.045409 
3.0350 1.066679 
3.0450 1.055459 
3.0550 1.049043 
3.0650 1.031453 
3.0750 1.026463 
3.0850 1.022531 
3.0950 1.006274 
3.1050 1.014083 
3.1150 1.006385 
3.1250 1.000242 
3.1350 1.006740 
3.1450 1.002728 
3.1550 1.005031 
3.1650 0.996997 
3.1750 0.999949 
3.1850 1.000653 
3.1950 0.996001 
3.2050 0.996900 
3.2150 1.005162 
3.2250 0.994811 
3.2350 1.008105 
3.2450 1.003553 
3.2550 0.994511 
3.2650 1.001711 
3.2750 1.010669 
3.2850 0.985781 
3.2950 1.003610 
3.3050 0.986475 
3.3150 0.999267 
3.3250 1.000150 
3.3350 0.999899 
3.3450 0.998832 
3.3550 1.003762 
3.3650 0.996005 
3.3750 0.994908 
3.3850 0.997102 
3.3950 1.002433 
3.4050 1.003562 
3.4150 1.000452 
3.4250 1.001306 
3.4350 1.001309 
3.4450 1.002205 
3.4550 0.995298 
3.4650 0.995515 
3.4750 0.989750 
3.4850 0.991209 
3.4950 0.998533 
3.5050 0.994517 
3.5150 0.984805 
3.5250 0.990532 
3.5350 0.995767 
3.5450 0.992238 
3.5550 0.995923 
3.5650 0.992653 
3.5750 0.996747 
3.5850 0.991919 
3.5950 0.998871 
3.6050 0.985189 
3.6150 0.991980 
3.6250 0.989790 
3.6350 0.990459 
3.6450 0.993002 
3.6550 0.994174 
3.6650 0.997089 
3.6750 0.991843 
3.6850 0.983352 
3.6950 0.998843 
3.7050 0.990217 
3.7150 0.994648 
3.7250 0.991797 
3.7350 0.998856 
3.7450 0.986279 
3.7550 0.996481 
3.7650 0.994111 
3.7750 0.998550 
3.7850 1.006763 
3.7950 0.997014 
3.8050 1.002827 
3.8150 1.007893 
3.8250 0.998150 
3.8350 1.004316 
3.8450 0.991341 
3.8550 1.000111 
3.8650 0.991728 
3.8750 1.004095 
3.8850 1.006886 
3.8950 0.998638 
3.9050 0.991440 
3.9150 0.997170 
3.9250 1.003961 
3.9350 0.996783 
3.9450 1.005101 
3.9550 0.999037 
3.9650 1.007114 
3.9750 1.002776 
3.9850 1.005007 
3.9950 1.003651 
4.0050 0.996748 
4.0150 1.009247 
4.0250 1.009081 
4.0350 1.020660 
4.0450 1.013149 
4.0550 1.000442 
4.0650 1.001752 
4.0750 1.000640 
4.0850 0.993691 
4.0950 0.998725 
4.1050 0.999317 
4.1150 1.001319 
4.1250 0.998128 
4.1350 1.001592 
4.1450 1.005536 
4.1550 0.997333 
4.1650 1.002746 
4.1750 0.998790 
4.1850 0.998962 
4.1950 1.002130 
4.2050 1.010187 
4.2150 0.997990 
4.2250 0.997453 
4.2350 0.999605 
4.2450 1.005173 
4.2550 0.993022 
4.2650 1.005861 
4.2750 0.989402 
4.2850 1.004187 
4.2950 0.999043 
4.3050 1.006582 
4.3150 0.999791 
4.3250 1.000429 
4.3350 1.009097 
4.3450 0.995101 
4.3550 1.012896 
4.3650 1.006619 
4.3750 1.002658 
4.3850 1.004062 
4.3950 1.006841 
4.4050 1.006481 
4.4150 0.997538 
4.4250 1.000197 
4.4350 0.995861 
4.4450 0.996221 
4.4550 1.009774 
4.4650 0.993642 
4.4750 0.998784 
4.4850 0.997323 
4.4950 0.998324 