
0.0050 0.000000 
0.0150 0.000000 
0.0250 0.000000 
0.0350 0.000000 
0.0450 0.000000 
0.0550 0.000000 
0.0650 0.000000 
0.0750 0.000000 
0.0850 0.000000 
0.0950 0.000000 
0.1050 0.000000 
0.1150 0.000000 
0.1250 0.000000 
0.1350 0.000000 
0.1450 0.000000 
0.1550 0.000000 
0.1650 0.000000 
0.1750 0.000000 
0.1850 0.000000 
0.1950 0.000000 
0.2050 0.000000 
0.2150 0.000000 
0.2250 0.000000 
0.2350 0.000000 
0.2450 0.000000 
0.2550 0.000000 
0.2650 0.000000 
0.2750 0.000000 
0.2850 0.000000 
0.2950 0.000000 
0.3050 0.000000 
0.3150 0.000000 
0.3250 0.000000 
0.3350 0.000000 
0.3450 0.000245 
0.3550 0.004044 
0.3650 0.009723 
0.3750 0.016229 
0.3850 0.021962 
0.3950 0.026124 
0.4050 0.035932 
0.4150 0.038339 
0.4250 0.051790 
0.4350 0.048082 
0.4450 0.054627 
0.4550 0.070197 
0.4650 0.068886 
0.4750 0.074589 
0.4850 0.076912 
0.4950 0.089592 
0.5050 0.102615 
0.5150 0.110689 
0.5250 0.108762 
0.5350 0.114362 
0.5450 0.120536 
0.5550 0.128478 
0.5650 0.144557 
0.5750 0.147085 
0.5850 0.147931 
0.5950 0.159884 
0.6050 0.160774 
0.6150 0.174758 
0.6250 0.181909 
0.6350 0.178398 
0.6450 0.198054 
0.6550 0.199206 
0.6650 0.210935 
0.6750 0.224459 
0.6850 0.221330 
0.6950 0.231506 
0.7050 0.238620 
0.7150 0.243990 
0.7250 0.263175 
0.7350 0.273508 
0.7450 0.276599 
0.7550 0.277242 
0.7650 0.286323 
0.7750 0.306371 
0.7850 0.323527 
0.7950 0.325478 
0.8050 0.333832 
0.8150 0.338848 
0.8250 0.351484 
0.8350 0.359739 
0.8450 0.375055 
0.8550 0.392008 
0.8650 0.395379 
0.8750 0.397991 
0.8850 0.410553 
0.8950 0.421599 
0.9050 0.438709 
0.9150 0.446881 
0.9250 0.466205 
0.9350 0.477283 
0.9450 0.492275 
0.9550 0.507043 
0.9650 0.529012 
0.9750 0.561633 
0.9850 0.697676 
0.9950 1.585764 
1.0050 4.971048 
1.0150 5.526664 
1.0250 4.868785 
1.0350 3.934729 
1.0450 3.002557 
1.0550 2.253864 
1.0650 1.728413 
1.0750 1.391847 
1.0850 1.151275 
1.0950 1.033121 
1.1050 0.950044 
1.1150 0.884206 
1.1250 0.840831 
1.1350 0.820307 
1.1450 0.814664 
1.1550 0.799002 
1.1650 0.781924 
1.1750 0.793299 
1.1850 0.787784 
1.1950 0.793710 
1.2050 0.800104 
1.2150 0.793406 
1.2250 0.806384 
1.2350 0.798154 
1.2450 0.782381 
1.2550 0.790923 
1.2650 0.804051 
1.2750 0.813428 
1.2850 0.811571 
1.2950 0.824303 
1.3050 0.830761 
1.3150 0.819600 
1.3250 0.827349 
1.3350 0.848532 
1.3450 0.844213 
1.3550 0.849468 
1.3650 0.852770 
1.3750 0.866452 
1.3850 0.862129 
1.3950 0.875854 
1.4050 0.880698 
1.4150 0.886681 
1.4250 0.891441 
1.4350 0.891020 
1.4450 0.886648 
1.4550 0.904804 
1.4650 0.905349 
1.4750 0.900100 
1.4850 0.906188 
1.4950 0.916421 
1.5050 0.919087 
1.5150 0.914787 
1.5250 0.909257 
1.5350 0.919871 
1.5450 0.920457 
1.5550 0.921529 
1.5650 0.933118 
1.5750 0.941577 
1.5850 0.938080 
1.5950 0.932217 
1.6050 0.938290 
1.6150 0.950475 
1.6250 0.957623 
1.6350 0.956693 
1.6450 0.943731 
1.6550 0.945167 
1.6650 0.953150 
1.6750 0.937331 
1.6850 0.946938 
1.6950 0.949126 
1.7050 0.944278 
1.7150 0.948648 
1.7250 0.946877 
1.7350 0.941534 
1.7450 0.950397 
1.7550 0.951566 
1.7650 0.941206 
1.7750 0.934619 
1.7850 0.936910 
1.7950 0.937606 
1.8050 0.942553 
1.8150 0.940903 
1.8250 0.936932 
1.8350 0.949994 
1.8450 0.948702 
1.8550 0.948529 
1.8650 0.941166 
1.8750 0.955705 
1.8850 0.953232 
1.8950 0.953759 
1.9050 0.954237 
1.9150 0.954620 
1.9250 0.964009 
1.9350 0.970695 
1.9450 0.984912 
1.9550 0.987622 
1.9650 1.017130 
1.9750 1.046298 
1.9850 1.103880 
1.9950 1.170694 
2.0050 1.341373 
2.0150 1.432341 
2.0250 1.451741 
2.0350 1.389916 
2.0450 1.296983 
2.0550 1.229275 
2.0650 1.155890 
2.0750 1.101948 
2.0850 1.063357 
2.0950 1.037003 
2.1050 1.019423 
2.1150 0.999262 
2.1250 0.979290 
2.1350 0.985120 
2.1450 0.981733 
2.1550 0.968544 
2.1650 0.977698 
2.1750 0.966652 
2.1850 0.970568 
2.1950 0.968882 
2.2050 0.970698 
2.2150 0.968139 
2.2250 0.966717 
2.2350 0.965537 
2.2450 0.961817 
2.2550 0.965406 
2.2650 0.968926 
2.2750 0.960469 
2.2850 0.958855 
2.2950 0.958113 
2.3050 0.964829 
2.3150 0.962627 
2.3250 0.966583 
2.3350 0.968199 
2.3450 0.967432 
2.3550 0.961518 
2.3650 0.977049 
2.3750 0.963803 
2.3850 0.965182 
2.3950 0.972473 
2.4050 0.974018 
2.4150 0.979195 
2.4250 0.973756 
2.4350 0.975171 
2.4450 0.973917 
2.4550 0.973162 
2.4650 0.970956 
2.4750 0.979647 
2.4850 0.978533 
2.4950 0.980101 
2.5050 0.975479 
2.5150 0.967122 
2.5250 0.983239 
2.5350 0.978964 
2.5450 0.982078 
2.5550 0.987609 
2.5650 0.984467 
2.5750 0.990776 
2.5850 0.975046 
2.5950 0.975314 
2.6050 0.992843 
2.6150 0.979573 
2.6250 0.985423 
2.6350 0.988277 
2.6450 0.983772 
2.6550 0.988928 
2.6650 0.996966 
2.6750 0.992703 
2.6850 0.986306 
2.6950 1.002162 
2.7050 0.995209 
2.7150 0.995644 
2.7250 0.989298 
2.7350 0.980811 
2.7450 0.986993 
2.7550 0.989841 
2.7650 0.992977 
2.7750 0.983767 
2.7850 0.985399 
2.7950 0.997879 
2.8050 0.992071 
2.8150 0.992502 
2.8250 0.989237 
2.8350 0.988951 
2.8450 0.995278 
2.8550 1.002280 
2.8650 1.005681 
2.8750 0.993179 
2.8850 0.994188 
2.8950 0.998025 
2.9050 1.002690 
2.9150 1.001925 
2.9250 1.007041 
2.9350 1.011132 
2.9450 1.005092 
2.9550 1.012200 
2.9650 1.008331 
2.9750 1.009460 
2.9850 1.017485 
2.9950 1.018604 
3.0050 1.038355 
3.0150 1.051763 
3.0250 1.034667 
3.0350 1.049267 
3.0450 1.032741 
3.0550 1.030765 
3.0650 1.017280 
3.0750 1.019177 
3.0850 1.008977 
3.0950 0.999312 
3.1050 1.005105 
3.1150 0.991973 
3.1250 0.994277 
3.1350 1.005022 
3.1450 0.998759 
3.1550 0.998092 
3.1650 0.985405 
3.1750 0.995181 
3.1850 0.995256 
3.1950 0.992414 
3.2050 1.003224 
3.2150 0.987766 
3.2250 1.000566 
3.2350 0.996130 
3.2450 1.000101 
3.2550 0.987364 
3.2650 0.989820 
3.2750 0.985809 
3.2850 0.986874 
3.2950 0.991177 
3.3050 1.002622 
3.3150 0.992250 
3.3250 0.996266 
3.3350 0.997181 
3.3450 0.998295 
3.3550 0.985612 
3.3650 0.983348 
3.3750 0.995896 
3.3850 0.992984 
3.3950 0.994447 
3.4050 0.987311 
3.4150 0.996020 
3.4250 0.984026 
3.4350 0.995532 
3.4450 0.989668 
3.4550 0.990916 
3.4650 0.993491 
3.4750 0.997602 
3.4850 0.995430 
3.4950 0.987961 
3.5050 0.989270 
3.5150 0.993030 
3.5250 1.000311 
3.5350 0.997340 
3.5450 0.990646 
3.5550 0.994190 
3.5650 1.001099 
3.5750 0.990144 
3.5850 0.996404 
3.5950 1.003558 
3.6050 1.001205 
3.6150 0.994772 
3.6250 1.005599 
3.6350 0.999118 
3.6450 0.997648 
3.6550 1.000796 
3.6650 1.005211 
3.6750 0.994496 
3.6850 1.005775 
3.6950 1.005325 
3.7050 0.999937 
3.7150 1.005492 
3.7250 0.994989 
3.7350 1.001535 
3.7450 0.999389 
3.7550 1.005183 
3.7650 1.000404 
3.7750 0.996556 
3.7850 1.000074 
3.7950 0.992956 
3.8050 1.001276 
3.8150 0.998946 
3.8250 0.999961 
3.8350 1.000435 
3.8450 0.998015 
3.8550 1.001376 
3.8650 0.998766 
3.8750 0.995177 
3.8850 0.998959 
3.8950 1.010037 
3.9050 1.007497 
3.9150 0.990812 
3.9250 0.999559 
3.9350 0.992131 
3.9450 0.998509 
3.9550 1.007884 
3.9650 1.002540 
3.9750 0.994899 
3.9850 1.000757 
3.9950 1.007184 
4.0050 1.004843 
4.0150 1.003515 
4.0250 1.012120 
4.0350 1.006371 
4.0450 1.004943 
4.0550 0.998185 
4.0650 1.000826 
4.0750 1.009688 
4.0850 0.994864 
4.0950 0.991810 
4.1050 0.997525 
4.1150 0.993066 
4.1250 0.998791 
4.1350 1.001530 
4.1450 1.007043 
4.1550 0.992227 
4.1650 0.998906 
4.1750 0.998524 
4.1850 0.996897 
4.1950 0.997134 
4.2050 0.996637 
4.2150 0.993058 
4.2250 1.005492 
4.2350 1.003281 
4.2450 0.996588 
4.2550 1.001668 
4.2650 1.000706 
4.2750 1.004712 
4.2850 0.998417 
4.2950 0.995955 
4.3050 0.996884 
4.3150 1.000604 
4.3250 1.000607 
4.3350 0.998914 
4.3450 1.006383 
4.3550 0.997180 
4.3650 1.000307 
4.3750 1.007156 
4.3850 1.009271 
4.3950 1.010715 
4.4050 0.993895 
4.4150 0.997014 
4.4250 0.998902 
4.4350 1.000085 
4.4450 1.001130 
4.4550 0.999979 
4.4650 0.999448 
4.4750 1.004730 
4.4850 0.997705 
4.4950 1.000779 