
0.0050 0.000000 
0.0150 0.000000 
0.0250 0.000000 
0.0350 0.000000 
0.0450 0.000000 
0.0550 0.000000 
0.0650 0.000000 
0.0750 0.000000 
0.0850 0.000000 
0.0950 0.000000 
0.1050 0.000000 
0.1150 0.000000 
0.1250 0.000000 
0.1350 0.000000 
0.1450 0.000000 
0.1550 0.000000 
0.1650 0.000000 
0.1750 0.000000 
0.1850 0.000000 
0.1950 0.000000 
0.2050 0.000000 
0.2150 0.000000 
0.2250 0.000000 
0.2350 0.000000 
0.2450 0.000000 
0.2550 0.000000 
0.2650 0.000000 
0.2750 0.000000 
0.2850 0.000000 
0.2950 0.000000 
0.3050 0.000000 
0.3150 0.000000 
0.3250 0.000000 
0.3350 0.000000 
0.3450 0.000000 
0.3550 0.000000 
0.3650 0.000000 
0.3750 0.000000 
0.3850 0.000000 
0.3950 0.000000 
0.4050 0.000000 
0.4150 0.000000 
0.4250 0.000000 
0.4350 0.000000 
0.4450 0.000000 
0.4550 0.000000 
0.4650 0.000000 
0.4750 0.000000 
0.4850 0.000000 
0.4950 0.000000 
0.5050 0.000000 
0.5150 0.000000 
0.5250 0.000000 
0.5350 0.000000 
0.5450 0.000000 
0.5550 0.000000 
0.5650 0.000000 
0.5750 0.000000 
0.5850 0.000000 
0.5950 0.000000 
0.6050 0.000000 
0.6150 0.000000 
0.6250 0.000000 
0.6350 0.000000 
0.6450 0.000000 
0.6550 0.000000 
0.6650 0.000000 
0.6750 0.004031 
0.6850 0.007448 
0.6950 0.018109 
0.7050 0.026902 
0.7150 0.029978 
0.7250 0.040010 
0.7350 0.051160 
0.7450 0.057330 
0.7550 0.065366 
0.7650 0.084874 
0.7750 0.093119 
0.7850 0.099638 
0.7950 0.112953 
0.8050 0.110396 
0.8150 0.117720 
0.8250 0.133638 
0.8350 0.138981 
0.8450 0.142485 
0.8550 0.156963 
0.8650 0.168548 
0.8750 0.208193 
0.8850 0.277840 
0.8950 0.422646 
0.9050 0.703665 
0.9150 1.221474 
0.9250 2.004813 
0.9350 2.955182 
0.9450 4.004374 
0.9550 4.964346 
0.9650 5.718650 
0.9750 6.193700 
0.9850 6.279428 
0.9950 5.986401 
1.0050 5.355465 
1.0150 4.380352 
1.0250 3.352658 
1.0350 2.459452 
1.0450 1.706762 
1.0550 1.220624 
1.0650 0.917519 
1.0750 0.760877 
1.0850 0.647106 
1.0950 0.610310 
1.1050 0.563916 
1.1150 0.552915 
1.1250 0.548629 
1.1350 0.540360 
1.1450 0.536331 
1.1550 0.534514 
1.1650 0.559155 
1.1750 0.554562 
1.1850 0.549181 
1.1950 0.574369 
1.2050 0.578117 
1.2150 0.582505 
1.2250 0.589677 
1.2350 0.604538 
1.2450 0.589013 
1.2550 0.606703 
1.2650 0.611503 
1.2750 0.616494 
1.2850 0.616231 
1.2950 0.634946 
1.3050 0.620161 
1.3150 0.643754 
1.3250 0.653532 
1.3350 0.644053 
1.3450 0.643279 
1.3550 0.658073 
1.3650 0.656334 
1.3750 0.660887 
1.3850 0.668272 
1.3950 0.669922 
1.4050 0.671185 
1.4150 0.672792 
1.4250 0.682941 
1.4350 0.676176 
1.4450 0.683918 
1.4550 0.703345 
1.4650 0.693142 
1.4750 0.704605 
1.4850 0.713385 
1.4950 0.706973 
1.5050 0.709892 
1.5150 0.712209 
1.5250 0.722109 
1.5350 0.723427 
1.5450 0.709863 
1.5550 0.714537 
1.5650 0.721769 
1.5750 0.727447 
1.5850 0.728044 
1.5950 0.729328 
1.6050 0.739216 
1.6150 0.741526 
1.6250 0.728884 
1.6350 0.731125 
1.6450 0.739204 
1.6550 0.754874 
1.6650 0.752508 
1.6750 0.752362 
1.6850 0.754702 
1.6950 0.753840 
1.7050 0.781288 
1.7150 0.792880 
1.7250 0.798942 
1.7350 0.821227 
1.7450 0.832931 
1.7550 0.849660 
1.7650 0.860103 
1.7750 0.889724 
1.7850 0.898534 
1.7950 0.940080 
1.8050 0.965409 
1.8150 1.003542 
1.8250 1.034753 
1.8350 1.075354 
1.8450 1.114682 
1.8550 1.166896 
1.8650 1.210810 
1.8750 1.253893 
1.8850 1.314874 
1.8950 1.390045 
1.9050 1.458598 
1.9150 1.531211 
1.9250 1.628190 
1.9350 1.697370 
1.9450 1.739618 
1.9550 1.775359 
1.9650 1.815565 
1.9750 1.834557 
1.9850 1.811952 
1.9950 1.778225 
2.0050 1.710018 
2.0150 1.636508 
2.0250 1.520895 
2.0350 1.397684 
2.0450 1.275089 
2.0550 1.155099 
2.0650 1.086831 
2.0750 1.004189 
2.0850 0.964509 
2.0950 0.930386 
2.1050 0.908765 
2.1150 0.906297 
2.1250 0.893718 
2.1350 0.883618 
2.1450 0.882257 
2.1550 0.894114 
2.1650 0.878349 
2.1750 0.884771 
2.1850 0.880731 
2.1950 0.875015 
2.2050 0.883225 
2.2150 0.883336 
2.2250 0.874574 
2.2350 0.881453 
2.2450 0.866724 
2.2550 0.868119 
2.2650 0.877539 
2.2750 0.869970 
2.2850 0.883975 
2.2950 0.878977 
2.3050 0.889781 
2.3150 0.881331 
2.3250 0.880894 
2.3350 0.885439 
2.3450 0.881270 
2.3550 0.873325 
2.3650 0.873580 
2.3750 0.866275 
2.3850 0.878311 
2.3950 0.877506 
2.4050 0.894550 
2.4150 0.889933 
2.4250 0.880420 
2.4350 0.868668 
2.4450 0.887321 
2.4550 0.870936 
2.4650 0.873097 
2.4750 0.868748 
2.4850 0.881220 
2.4950 0.876290 
2.5050 0.884401 
2.5150 0.882081 
2.5250 0.897316 
2.5350 0.903260 
2.5450 0.911272 
2.5550 0.912128 
2.5650 0.909479 
2.5750 0.895563 
2.5850 0.897066 
2.5950 0.910812 
2.6050 0.917922 
2.6150 0.930928 
2.6250 0.924945 
2.6350 0.932538 
2.6450 0.931217 
2.6550 0.941530 
2.6650 0.956673 
2.6750 0.952784 
2.6850 0.963666 
2.6950 0.973009 
2.7050 0.971599 
2.7150 0.973632 
2.7250 0.988200 
2.7350 1.002224 
2.7450 0.999826 
2.7550 1.010726 
2.7650 1.013757 
2.7750 1.027179 
2.7850 1.035378 
2.7950 1.051717 
2.8050 1.067330 
2.8150 1.071564 
2.8250 1.087268 
2.8350 1.109136 
2.8450 1.118828 
2.8550 1.112550 
2.8650 1.116910 
2.8750 1.133731 
2.8850 1.129275 
2.8950 1.140650 
2.9050 1.162780 
2.9150 1.158798 
2.9250 1.173376 
2.9350 1.185175 
2.9450 1.179677 
2.9550 1.177485 
2.9650 1.180241 
2.9750 1.177976 
2.9850 1.167534 
2.9950 1.159359 
3.0050 1.146231 
3.0150 1.142662 
3.0250 1.118481 
3.0350 1.096770 
3.0450 1.061834 
3.0550 1.042297 
3.0650 1.015020 
3.0750 1.001908 
3.0850 0.975187 
3.0950 0.973368 
3.1050 0.970431 
3.1150 0.960073 
3.1250 0.960946 
3.1350 0.952703 
3.1450 0.955334 
3.1550 0.947866 
3.1650 0.959331 
3.1750 0.952732 
3.1850 0.956458 
3.1950 0.947474 
3.2050 0.953034 
3.2150 0.954037 
3.2250 0.964820 
3.2350 0.960520 
3.2450 0.973167 
3.2550 0.964165 
3.2650 0.956056 
3.2750 0.964997 
3.2850 0.970994 
3.2950 0.965638 
3.3050 0.974778 
3.3150 0.969031 
3.3250 0.968950 
3.3350 0.972896 
3.3450 0.965799 
3.3550 0.963307 
3.3650 0.962532 
3.3750 0.962320 
3.3850 0.955388 
3.3950 0.952780 
3.4050 0.957169 
3.4150 0.955723 
3.4250 0.964947 
3.4350 0.957013 
3.4450 0.955183 
3.4550 0.957967 
3.4650 0.977718 
3.4750 0.964719 
3.4850 0.977662 
3.4950 0.969876 
3.5050 0.981706 
3.5150 0.972371 
3.5250 0.965467 
3.5350 0.971620 
3.5450 0.974601 
3.5550 0.976194 
3.5650 0.977130 
3.5750 0.966649 
3.5850 0.976817 
3.5950 0.989687 
3.6050 0.991216 
3.6150 0.987106 
3.6250 0.983749 
3.6350 0.974693 
3.6450 0.969723 
3.6550 0.972269 
3.6650 0.985607 
3.6750 1.003853 
3.6850 1.002989 
3.6950 0.996435 
3.7050 0.991533 
3.7150 0.995015 
3.7250 1.004335 
3.7350 1.005062 
3.7450 1.009234 
3.7550 1.021334 
3.7650 1.030711 
3.7750 1.022003 
3.7850 1.028775 
3.7950 1.035264 
3.8050 1.031985 
3.8150 1.027198 
3.8250 1.030487 
3.8350 1.028785 
3.8450 1.031897 
3.8550 1.032375 
3.8650 1.027228 
3.8750 1.036479 
3.8850 1.030997 
3.8950 1.038566 
3.9050 1.033390 
3.9150 1.029836 
3.9250 1.024601 
3.9350 1.022804 
3.9450 1.028390 
3.9550 1.041236 
3.9650 1.035291 
3.9750 1.040674 
3.9850 1.036906 
3.9950 1.037697 
4.0050 1.043824 
4.0150 1.044615 
4.0250 1.034882 
4.0350 1.026533 
4.0450 1.011795 
4.0550 1.005696 
4.0650 0.994259 
4.0750 1.008386 
4.0850 1.001942 
4.0950 0.991894 
4.1050 0.978227 
4.1150 0.984418 
4.1250 0.985373 
4.1350 0.977572 
4.1450 0.982544 
4.1550 0.979399 
4.1650 0.978242 
4.1750 0.987315 
4.1850 0.986635 
4.1950 0.985530 
4.2050 0.998489 
4.2150 0.984594 
4.2250 0.976475 
4.2350 0.980515 
4.2450 0.985483 
4.2550 0.992057 
4.2650 0.998239 
4.2750 1.001450 
4.2850 0.985180 
4.2950 0.985319 
4.3050 0.980707 
4.3150 0.977704 
4.3250 0.980173 
4.3350 0.978211 
4.3450 0.981377 
4.3550 0.980482 
4.3650 0.987607 
4.3750 0.984413 
4.3850 0.983946 
4.3950 0.977914 
4.4050 0.990418 
4.4150 0.983605 
4.4250 0.986218 
4.4350 0.992196 
4.4450 0.986270 
4.4550 0.980679 
4.4650 0.985939 
4.4750 0.996605 
4.4850 0.994500 
4.4950 0.981536 