
0.0050 0.000000 
0.0150 0.000000 
0.0250 0.000000 
0.0350 0.000000 
0.0450 0.000000 
0.0550 0.000000 
0.0650 0.000000 
0.0750 0.000000 
0.0850 0.000000 
0.0950 0.000000 
0.1050 0.000000 
0.1150 0.000000 
0.1250 0.000000 
0.1350 0.000000 
0.1450 0.000000 
0.1550 0.000000 
0.1650 0.000000 
0.1750 0.000000 
0.1850 0.000000 
0.1950 0.000000 
0.2050 0.000000 
0.2150 0.000000 
0.2250 0.000000 
0.2350 0.000000 
0.2450 0.000000 
0.2550 0.000000 
0.2650 0.000000 
0.2750 0.000000 
0.2850 0.000000 
0.2950 0.000000 
0.3050 0.000000 
0.3150 0.000000 
0.3250 0.000000 
0.3350 0.000000 
0.3450 0.000000 
0.3550 0.000000 
0.3650 0.000000 
0.3750 0.000000 
0.3850 0.000000 
0.3950 0.000000 
0.4050 0.000000 
0.4150 0.000000 
0.4250 0.000000 
0.4350 0.000000 
0.4450 0.000000 
0.4550 0.000000 
0.4650 0.000000 
0.4750 0.000000 
0.4850 0.000000 
0.4950 0.000000 
0.5050 0.000000 
0.5150 0.000000 
0.5250 0.000000 
0.5350 0.000000 
0.5450 0.000000 
0.5550 0.000000 
0.5650 0.000000 
0.5750 0.000000 
0.5850 0.004065 
0.5950 0.019557 
0.6050 0.037069 
0.6150 0.050700 
0.6250 0.066891 
0.6350 0.080566 
0.6450 0.098434 
0.6550 0.114982 
0.6650 0.128606 
0.6750 0.141830 
0.6850 0.161622 
0.6950 0.171549 
0.7050 0.196879 
0.7150 0.198785 
0.7250 0.215304 
0.7350 0.235543 
0.7450 0.260725 
0.7550 0.271608 
0.7650 0.275533 
0.7750 0.289021 
0.7850 0.312793 
0.7950 0.335328 
0.8050 0.338167 
0.8150 0.366842 
0.8250 0.380069 
0.8350 0.400322 
0.8450 0.414254 
0.8550 0.424675 
0.8650 0.459076 
0.8750 0.479068 
0.8850 0.506503 
0.8950 0.544843 
0.9050 0.559469 
0.9150 0.580666 
0.9250 0.626826 
0.9350 0.638837 
0.9450 0.700364 
0.9550 0.741516 
0.9650 0.791179 
0.9750 0.843849 
0.9850 0.894503 
0.9950 0.973780 
1.0050 1.043939 
1.0150 1.088034 
1.0250 1.147989 
1.0350 1.193859 
1.0450 1.227844 
1.0550 1.243088 
1.0650 1.259487 
1.0750 1.277010 
1.0850 1.274960 
1.0950 1.267730 
1.1050 1.242651 
1.1150 1.246774 
1.1250 1.236347 
1.1350 1.209274 
1.1450 1.174477 
1.1550 1.167085 
1.1650 1.161429 
1.1750 1.133730 
1.1850 1.128161 
1.1950 1.109695 
1.2050 1.102577 
1.2150 1.090029 
1.2250 1.106515 
1.2350 1.097384 
1.2450 1.088057 
1.2550 1.084928 
1.2650 1.092301 
1.2750 1.086110 
1.2850 1.103851 
1.2950 1.100499 
1.3050 1.089875 
1.3150 1.094790 
1.3250 1.101113 
1.3350 1.092193 
1.3450 1.108466 
1.3550 1.094143 
1.3650 1.121231 
1.3750 1.093555 
1.3850 1.112431 
1.3950 1.112010 
1.4050 1.120160 
1.4150 1.116796 
1.4250 1.105991 
1.4350 1.091589 
1.4450 1.088905 
1.4550 1.085319 
1.4650 1.078343 
1.4750 1.068974 
1.4850 1.064329 
1.4950 1.066712 
1.5050 1.056585 
1.5150 1.041688 
1.5250 1.041654 
1.5350 1.045902 
1.5450 1.029042 
1.5550 1.035238 
1.5650 1.024444 
1.5750 1.017038 
1.5850 1.028418 
1.5950 1.007698 
1.6050 0.999789 
1.6150 0.995416 
1.6250 1.013060 
1.6350 0.988290 
1.6450 0.978823 
1.6550 0.981749 
1.6650 0.971254 
1.6750 0.975772 
1.6850 0.986520 
1.6950 0.981121 
1.7050 0.974781 
1.7150 0.976883 
1.7250 0.963711 
1.7350 0.970823 
1.7450 0.971002 
1.7550 0.975315 
1.7650 0.952771 
1.7750 0.968302 
1.7850 0.959543 
1.7950 0.957163 
1.8050 0.964462 
1.8150 0.963963 
1.8250 0.957198 
1.8350 0.962376 
1.8450 0.957777 
1.8550 0.956127 
1.8650 0.964205 
1.8750 0.974840 
1.8850 0.957718 
1.8950 0.972287 
1.9050 0.965762 
1.9150 0.958011 
1.9250 0.961213 
1.9350 0.967826 
1.9450 0.957767 
1.9550 0.972982 
1.9650 0.978565 
1.9750 0.966442 
1.9850 0.972346 
1.9950 0.972580 
2.0050 0.966676 
2.0150 0.978300 
2.0250 0.978713 
2.0350 0.974083 
2.0450 0.987883 
2.0550 0.987910 
2.0650 0.999441 
2.0750 1.003283 
2.0850 0.995737 
2.0950 1.004537 
2.1050 0.994499 
2.1150 1.000797 
2.1250 0.996380 
2.1350 0.997768 
2.1450 1.003764 
2.1550 0.999235 
2.1650 1.008091 
2.1750 1.007238 
2.1850 1.003381 
2.1950 1.009917 
2.2050 0.989186 
2.2150 1.006490 
2.2250 0.999634 
2.2350 1.006336 
2.2450 1.002435 
2.2550 1.006375 
2.2650 1.001338 
2.2750 0.998224 
2.2850 1.009200 
2.2950 0.999151 
2.3050 1.006913 
2.3150 1.005969 
2.3250 1.005916 
2.3350 1.006193 
2.3450 1.014924 
2.3550 1.013019 
2.3650 1.000070 
2.3750 1.005261 
2.3850 1.004460 
2.3950 1.007805 
2.4050 1.002095 
2.4150 1.010519 
2.4250 1.005479 
2.4350 0.994829 
2.4450 1.008283 
2.4550 1.014351 
2.4650 1.009967 
2.4750 1.008830 
2.4850 1.015958 
2.4950 1.007749 
2.5050 1.005714 
2.5150 1.010186 
2.5250 1.008258 
2.5350 1.009381 
2.5450 1.011031 
2.5550 0.998048 
2.5650 1.007196 
2.5750 1.004853 
2.5850 1.002924 
2.5950 1.001999 
2.6050 1.006987 
2.6150 1.008342 
2.6250 1.003824 
2.6350 1.006477 
2.6450 1.000482 
2.6550 0.996753 
2.6650 1.001906 
2.6750 1.003217 
2.6850 0.995921 
2.6950 1.009871 
2.7050 1.009621 
2.7150 0.999737 
2.7250 1.002318 
2.7350 1.000036 
2.7450 1.005650 
2.7550 1.002751 
2.7650 1.001697 
2.7750 0.999851 
2.7850 1.008209 
2.7950 0.992342 
2.8050 1.015847 
2.8150 0.993838 
2.8250 0.989721 
2.8350 0.994500 
2.8450 0.998464 
2.8550 0.999345 
2.8650 1.001742 
2.8750 1.008346 
2.8850 1.014134 
2.8950 1.006088 
2.9050 1.006428 
2.9150 1.001016 
2.9250 1.000464 
2.9350 0.988641 
2.9450 1.003582 
2.9550 1.002072 
2.9650 0.992585 
2.9750 1.003625 
2.9850 1.007373 
2.9950 1.002645 
3.0050 0.994191 
3.0150 0.993537 
3.0250 0.997805 
3.0350 0.989593 
3.0450 1.005051 
3.0550 1.001207 
3.0650 0.990859 
3.0750 0.996708 
3.0850 1.003128 
3.0950 1.006026 
3.1050 1.000423 
3.1150 0.998397 
3.1250 1.005386 
3.1350 1.009578 
3.1450 0.996284 
3.1550 1.008039 
3.1650 1.002076 
3.1750 0.995585 
3.1850 1.001352 
3.1950 0.998088 
3.2050 0.995860 
3.2150 1.000667 
3.2250 0.997490 
3.2350 1.000227 
3.2450 0.997623 
3.2550 0.999845 
3.2650 0.995687 
3.2750 0.998605 
3.2850 1.002833 
3.2950 0.998834 
3.3050 1.003217 
3.3150 0.999241 
3.3250 0.999353 
3.3350 0.995694 
3.3450 1.003639 
3.3550 1.002793 
3.3650 1.008204 
3.3750 1.003575 
3.3850 1.006173 
3.3950 0.994649 
3.4050 1.002457 
3.4150 1.002982 
3.4250 1.000982 
3.4350 0.999690 
3.4450 1.003297 
3.4550 1.000174 
3.4650 0.989690 
3.4750 0.995583 
3.4850 1.007039 
3.4950 0.999169 
3.5050 0.990954 
3.5150 1.014369 
3.5250 0.990823 
3.5350 1.004937 
3.5450 1.000056 
3.5550 1.009204 
3.5650 1.000283 
3.5750 1.005695 
3.5850 0.999434 
3.5950 0.998799 
3.6050 1.006709 
3.6150 1.003550 
3.6250 1.009233 
3.6350 1.001942 
3.6450 0.998047 
3.6550 0.998222 
3.6650 1.012703 
3.6750 1.000734 
3.6850 1.013829 
3.6950 1.003311 
3.7050 1.003146 
3.7150 1.002821 
3.7250 0.997354 
3.7350 1.004993 
3.7450 1.003958 
3.7550 1.003884 
3.7650 0.996768 
3.7750 1.004102 
3.7850 0.999102 
3.7950 1.005218 
3.8050 1.004536 
3.8150 0.998251 
3.8250 1.000274 
3.8350 1.004383 
3.8450 0.996212 
3.8550 1.003173 
3.8650 0.997151 
3.8750 0.995530 
3.8850 1.006424 
3.8950 0.998704 
3.9050 1.002415 
3.9150 1.001518 
3.9250 1.003634 
3.9350 1.002891 
3.9450 1.007118 
3.9550 0.996874 
3.9650 1.000340 
3.9750 0.994189 
3.9850 1.004148 
3.9950 1.009282 
4.0050 1.000870 
4.0150 0.993267 
4.0250 0.997688 
4.0350 0.993332 
4.0450 1.002151 
4.0550 1.001117 
4.0650 0.995649 
4.0750 1.004020 
4.0850 0.994549 
4.0950 1.001441 
4.1050 1.004506 
4.1150 1.001673 
4.1250 0.999165 
4.1350 1.008668 
4.1450 1.006444 
4.1550 1.003715 
4.1650 1.005335 
4.1750 1.009733 
4.1850 1.001803 
4.1950 1.002008 
4.2050 0.998997 
4.2150 1.003165 
4.2250 0.996906 
4.2350 1.004878 
4.2450 1.005032 
4.2550 0.996762 
4.2650 0.993605 
4.2750 0.995186 
4.2850 1.005544 
4.2950 1.004780 
4.3050 0.997957 
4.3150 0.998304 
4.3250 1.001517 
4.3350 1.002347 
4.3450 0.995633 
4.3550 1.002228 
4.3650 1.001248 
4.3750 1.011106 
4.3850 1.005642 
4.3950 1.005265 
4.4050 0.991487 
4.4150 1.006684 
4.4250 1.001144 
4.4350 1.001629 
4.4450 0.999455 
4.4550 1.008333 
4.4650 1.011117 
4.4750 0.999893 
4.4850 1.011668 
4.4950 0.999789 