
0.0050 0.000000 
0.0150 0.000000 
0.0250 0.000000 
0.0350 0.000000 
0.0450 0.000000 
0.0550 0.000000 
0.0650 0.000000 
0.0750 0.000000 
0.0850 0.000000 
0.0950 0.000000 
0.1050 0.000000 
0.1150 0.000000 
0.1250 0.000000 
0.1350 0.000000 
0.1450 0.000000 
0.1550 0.000000 
0.1650 0.000000 
0.1750 0.000000 
0.1850 0.000000 
0.1950 0.000000 
0.2050 0.000000 
0.2150 0.000000 
0.2250 0.000000 
0.2350 0.000000 
0.2450 0.000000 
0.2550 0.000000 
0.2650 0.000000 
0.2750 0.000000 
0.2850 0.000000 
0.2950 0.000000 
0.3050 0.000000 
0.3150 0.000000 
0.3250 0.000000 
0.3350 0.000000 
0.3450 0.000000 
0.3550 0.000000 
0.3650 0.000000 
0.3750 0.000000 
0.3850 0.000000 
0.3950 0.000000 
0.4050 0.000000 
0.4150 0.000000 
0.4250 0.000000 
0.4350 0.000000 
0.4450 0.000000 
0.4550 0.000000 
0.4650 0.000000 
0.4750 0.000000 
0.4850 0.000000 
0.4950 0.000000 
0.5050 0.000000 
0.5150 0.000000 
0.5250 0.000000 
0.5350 0.000000 
0.5450 0.000000 
0.5550 0.000000 
0.5650 0.000000 
0.5750 0.000000 
0.5850 0.004791 
0.5950 0.018700 
0.6050 0.033980 
0.6150 0.047800 
0.6250 0.061996 
0.6350 0.077355 
0.6450 0.093822 
0.6550 0.103302 
0.6650 0.112882 
0.6750 0.123440 
0.6850 0.137788 
0.6950 0.150381 
0.7050 0.168289 
0.7150 0.179513 
0.7250 0.191837 
0.7350 0.204524 
0.7450 0.209791 
0.7550 0.234529 
0.7650 0.241940 
0.7750 0.252564 
0.7850 0.269533 
0.7950 0.286614 
0.8050 0.289314 
0.8150 0.313362 
0.8250 0.315984 
0.8350 0.337306 
0.8450 0.346841 
0.8550 0.370794 
0.8650 0.394689 
0.8750 0.404998 
0.8850 0.426913 
0.8950 0.458049 
0.9050 0.509301 
0.9150 0.545474 
0.9250 0.605275 
0.9350 0.684215 
0.9450 0.761853 
0.9550 0.896760 
0.9650 1.032064 
0.9750 1.200966 
0.9850 1.372770 
0.9950 1.566064 
1.0050 1.789282 
1.0150 1.950686 
1.0250 2.076690 
1.0350 2.203320 
1.0450 2.268967 
1.0550 2.343152 
1.0650 2.324295 
1.0750 2.291434 
1.0850 2.211083 
1.0950 2.112649 
1.1050 1.953255 
1.1150 1.787148 
1.1250 1.640352 
1.1350 1.441285 
1.1450 1.334759 
1.1550 1.228740 
1.1650 1.143273 
1.1750 1.067531 
1.1850 1.017893 
1.1950 0.982716 
1.2050 0.955340 
1.2150 0.931783 
1.2250 0.918150 
1.2350 0.911988 
1.2450 0.911271 
1.2550 0.904650 
1.2650 0.905552 
1.2750 0.909385 
1.2850 0.908909 
1.2950 0.909824 
1.3050 0.901832 
1.3150 0.906096 
1.3250 0.910425 
1.3350 0.901777 
1.3450 0.895985 
1.3550 0.904008 
1.3650 0.923606 
1.3750 0.921195 
1.3850 0.921778 
1.3950 0.948414 
1.4050 0.928810 
1.4150 0.946879 
1.4250 0.940736 
1.4350 0.931646 
1.4450 0.933845 
1.4550 0.917945 
1.4650 0.928831 
1.4750 0.920182 
1.4850 0.914638 
1.4950 0.919619 
1.5050 0.907630 
1.5150 0.919916 
1.5250 0.919501 
1.5350 0.912251 
1.5450 0.909847 
1.5550 0.894077 
1.5650 0.898584 
1.5750 0.892788 
1.5850 0.897139 
1.5950 0.894690 
1.6050 0.896209 
1.6150 0.911984 
1.6250 0.896983 
1.6350 0.902272 
1.6450 0.891665 
1.6550 0.892898 
1.6650 0.899860 
1.6750 0.909901 
1.6850 0.898841 
1.6950 0.894007 
1.7050 0.910868 
1.7150 0.876789 
1.7250 0.896822 
1.7350 0.892308 
1.7450 0.906934 
1.7550 0.921539 
1.7650 0.896493 
1.7750 0.910656 
1.7850 0.916478 
1.7950 0.903773 
1.8050 0.914112 
1.8150 0.908854 
1.8250 0.916759 
1.8350 0.916339 
1.8450 0.920135 
1.8550 0.922695 
1.8650 0.924402 
1.8750 0.933107 
1.8850 0.939137 
1.8950 0.942985 
1.9050 0.945582 
1.9150 0.946278 
1.9250 0.948254 
1.9350 0.958112 
1.9450 0.955175 
1.9550 0.956508 
1.9650 0.979434 
1.9750 0.981107 
1.9850 1.011470 
1.9950 1.026712 
2.0050 1.025524 
2.0150 1.050935 
2.0250 1.066348 
2.0350 1.090680 
2.0450 1.122879 
2.0550 1.141544 
2.0650 1.175297 
2.0750 1.185706 
2.0850 1.210646 
2.0950 1.230006 
2.1050 1.212323 
2.1150 1.221917 
2.1250 1.201945 
2.1350 1.183921 
2.1450 1.152679 
2.1550 1.138698 
2.1650 1.092914 
2.1750 1.073284 
2.1850 1.053131 
2.1950 1.040168 
2.2050 1.031120 
2.2150 1.011891 
2.2250 1.011464 
2.2350 1.000639 
2.2450 0.997676 
2.2550 0.988032 
2.2650 0.989038 
2.2750 0.997773 
2.2850 0.991994 
2.2950 0.994124 
2.3050 0.988967 
2.3150 0.982711 
2.3250 0.983346 
2.3350 0.989429 
2.3450 0.984672 
2.3550 0.982205 
2.3650 0.995372 
2.3750 0.994681 
2.3850 0.987652 
2.3950 0.996920 
2.4050 0.983507 
2.4150 0.975267 
2.4250 0.969949 
2.4350 0.981876 
2.4450 0.991887 
2.4550 0.991998 
2.4650 0.979001 
2.4750 0.981339 
2.4850 0.987889 
2.4950 0.974379 
2.5050 0.974967 
2.5150 0.979052 
2.5250 0.989299 
2.5350 0.975962 
2.5450 0.976065 
2.5550 0.974293 
2.5650 0.979834 
2.5750 0.970392 
2.5850 0.965588 
2.5950 0.970768 
2.6050 0.976238 
2.6150 0.976337 
2.6250 0.973666 
2.6350 0.974163 
2.6450 0.981283 
2.6550 0.988993 
2.6650 0.980509 
2.6750 0.979854 
2.6850 0.980224 
2.6950 0.975705 
2.7050 0.973938 
2.7150 0.969759 
2.7250 0.979823 
2.7350 0.984124 
2.7450 0.969146 
2.7550 0.969080 
2.7650 0.977270 
2.7750 0.975942 
2.7850 0.980518 
2.7950 0.987386 
2.8050 0.972167 
2.8150 0.975372 
2.8250 0.971380 
2.8350 0.983974 
2.8450 0.975022 
2.8550 0.981526 
2.8650 0.997355 
2.8750 0.988837 
2.8850 0.982777 
2.8950 0.988810 
2.9050 0.988267 
2.9150 0.983680 
2.9250 0.987923 
2.9350 0.989778 
2.9450 0.987032 
2.9550 1.003346 
2.9650 0.995353 
2.9750 0.994082 
2.9850 0.999925 
2.9950 1.010039 
3.0050 1.004549 
3.0150 1.019261 
3.0250 1.019855 
3.0350 1.023262 
3.0450 1.024625 
3.0550 1.033452 
3.0650 1.036782 
3.0750 1.047014 
3.0850 1.032400 
3.0950 1.034264 
3.1050 1.037548 
3.1150 1.041141 
3.1250 1.036036 
3.1350 1.033663 
3.1450 1.021246 
3.1550 1.024465 
3.1650 1.016342 
3.1750 1.005362 
3.1850 1.007339 
3.1950 1.013452 
3.2050 1.002824 
3.2150 1.008089 
3.2250 1.000486 
3.2350 1.007444 
3.2450 1.008956 
3.2550 0.993118 
3.2650 0.993119 
3.2750 1.005917 
3.2850 0.998433 
3.2950 1.003921 
3.3050 0.992814 
3.3150 1.003626 
3.3250 0.999532 
3.3350 1.003720 
3.3450 1.000085 
3.3550 1.000193 
3.3650 0.998140 
3.3750 0.993210 
3.3850 0.992024 
3.3950 0.994774 
3.4050 0.990953 
3.4150 0.997021 
3.4250 0.991243 
3.4350 1.008081 
3.4450 0.999548 
3.4550 0.988986 
3.4650 0.995269 
3.4750 1.001540 
3.4850 0.985270 
3.4950 0.997334 
3.5050 0.992370 
3.5150 0.993395 
3.5250 0.985970 
3.5350 0.983669 
3.5450 0.990501 
3.5550 0.989499 
3.5650 0.995317 
3.5750 1.000168 
3.5850 0.996929 
3.5950 0.988973 
3.6050 0.995463 
3.6150 0.991720 
3.6250 0.993400 
3.6350 0.993871 
3.6450 0.987464 
3.6550 0.992091 
3.6650 0.997883 
3.6750 0.989585 
3.6850 0.988528 
3.6950 0.994699 
3.7050 0.993657 
3.7150 0.991332 
3.7250 0.988743 
3.7350 0.990382 
3.7450 1.000349 
3.7550 0.997119 
3.7650 1.004970 
3.7750 1.001972 
3.7850 0.990039 
3.7950 0.993520 
3.8050 0.994307 
3.8150 0.989574 
3.8250 0.991597 
3.8350 0.995974 
3.8450 0.995367 
3.8550 0.999667 
3.8650 0.994119 
3.8750 1.002528 
3.8850 1.001162 
3.8950 1.003975 
3.9050 0.999742 
3.9150 1.002283 
3.9250 1.002958 
3.9350 0.994261 
3.9450 1.001133 
3.9550 1.011755 
3.9650 1.001785 
3.9750 0.999204 
3.9850 0.998760 
3.9950 0.997997 
4.0050 1.005783 
4.0150 1.006988 
4.0250 1.006636 
4.0350 1.007091 
4.0450 0.996103 
4.0550 1.001097 
4.0650 0.998237 
4.0750 1.004251 
4.0850 1.013251 
4.0950 1.000835 
4.1050 1.009341 
4.1150 1.011070 
4.1250 1.006174 
4.1350 1.009909 
4.1450 1.006114 
4.1550 1.001204 
4.1650 0.999358 
4.1750 1.007171 
4.1850 1.000986 
4.1950 1.001416 
4.2050 0.999913 
4.2150 1.003876 
4.2250 0.998040 
4.2350 0.988515 
4.2450 0.999893 
4.2550 0.996521 
4.2650 1.001709 
4.2750 1.001250 
4.2850 1.004786 
4.2950 1.006692 
4.3050 1.001355 
4.3150 1.002666 
4.3250 1.000073 
4.3350 0.998894 
4.3450 1.003922 
4.3550 1.009733 
4.3650 0.999680 
4.3750 0.998121 
4.3850 0.993565 
4.3950 1.007036 
4.4050 1.004461 
4.4150 1.000851 
4.4250 1.006481 
4.4350 1.000954 
4.4450 0.998242 
4.4550 0.997944 
4.4650 0.998911 
4.4750 0.998536 
4.4850 0.997475 
4.4950 0.999599 