
0.0050 0.000000 
0.0150 0.000000 
0.0250 0.000000 
0.0350 0.000000 
0.0450 0.000000 
0.0550 0.000000 
0.0650 0.000000 
0.0750 0.000000 
0.0850 0.000000 
0.0950 0.000000 
0.1050 0.000000 
0.1150 0.000000 
0.1250 0.000000 
0.1350 0.000000 
0.1450 0.000000 
0.1550 0.000000 
0.1650 0.001511 
0.1750 0.015703 
0.1850 0.023893 
0.1950 0.043682 
0.2050 0.055878 
0.2150 0.073193 
0.2250 0.092728 
0.2350 0.099213 
0.2450 0.101755 
0.2550 0.114642 
0.2650 0.121816 
0.2750 0.135514 
0.2850 0.150039 
0.2950 0.141040 
0.3050 0.162739 
0.3150 0.188970 
0.3250 0.182984 
0.3350 0.196748 
0.3450 0.198224 
0.3550 0.207707 
0.3650 0.204176 
0.3750 0.226527 
0.3850 0.243340 
0.3950 0.241539 
0.4050 0.250480 
0.4150 0.258384 
0.4250 0.279465 
0.4350 0.264159 
0.4450 0.284365 
0.4550 0.293452 
0.4650 0.293769 
0.4750 0.293894 
0.4850 0.305376 
0.4950 0.313487 
0.5050 0.323967 
0.5150 0.331737 
0.5250 0.345194 
0.5350 0.338802 
0.5450 0.360985 
0.5550 0.356680 
0.5650 0.365600 
0.5750 0.373030 
0.5850 0.376724 
0.5950 0.393429 
0.6050 0.400599 
0.6150 0.410025 
0.6250 0.407460 
0.6350 0.423844 
0.6450 0.438803 
0.6550 0.429429 
0.6650 0.431329 
0.6750 0.436196 
0.6850 0.449240 
0.6950 0.472188 
0.7050 0.464452 
0.7150 0.472039 
0.7250 0.481529 
0.7350 0.495509 
0.7450 0.494498 
0.7550 0.495881 
0.7650 0.512133 
0.7750 0.509521 
0.7850 0.526056 
0.7950 0.532863 
0.8050 0.521104 
0.8150 0.532193 
0.8250 0.556636 
0.8350 0.560818 
0.8450 0.574373 
0.8550 0.575762 
0.8650 0.584108 
0.8750 0.587593 
0.8850 0.607264 
0.8950 0.614031 
0.9050 0.633826 
0.9150 0.628705 
0.9250 0.643404 
0.9350 0.650137 
0.9450 0.645998 
0.9550 0.671388 
0.9650 0.688749 
0.9750 0.694132 
0.9850 0.726745 
0.9950 0.736095 
1.0050 0.751619 
1.0150 0.767343 
1.0250 0.775028 
1.0350 0.802577 
1.0450 0.808556 
1.0550 0.826543 
1.0650 0.831466 
1.0750 0.839867 
1.0850 0.839705 
1.0950 0.855120 
1.1050 0.857448 
1.1150 0.858739 
1.1250 0.862282 
1.1350 0.886950 
1.1450 0.890708 
1.1550 0.896320 
1.1650 0.887854 
1.1750 0.895646 
1.1850 0.892366 
1.1950 0.901061 
1.2050 0.908408 
1.2150 0.899559 
1.2250 0.919055 
1.2350 0.904735 
1.2450 0.914217 
1.2550 0.933881 
1.2650 0.931181 
1.2750 0.932605 
1.2850 0.925641 
1.2950 0.946061 
1.3050 0.930667 
1.3150 0.942693 
1.3250 0.946617 
1.3350 0.926066 
1.3450 0.963175 
1.3550 0.951558 
1.3650 0.953678 
1.3750 0.963153 
1.3850 0.957271 
1.3950 0.956123 
1.4050 0.961673 
1.4150 0.964129 
1.4250 0.960502 
1.4350 0.972390 
1.4450 0.985649 
1.4550 0.985059 
1.4650 0.983776 
1.4750 0.970185 
1.4850 0.981493 
1.4950 0.990310 
1.5050 0.980802 
1.5150 0.989452 
1.5250 0.986679 
1.5350 0.991118 
1.5450 0.979087 
1.5550 0.987306 
1.5650 0.995693 
1.5750 0.990963 
1.5850 1.000568 
1.5950 0.992280 
1.6050 0.993725 
1.6150 1.003664 
1.6250 1.012534 
1.6350 1.004220 
1.6450 1.010020 
1.6550 1.008477 
1.6650 1.010182 
1.6750 1.016457 
1.6850 1.016068 
1.6950 1.008680 
1.7050 1.014051 
1.7150 1.021601 
1.7250 1.031886 
1.7350 1.023347 
1.7450 1.031595 
1.7550 1.039749 
1.7650 1.034697 
1.7750 1.026864 
1.7850 1.035817 
1.7950 1.037819 
1.8050 1.034593 
1.8150 1.033144 
1.8250 1.038076 
1.8350 1.042629 
1.8450 1.047225 
1.8550 1.044910 
1.8650 1.034284 
1.8750 1.028601 
1.8850 1.049262 
1.8950 1.024760 
1.9050 1.021817 
1.9150 1.014576 
1.9250 1.023122 
1.9350 1.026149 
1.9450 1.015922 
1.9550 1.018299 
1.9650 1.005783 
1.9750 1.017098 
1.9850 1.004842 
1.9950 1.010824 
2.0050 1.008778 
2.0150 1.023289 
2.0250 1.008501 
2.0350 0.998310 
2.0450 1.007061 
2.0550 1.007868 
2.0650 1.006599 
2.0750 1.000483 
2.0850 1.004671 
2.0950 1.010206 
2.1050 0.998558 
2.1150 1.000030 
2.1250 1.015200 
2.1350 1.003171 
2.1450 1.009341 
2.1550 1.007364 
2.1650 0.991473 
2.1750 0.993958 
2.1850 0.997281 
2.1950 0.989594 
2.2050 1.001006 
2.2150 0.991868 
2.2250 0.996100 
2.2350 0.998880 
2.2450 1.007384 
2.2550 0.997393 
2.2650 1.005111 
2.2750 0.987592 
2.2850 1.000260 
2.2950 0.998406 
2.3050 0.989672 
2.3150 0.996260 
2.3250 0.989117 
2.3350 0.996091 
2.3450 0.986166 
2.3550 0.988339 
2.3650 0.991397 
2.3750 1.005657 
2.3850 0.994676 
2.3950 0.988426 
2.4050 0.991646 
2.4150 1.002980 
2.4250 0.985564 
2.4350 0.991704 
2.4450 0.996991 
2.4550 0.995062 
2.4650 0.997102 
2.4750 0.998297 
2.4850 1.003644 
2.4950 1.012271 
2.5050 0.998820 
2.5150 0.996148 
2.5250 0.992989 
2.5350 1.001051 
2.5450 0.992792 
2.5550 0.996242 
2.5650 0.990499 
2.5750 1.000437 
2.5850 0.990390 
2.5950 1.003119 
2.6050 0.993565 
2.6150 0.996768 
2.6250 1.002000 
2.6350 0.994538 
2.6450 0.985646 
2.6550 0.993791 
2.6650 1.007712 
2.6750 0.999350 
2.6850 0.990190 
2.6950 1.002511 
2.7050 0.998306 
2.7150 0.992809 
2.7250 0.991369 
2.7350 0.998910 
2.7450 0.994967 
2.7550 0.998313 
2.7650 0.997616 
2.7750 1.004472 
2.7850 1.006029 
2.7950 0.996135 
2.8050 0.999296 
2.8150 1.009511 
2.8250 0.992657 
2.8350 0.992751 
2.8450 0.992814 
2.8550 1.001561 
2.8650 1.006189 
2.8750 1.004153 
2.8850 1.002249 
2.8950 1.018847 
2.9050 1.004485 
2.9150 1.005944 
2.9250 0.999003 
2.9350 0.989719 
2.9450 0.997311 
2.9550 1.007947 
2.9650 0.992008 
2.9750 1.006298 
2.9850 1.001758 
2.9950 1.007412 
3.0050 1.002927 
3.0150 0.999464 
3.0250 1.004674 
3.0350 1.008216 
3.0450 0.999912 
3.0550 1.012011 
3.0650 1.004028 
3.0750 1.010473 
3.0850 1.004209 
3.0950 1.009425 
3.1050 0.997641 
3.1150 1.001224 
3.1250 0.999284 
3.1350 0.991574 
3.1450 1.001043 
3.1550 0.995734 
3.1650 0.999239 
3.1750 0.999733 
3.1850 1.003499 
3.1950 0.993110 
3.2050 1.009922 
3.2150 1.003753 
3.2250 1.007301 
3.2350 1.000280 
3.2450 0.988584 
3.2550 1.004416 
3.2650 1.003649 
3.2750 1.006387 
3.2850 1.001792 
3.2950 0.993902 
3.3050 1.002286 
3.3150 0.990315 
3.3250 1.005937 
3.3350 1.001053 
3.3450 1.006119 
3.3550 0.997873 
3.3650 0.993667 
3.3750 1.002029 
3.3850 0.996420 
3.3950 1.007118 
3.4050 0.999819 
3.4150 1.001855 
3.4250 1.004603 
3.4350 0.999143 
3.4450 1.001510 
3.4550 1.007057 
3.4650 0.994429 
3.4750 0.999201 
3.4850 0.996363 
3.4950 1.000319 
3.5050 0.998348 
3.5150 0.992227 
3.5250 1.005600 
3.5350 1.007889 
3.5450 1.003602 
3.5550 0.998714 
3.5650 0.993013 
3.5750 0.999666 
3.5850 0.996500 
3.5950 1.006389 
3.6050 1.007777 
3.6150 1.000072 
3.6250 0.999205 
3.6350 1.000436 
3.6450 1.000065 
3.6550 0.997005 
3.6650 1.002223 
3.6750 1.002549 
3.6850 0.999507 
3.6950 0.993750 
3.7050 0.999198 
3.7150 1.001025 
3.7250 0.999536 
3.7350 0.997321 
3.7450 1.006835 
3.7550 1.001561 
3.7650 1.003130 
3.7750 0.999729 
3.7850 0.997927 
3.7950 0.997961 
3.8050 1.000781 
3.8150 0.998251 
3.8250 1.006737 
3.8350 1.008130 
3.8450 0.999527 
3.8550 1.000067 
3.8650 1.000050 
3.8750 0.993808 
3.8850 1.002835 
3.8950 1.004919 
3.9050 0.997399 
3.9150 0.996821 
3.9250 1.001978 
3.9350 1.004652 
3.9450 1.007595 
3.9550 0.997264 
3.9650 0.996413 
3.9750 1.000947 
3.9850 1.000413 
3.9950 0.999240 
4.0050 1.005163 
4.0150 1.000063 
4.0250 1.000621 
4.0350 0.998802 
4.0450 0.996632 
4.0550 1.004303 
4.0650 0.999731 
4.0750 1.007105 
4.0850 1.005691 
4.0950 1.004136 
4.1050 0.999088 
4.1150 1.002505 
4.1250 1.000285 
4.1350 1.001013 
4.1450 0.993812 
4.1550 1.004848 
4.1650 0.993093 
4.1750 0.998996 
4.1850 1.004665 
4.1950 0.994421 
4.2050 1.013402 
4.2150 1.006738 
4.2250 0.998587 
4.2350 1.005666 
4.2450 0.993686 
4.2550 0.998089 
4.2650 1.004236 
4.2750 1.002711 
4.2850 1.002130 
4.2950 0.996015 
4.3050 1.005588 
4.3150 1.004569 
4.3250 1.000271 
4.3350 1.002426 
4.3450 1.005537 
4.3550 1.007140 
4.3650 1.002385 
4.3750 1.003303 
4.3850 1.003925 
4.3950 0.995921 
4.4050 0.999470 
4.4150 1.004068 
4.4250 1.011082 
4.4350 1.000124 
4.4450 0.999570 
4.4550 1.000556 
4.4650 1.004717 
4.4750 1.001365 
4.4850 1.000948 
4.4950 1.004224 