
0.0050 0.000000 
0.0150 0.000000 
0.0250 0.000000 
0.0350 0.000000 
0.0450 0.000000 
0.0550 0.000000 
0.0650 0.000000 
0.0750 0.000000 
0.0850 0.000000 
0.0950 0.000000 
0.1050 0.000000 
0.1150 0.000000 
0.1250 0.000000 
0.1350 0.000000 
0.1450 0.000000 
0.1550 0.000000 
0.1650 0.000000 
0.1750 0.000000 
0.1850 0.000000 
0.1950 0.000000 
0.2050 0.000000 
0.2150 0.000000 
0.2250 0.000000 
0.2350 0.000000 
0.2450 0.000000 
0.2550 0.000000 
0.2650 0.000000 
0.2750 0.000000 
0.2850 0.000000 
0.2950 0.000000 
0.3050 0.000000 
0.3150 0.000000 
0.3250 0.000000 
0.3350 0.000000 
0.3450 0.000000 
0.3550 0.000000 
0.3650 0.000000 
0.3750 0.000000 
0.3850 0.000000 
0.3950 0.000000 
0.4050 0.000000 
0.4150 0.000000 
0.4250 0.000000 
0.4350 0.000000 
0.4450 0.000000 
0.4550 0.000000 
0.4650 0.000000 
0.4750 0.000000 
0.4850 0.000000 
0.4950 0.000000 
0.5050 0.000000 
0.5150 0.000000 
0.5250 0.000000 
0.5350 0.000000 
0.5450 0.000000 
0.5550 0.000000 
0.5650 0.000000 
0.5750 0.000000 
0.5850 0.000000 
0.5950 0.000000 
0.6050 0.000000 
0.6150 0.000000 
0.6250 0.000000 
0.6350 0.000000 
0.6450 0.000000 
0.6550 0.000000 
0.6650 0.000000 
0.6750 0.000000 
0.6850 0.000000 
0.6950 0.000000 
0.7050 0.000000 
0.7150 0.000000 
0.7250 0.000000 
0.7350 0.000000 
0.7450 0.000000 
0.7550 0.000000 
0.7650 0.000000 
0.7750 0.000000 
0.7850 0.000000 
0.7950 0.000000 
0.8050 0.000000 
0.8150 0.000000 
0.8250 0.000000 
0.8350 0.000000 
0.8450 0.000000 
0.8550 0.000000 
0.8650 0.000000 
0.8750 0.000000 
0.8850 0.000000 
0.8950 0.000000 
0.9050 0.000000 
0.9150 0.000000 
0.9250 0.000000 
0.9350 0.000000 
0.9450 0.019114 
0.9550 0.111526 
0.9650 0.217751 
0.9750 0.343482 
0.9850 0.521613 
0.9950 0.818835 
1.0050 1.265108 
1.0150 1.444666 
1.0250 1.514713 
1.0350 1.582753 
1.0450 1.627473 
1.0550 1.681449 
1.0650 1.657810 
1.0750 1.627629 
1.0850 1.582050 
1.0950 1.571873 
1.1050 1.531167 
1.1150 1.536768 
1.1250 1.488150 
1.1350 1.458641 
1.1450 1.467780 
1.1550 1.462806 
1.1650 1.426438 
1.1750 1.421391 
1.1850 1.407935 
1.1950 1.402769 
1.2050 1.368311 
1.2150 1.343194 
1.2250 1.356647 
1.2350 1.330786 
1.2450 1.331789 
1.2550 1.305516 
1.2650 1.298743 
1.2750 1.285385 
1.2850 1.272765 
1.2950 1.274373 
1.3050 1.245356 
1.3150 1.218077 
1.3250 1.233649 
1.3350 1.225145 
1.3450 1.205284 
1.3550 1.195352 
1.3650 1.187251 
1.3750 1.199689 
1.3850 1.167581 
1.3950 1.164135 
1.4050 1.156000 
1.4150 1.146954 
1.4250 1.118569 
1.4350 1.140066 
1.4450 1.117849 
1.4550 1.109782 
1.4650 1.108992 
1.4750 1.091197 
1.4850 1.079505 
1.4950 1.080416 
1.5050 1.077345 
1.5150 1.074033 
1.5250 1.059456 
1.5350 1.055412 
1.5450 1.042636 
1.5550 1.030461 
1.5650 1.037864 
1.5750 1.031133 
1.5850 1.024378 
1.5950 1.013051 
1.6050 1.013090 
1.6150 0.999540 
1.6250 1.002866 
1.6350 0.991424 
1.6450 0.994499 
1.6550 0.992223 
1.6650 0.972024 
1.6750 0.976792 
1.6850 0.975269 
1.6950 0.971749 
1.7050 0.972227 
1.7150 0.960898 
1.7250 0.948412 
1.7350 0.950444 
1.7450 0.960870 
1.7550 0.946213 
1.7650 0.930899 
1.7750 0.939576 
1.7850 0.928010 
1.7950 0.931372 
1.8050 0.927552 
1.8150 0.927443 
1.8250 0.929396 
1.8350 0.922018 
1.8450 0.918608 
1.8550 0.925688 
1.8650 0.913638 
1.8750 0.933882 
1.8850 0.918064 
1.8950 0.908950 
1.9050 0.926478 
1.9150 0.906887 
1.9250 0.916966 
1.9350 0.920584 
1.9450 0.922716 
1.9550 0.922945 
1.9650 0.921130 
1.9750 0.923269 
1.9850 0.937181 
1.9950 0.940375 
2.0050 0.948779 
2.0150 0.932549 
2.0250 0.947659 
2.0350 0.949017 
2.0450 0.962479 
2.0550 0.966996 
2.0650 0.953925 
2.0750 0.967952 
2.0850 0.961886 
2.0950 0.980187 
2.1050 0.978099 
2.1150 0.973485 
2.1250 0.991635 
2.1350 0.991484 
2.1450 0.993127 
2.1550 0.996103 
2.1650 0.995697 
2.1750 1.008770 
2.1850 1.008857 
2.1950 0.993721 
2.2050 0.989418 
2.2150 0.999198 
2.2250 1.005780 
2.2350 1.020446 
2.2450 0.993946 
2.2550 1.003684 
2.2650 1.003036 
2.2750 1.017833 
2.2850 1.009050 
2.2950 1.012371 
2.3050 1.014849 
2.3150 1.013612 
2.3250 1.023157 
2.3350 1.012928 
2.3450 1.013757 
2.3550 1.014906 
2.3650 1.026633 
2.3750 1.015410 
2.3850 1.017397 
2.3950 1.003415 
2.4050 1.018941 
2.4150 1.021950 
2.4250 1.018803 
2.4350 1.010941 
2.4450 1.019645 
2.4550 1.020027 
2.4650 1.020232 
2.4750 1.014080 
2.4850 1.025349 
2.4950 1.012100 
2.5050 1.018647 
2.5150 1.012633 
2.5250 1.011237 
2.5350 1.002400 
2.5450 1.011065 
2.5550 1.016517 
2.5650 1.023727 
2.5750 1.010895 
2.5850 1.015391 
2.5950 1.011058 
2.6050 1.000457 
2.6150 1.009617 
2.6250 1.012812 
2.6350 1.009365 
2.6450 1.020747 
2.6550 0.996528 
2.6650 1.010182 
2.6750 0.999702 
2.6850 1.003690 
2.6950 1.009998 
2.7050 1.008799 
2.7150 1.004586 
2.7250 1.004484 
2.7350 1.000036 
2.7450 1.013966 
2.7550 1.002006 
2.7650 1.000368 
2.7750 1.005704 
2.7850 0.993412 
2.7950 1.003140 
2.8050 1.002191 
2.8150 0.984150 
2.8250 0.994170 
2.8350 1.003307 
2.8450 1.002761 
2.8550 1.006024 
2.8650 1.005712 
2.8750 0.996569 
2.8850 1.003553 
2.8950 1.008598 
2.9050 1.004338 
2.9150 0.999960 
2.9250 0.991577 
2.9350 1.004286 
2.9450 0.998530 
2.9550 0.998716 
2.9650 0.999333 
2.9750 0.994887 
2.9850 0.992907 
2.9950 0.989083 
3.0050 0.999939 
3.0150 1.005363 
3.0250 0.994102 
3.0350 0.993621 
3.0450 0.997665 
3.0550 0.990458 
3.0650 1.000568 
3.0750 1.010167 
3.0850 0.997529 
3.0950 0.995914 
3.1050 1.007198 
3.1150 0.991149 
3.1250 1.003006 
3.1350 0.989118 
3.1450 0.997671 
3.1550 0.992155 
3.1650 1.003481 
3.1750 1.006951 
3.1850 1.006802 
3.1950 0.981173 
3.2050 0.995246 
3.2150 0.999976 
3.2250 1.002157 
3.2350 0.997425 
3.2450 1.001340 
3.2550 0.999976 
3.2650 0.996001 
3.2750 0.990954 
3.2850 1.002026 
3.2950 0.999743 
3.3050 0.999206 
3.3150 0.997642 
3.3250 0.992562 
3.3350 0.999514 
3.3450 1.011156 
3.3550 0.998255 
3.3650 1.006451 
3.3750 0.995314 
3.3850 0.997178 
3.3950 1.000593 
3.4050 0.994846 
3.4150 0.999000 
3.4250 0.990419 
3.4350 0.998445 
3.4450 0.996370 
3.4550 1.006438 
3.4650 1.002624 
3.4750 1.012566 
3.4850 1.008487 
3.4950 0.997578 
3.5050 1.009964 
3.5150 1.004637 
3.5250 0.996161 
3.5350 0.998912 
3.5450 0.994169 
3.5550 0.988537 
3.5650 0.998963 
3.5750 1.000096 
3.5850 0.999315 
3.5950 1.001988 
3.6050 0.996436 
3.6150 0.999528 
3.6250 1.006354 
3.6350 1.005542 
3.6450 1.000793 
3.6550 0.999860 
3.6650 1.001127 
3.6750 1.007460 
3.6850 0.999113 
3.6950 1.005510 
3.7050 0.997028 
3.7150 0.997871 
3.7250 0.998365 
3.7350 1.003299 
3.7450 1.003958 
3.7550 1.002198 
3.7650 0.998336 
3.7750 1.005892 
3.7850 1.004368 
3.7950 1.006661 
3.8050 1.014630 
3.8150 1.002938 
3.8250 1.001370 
3.8350 0.997156 
3.8450 1.000462 
3.8550 1.010385 
3.8650 1.003348 
3.8750 0.995794 
3.8850 1.002395 
3.8950 1.003470 
3.9050 0.998866 
3.9150 1.002982 
3.9250 1.006795 
3.9350 0.996913 
3.9450 0.998206 
3.9550 1.001481 
3.9650 0.996499 
3.9750 0.996858 
3.9850 1.005415 
3.9950 1.002194 
4.0050 0.994655 
4.0150 0.994758 
4.0250 0.999962 
4.0350 0.998844 
4.0450 0.996441 
4.0550 0.994937 
4.0650 0.995754 
4.0750 1.007777 
4.0850 0.999848 
4.0950 0.997722 
4.1050 1.007778 
4.1150 0.993461 
4.1250 0.997049 
4.1350 1.008441 
4.1450 0.996599 
4.1550 0.993936 
4.1650 0.994387 
4.1750 1.003524 
4.1850 1.009714 
4.1950 0.997134 
4.2050 1.005365 
4.2150 0.999979 
4.2250 0.998364 
4.2350 0.997605 
4.2450 1.005738 
4.2550 1.001688 
4.2650 1.002552 
4.2750 0.996747 
4.2850 1.015787 
4.2950 1.001752 
4.3050 1.006602 
4.3150 1.001516 
4.3250 1.003673 
4.3350 0.996703 
4.3450 1.004178 
4.3550 0.995274 
4.3650 0.998740 
4.3750 1.006647 
4.3850 1.004764 
4.3950 0.996271 
4.4050 1.010540 
4.4150 1.002731 
4.4250 0.996717 
4.4350 1.003905 
4.4450 1.002361 
4.4550 0.993526 
4.4650 1.000195 
4.4750 1.003010 
4.4850 0.997991 
4.4950 1.005062 