
0.0050 0.000000 
0.0150 0.000000 
0.0250 0.000000 
0.0350 0.000000 
0.0450 0.000000 
0.0550 0.000000 
0.0650 0.000000 
0.0750 0.000000 
0.0850 0.000000 
0.0950 0.000000 
0.1050 0.000000 
0.1150 0.000000 
0.1250 0.000000 
0.1350 0.000000 
0.1450 0.000000 
0.1550 0.000000 
0.1650 0.000000 
0.1750 0.000000 
0.1850 0.000000 
0.1950 0.000000 
0.2050 0.000000 
0.2150 0.000000 
0.2250 0.000000 
0.2350 0.000000 
0.2450 0.000000 
0.2550 0.000000 
0.2650 0.000000 
0.2750 0.000000 
0.2850 0.000000 
0.2950 0.000000 
0.3050 0.000000 
0.3150 0.000000 
0.3250 0.000000 
0.3350 0.000000 
0.3450 0.000000 
0.3550 0.000000 
0.3650 0.000463 
0.3750 0.006762 
0.3850 0.021084 
0.3950 0.030621 
0.4050 0.041781 
0.4150 0.054450 
0.4250 0.061351 
0.4350 0.080591 
0.4450 0.087556 
0.4550 0.096824 
0.4650 0.102965 
0.4750 0.106352 
0.4850 0.129702 
0.4950 0.132761 
0.5050 0.143257 
0.5150 0.158786 
0.5250 0.168395 
0.5350 0.172097 
0.5450 0.179558 
0.5550 0.192259 
0.5650 0.204063 
0.5750 0.213835 
0.5850 0.216889 
0.5950 0.233687 
0.6050 0.244740 
0.6150 0.256404 
0.6250 0.263890 
0.6350 0.266860 
0.6450 0.280544 
0.6550 0.294981 
0.6650 0.299143 
0.6750 0.298775 
0.6850 0.312692 
0.6950 0.330617 
0.7050 0.336456 
0.7150 0.355932 
0.7250 0.357040 
0.7350 0.373281 
0.7450 0.381209 
0.7550 0.395916 
0.7650 0.401453 
0.7750 0.403334 
0.7850 0.432923 
0.7950 0.434256 
0.8050 0.435134 
0.8150 0.448838 
0.8250 0.476453 
0.8350 0.472820 
0.8450 0.499302 
0.8550 0.510427 
0.8650 0.528188 
0.8750 0.548271 
0.8850 0.571849 
0.8950 0.616696 
0.9050 0.655945 
0.9150 0.713892 
0.9250 0.801538 
0.9350 0.902628 
0.9450 0.984008 
0.9550 1.101790 
0.9650 1.180675 
0.9750 1.211279 
0.9850 1.247926 
0.9950 1.258487 
1.0050 1.269179 
1.0150 1.234399 
1.0250 1.195472 
1.0350 1.152763 
1.0450 1.113152 
1.0550 1.060148 
1.0650 1.030708 
1.0750 1.019340 
1.0850 0.988064 
1.0950 0.956968 
1.1050 0.955909 
1.1150 0.943321 
1.1250 0.944144 
1.1350 0.937966 
1.1450 0.938673 
1.1550 0.947268 
1.1650 0.925483 
1.1750 0.929616 
1.1850 0.947788 
1.1950 0.941032 
1.2050 0.925610 
1.2150 0.944210 
1.2250 0.936394 
1.2350 0.940792 
1.2450 0.936349 
1.2550 0.939863 
1.2650 0.943321 
1.2750 0.949267 
1.2850 0.956715 
1.2950 0.956537 
1.3050 0.958258 
1.3150 0.965534 
1.3250 0.961236 
1.3350 0.962564 
1.3450 0.970407 
1.3550 0.975805 
1.3650 0.980374 
1.3750 0.970849 
1.3850 0.984322 
1.3950 0.978453 
1.4050 0.992229 
1.4150 0.986146 
1.4250 0.990091 
1.4350 0.997907 
1.4450 1.000890 
1.4550 1.006589 
1.4650 1.002596 
1.4750 0.997906 
1.4850 1.004200 
1.4950 1.009611 
1.5050 1.024309 
1.5150 1.019205 
1.5250 1.010919 
1.5350 1.018982 
1.5450 1.025339 
1.5550 1.036227 
1.5650 1.026298 
1.5750 1.032109 
1.5850 1.025833 
1.5950 1.044261 
1.6050 1.039477 
1.6150 1.038612 
1.6250 1.048372 
1.6350 1.048612 
1.6450 1.051809 
1.6550 1.032986 
1.6650 1.033775 
1.6750 1.036136 
1.6850 1.034566 
1.6950 1.018001 
1.7050 1.031382 
1.7150 1.021950 
1.7250 1.016191 
1.7350 1.014781 
1.7450 1.007906 
1.7550 1.018239 
1.7650 1.015438 
1.7750 1.016326 
1.7850 1.006819 
1.7950 0.998942 
1.8050 1.008424 
1.8150 1.003872 
1.8250 1.008028 
1.8350 1.009625 
1.8450 1.001991 
1.8550 0.999598 
1.8650 0.985092 
1.8750 1.003315 
1.8850 1.008928 
1.8950 0.998975 
1.9050 0.992847 
1.9150 0.982457 
1.9250 0.987396 
1.9350 0.988179 
1.9450 0.983682 
1.9550 0.994177 
1.9650 0.997043 
1.9750 1.003125 
1.9850 1.018486 
1.9950 1.007912 
2.0050 1.006860 
2.0150 1.006116 
2.0250 0.995169 
2.0350 1.003096 
2.0450 0.992938 
2.0550 1.006247 
2.0650 1.003495 
2.0750 1.002089 
2.0850 0.989877 
2.0950 0.991159 
2.1050 0.989587 
2.1150 1.000030 
2.1250 0.984598 
2.1350 0.996807 
2.1450 1.000815 
2.1550 0.988608 
2.1650 0.999012 
2.1750 0.990147 
2.1850 0.980424 
2.1950 0.986791 
2.2050 0.990542 
2.2150 0.986273 
2.2250 0.974207 
2.2350 0.989129 
2.2450 0.979632 
2.2550 0.990950 
2.2650 0.994093 
2.2750 0.992438 
2.2850 0.987244 
2.2950 0.992038 
2.3050 0.984926 
2.3150 0.999177 
2.3250 0.998565 
2.3350 0.999568 
2.3450 0.983834 
2.3550 0.987068 
2.3650 0.996312 
2.3750 0.987519 
2.3850 0.989695 
2.3950 0.997919 
2.4050 0.987381 
2.4150 0.990132 
2.4250 0.995081 
2.4350 0.995812 
2.4450 0.991712 
2.4550 0.998022 
2.4650 0.987878 
2.4750 1.003996 
2.4850 0.995216 
2.4950 0.991886 
2.5050 0.992098 
2.5150 1.012123 
2.5250 0.999557 
2.5350 0.996870 
2.5450 0.996319 
2.5550 0.996710 
2.5650 1.001830 
2.5750 0.996752 
2.5850 0.996111 
2.5950 0.992149 
2.6050 1.004526 
2.6150 1.003667 
2.6250 1.013561 
2.6350 0.997945 
2.6450 1.014219 
2.6550 1.010921 
2.6650 1.007135 
2.6750 1.009290 
2.6850 1.006970 
2.6950 0.996865 
2.7050 1.002541 
2.7150 1.001248 
2.7250 0.999056 
2.7350 1.002255 
2.7450 0.996399 
2.7550 1.006196 
2.7650 1.010881 
2.7750 1.003763 
2.7850 1.000319 
2.7950 1.008738 
2.8050 1.002435 
2.8150 0.995539 
2.8250 1.010847 
2.8350 1.005297 
2.8450 1.001439 
2.8550 1.009048 
2.8650 1.004965 
2.8750 1.003618 
2.8850 1.009391 
2.8950 1.002603 
2.9050 1.000806 
2.9150 0.999813 
2.9250 1.003416 
2.9350 1.002917 
2.9450 0.996410 
2.9550 1.008178 
2.9650 1.007956 
2.9750 1.005694 
2.9850 1.000154 
2.9950 1.001017 
3.0050 1.003809 
3.0150 1.008654 
3.0250 1.007840 
3.0350 1.000045 
3.0450 0.996823 
3.0550 1.005489 
3.0650 1.003330 
3.0750 0.998655 
3.0850 0.995893 
3.0950 1.016719 
3.1050 1.000120 
3.1150 1.003860 
3.1250 0.992799 
3.1350 0.998966 
3.1450 0.994816 
3.1550 0.999095 
3.1650 1.001806 
3.1750 0.996609 
3.1850 0.994210 
3.1950 1.008929 
3.2050 1.001997 
3.2150 1.005323 
3.2250 0.998974 
3.2350 1.000544 
3.2450 1.005003 
3.2550 0.999188 
3.2650 0.997023 
3.2750 1.001791 
3.2850 1.004109 
3.2950 1.001611 
3.3050 1.004149 
3.3150 0.998441 
3.3250 1.002156 
3.3350 1.007131 
3.3450 0.999727 
3.3550 0.998918 
3.3650 1.005003 
3.3750 1.004183 
3.3850 1.008522 
3.3950 1.002156 
3.4050 1.001578 
3.4150 0.996896 
3.4250 0.999333 
3.4350 1.000014 
3.4450 0.992696 
3.4550 0.998170 
3.4650 0.992775 
3.4750 1.002376 
3.4850 0.989737 
3.4950 1.001861 
3.5050 1.003863 
3.5150 0.991424 
3.5250 1.003052 
3.5350 0.994388 
3.5450 0.992190 
3.5550 0.999123 
3.5650 0.998340 
3.5750 0.998853 
3.5850 1.001939 
3.5950 0.999370 
3.6050 1.006828 
3.6150 0.998794 
3.6250 0.997317 
3.6350 1.007072 
3.6450 0.997930 
3.6550 1.004236 
3.6650 0.995852 
3.6750 1.005971 
3.6850 1.000993 
3.6950 0.999792 
3.7050 1.000237 
3.7150 1.005745 
3.7250 1.003600 
3.7350 0.998512 
3.7450 1.004072 
3.7550 1.005821 
3.7650 0.991543 
3.7750 1.005915 
3.7850 0.996526 
3.7950 1.005827 
3.8050 1.012134 
3.8150 1.001300 
3.8250 1.009667 
3.8350 1.005989 
3.8450 0.994700 
3.8550 0.999202 
3.8650 0.998877 
3.8750 0.999371 
3.8850 1.004993 
3.8950 1.009312 
3.9050 1.005701 
3.9150 1.008074 
3.9250 1.007797 
3.9350 1.007195 
3.9450 1.006402 
3.9550 0.998972 
3.9650 1.013220 
3.9750 1.007704 
3.9850 0.997472 
3.9950 1.002901 
4.0050 0.998115 
4.0150 1.008949 
4.0250 1.000663 
4.0350 1.005946 
4.0450 0.998197 
4.0550 0.998881 
4.0650 0.997122 
4.0750 1.002361 
4.0850 1.005146 
4.0950 0.994380 
4.1050 1.001026 
4.1150 1.003419 
4.1250 1.002358 
4.1350 1.004903 
4.1450 1.009416 
4.1550 1.003160 
4.1650 1.000035 
4.1750 1.005163 
4.1850 1.005421 
4.1950 1.007922 
4.2050 0.998529 
4.2150 1.000486 
4.2250 0.995023 
4.2350 1.000453 
4.2450 0.990441 
4.2550 1.005589 
4.2650 0.998841 
4.2750 1.003111 
4.2850 0.999794 
4.2950 1.000696 
4.3050 1.002766 
4.3150 0.994200 
4.3250 1.001082 
4.3350 1.008584 
4.3450 1.000910 
4.3550 1.002779 
4.3650 0.997661 
4.3750 0.999432 
4.3850 1.001740 
4.3950 1.001780 
4.4050 1.002208 
4.4150 0.992906 
4.4250 1.006906 
4.4350 1.001571 
4.4450 1.000610 
4.4550 0.996714 
4.4650 1.007285 
4.4750 0.997446 
4.4850 1.007357 
4.4950 0.997810 