
0.0050 0.000000 
0.0150 0.000000 
0.0250 0.000000 
0.0350 0.000000 
0.0450 0.000000 
0.0550 0.000000 
0.0650 0.000000 
0.0750 0.000000 
0.0850 0.000000 
0.0950 0.000000 
0.1050 0.000000 
0.1150 0.000000 
0.1250 0.000000 
0.1350 0.000000 
0.1450 0.000000 
0.1550 0.000000 
0.1650 0.000000 
0.1750 0.000000 
0.1850 0.000000 
0.1950 0.000000 
0.2050 0.000000 
0.2150 0.000000 
0.2250 0.000000 
0.2350 0.000000 
0.2450 0.000000 
0.2550 0.000000 
0.2650 0.000000 
0.2750 0.000000 
0.2850 0.000000 
0.2950 0.000000 
0.3050 0.000000 
0.3150 0.000000 
0.3250 0.000000 
0.3350 0.000000 
0.3450 0.000000 
0.3550 0.000000 
0.3650 0.000000 
0.3750 0.000000 
0.3850 0.000000 
0.3950 0.000000 
0.4050 0.000000 
0.4150 0.000000 
0.4250 0.000000 
0.4350 0.000000 
0.4450 0.000000 
0.4550 0.000000 
0.4650 0.000000 
0.4750 0.000000 
0.4850 0.000000 
0.4950 0.000000 
0.5050 0.000000 
0.5150 0.000000 
0.5250 0.000000 
0.5350 0.000000 
0.5450 0.000000 
0.5550 0.000000 
0.5650 0.000000 
0.5750 0.000000 
0.5850 0.000000 
0.5950 0.000000 
0.6050 0.000000 
0.6150 0.000000 
0.6250 0.000000 
0.6350 0.000000 
0.6450 0.000000 
0.6550 0.000000 
0.6650 0.000000 
0.6750 0.000000 
0.6850 0.000000 
0.6950 0.000000 
0.7050 0.000000 
0.7150 0.000000 
0.7250 0.000000 
0.7350 0.000000 
0.7450 0.000000 
0.7550 0.000000 
0.7650 0.000000 
0.7750 0.000000 
0.7850 0.000000 
0.7950 0.000000 
0.8050 0.000000 
0.8150 0.001671 
0.8250 0.023426 
0.8350 0.043336 
0.8450 0.060460 
0.8550 0.074796 
0.8650 0.087424 
0.8750 0.098208 
0.8850 0.114716 
0.8950 0.144657 
0.9050 0.177234 
0.9150 0.196535 
0.9250 0.206578 
0.9350 0.233812 
0.9450 0.258399 
0.9550 0.319679 
0.9650 0.463140 
0.9750 0.897513 
0.9850 1.951658 
0.9950 3.724498 
1.0050 6.011255 
1.0150 7.897381 
1.0250 9.091021 
1.0350 8.970746 
1.0450 7.436973 
1.0550 5.137756 
1.0650 3.100368 
1.0750 1.832084 
1.0850 1.208874 
1.0950 0.926367 
1.1050 0.791704 
1.1150 0.713896 
1.1250 0.688704 
1.1350 0.686419 
1.1450 0.673747 
1.1550 0.684996 
1.1650 0.677824 
1.1750 0.670192 
1.1850 0.703859 
1.1950 0.688001 
1.2050 0.685359 
1.2150 0.682409 
1.2250 0.681666 
1.2350 0.687013 
1.2450 0.680969 
1.2550 0.674341 
1.2650 0.670717 
1.2750 0.659923 
1.2850 0.659256 
1.2950 0.665385 
1.3050 0.666583 
1.3150 0.653941 
1.3250 0.640459 
1.3350 0.643734 
1.3450 0.658950 
1.3550 0.668969 
1.3650 0.661960 
1.3750 0.663556 
1.3850 0.671599 
1.3950 0.671636 
1.4050 0.684671 
1.4150 0.690224 
1.4250 0.667548 
1.4350 0.683254 
1.4450 0.682441 
1.4550 0.665271 
1.4650 0.674263 
1.4750 0.683539 
1.4850 0.699129 
1.4950 0.702862 
1.5050 0.714940 
1.5150 0.725846 
1.5250 0.706658 
1.5350 0.717031 
1.5450 0.716329 
1.5550 0.701140 
1.5650 0.704912 
1.5750 0.728531 
1.5850 0.742211 
1.5950 0.735913 
1.6050 0.725596 
1.6150 0.734600 
1.6250 0.718638 
1.6350 0.738593 
1.6450 0.746679 
1.6550 0.749559 
1.6650 0.749225 
1.6750 0.745939 
1.6850 0.742640 
1.6950 0.772180 
1.7050 0.773824 
1.7150 0.757773 
1.7250 0.754630 
1.7350 0.756840 
1.7450 0.759563 
1.7550 0.775444 
1.7650 0.780305 
1.7750 0.782274 
1.7850 0.769625 
1.7950 0.773058 
1.8050 0.775176 
1.8150 0.759951 
1.8250 0.780792 
1.8350 0.769706 
1.8450 0.783277 
1.8550 0.787539 
1.8650 0.787222 
1.8750 0.797339 
1.8850 0.824391 
1.8950 0.800623 
1.9050 0.821947 
1.9150 0.825473 
1.9250 0.848755 
1.9350 0.866809 
1.9450 0.901017 
1.9550 0.924432 
1.9650 0.980478 
1.9750 1.057328 
1.9850 1.185486 
1.9950 1.474202 
2.0050 1.956790 
2.0150 2.627656 
2.0250 3.293094 
2.0350 3.606082 
2.0450 3.315449 
2.0550 2.658668 
2.0650 1.993088 
2.0750 1.509495 
2.0850 1.260070 
2.0950 1.109603 
2.1050 0.990642 
2.1150 0.949123 
2.1250 0.917765 
2.1350 0.920000 
2.1450 0.917713 
2.1550 0.903710 
2.1650 0.893269 
2.1750 0.893808 
2.1850 0.891839 
2.1950 0.885098 
2.2050 0.871288 
2.2150 0.881368 
2.2250 0.859364 
2.2350 0.863519 
2.2450 0.887128 
2.2550 0.888395 
2.2650 0.883991 
2.2750 0.872187 
2.2850 0.871707 
2.2950 0.867619 
2.3050 0.858598 
2.3150 0.855931 
2.3250 0.870895 
2.3350 0.863513 
2.3450 0.859000 
2.3550 0.852130 
2.3650 0.882615 
2.3750 0.876099 
2.3850 0.871322 
2.3950 0.877114 
2.4050 0.883994 
2.4150 0.885615 
2.4250 0.870163 
2.4350 0.872529 
2.4450 0.883336 
2.4550 0.892071 
2.4650 0.882287 
2.4750 0.890817 
2.4850 0.878949 
2.4950 0.862826 
2.5050 0.869352 
2.5150 0.869471 
2.5250 0.874363 
2.5350 0.893379 
2.5450 0.869286 
2.5550 0.888942 
2.5650 0.881251 
2.5750 0.878067 
2.5850 0.886550 
2.5950 0.878034 
2.6050 0.900135 
2.6150 0.915693 
2.6250 0.913287 
2.6350 0.926438 
2.6450 0.906362 
2.6550 0.898833 
2.6650 0.898257 
2.6750 0.885893 
2.6850 0.889031 
2.6950 0.897159 
2.7050 0.906111 
2.7150 0.919690 
2.7250 0.910046 
2.7350 0.920917 
2.7450 0.914423 
2.7550 0.919550 
2.7650 0.912304 
2.7750 0.927786 
2.7850 0.935942 
2.7950 0.927460 
2.8050 0.937693 
2.8150 0.929903 
2.8250 0.949862 
2.8350 0.961023 
2.8450 0.953113 
2.8550 0.975326 
2.8650 0.972376 
2.8750 0.993773 
2.8850 0.990127 
2.8950 0.999856 
2.9050 1.011961 
2.9150 1.025010 
2.9250 1.055802 
2.9350 1.075168 
2.9450 1.112839 
2.9550 1.146350 
2.9650 1.149066 
2.9750 1.195423 
2.9850 1.259861 
2.9950 1.332605 
3.0050 1.429282 
3.0150 1.500047 
3.0250 1.581681 
3.0350 1.609077 
3.0450 1.539970 
3.0550 1.419223 
3.0650 1.293989 
3.0750 1.186060 
3.0850 1.111288 
3.0950 1.060650 
3.1050 1.021877 
3.1150 1.001005 
3.1250 0.978241 
3.1350 0.973870 
3.1450 0.964987 
3.1550 0.947676 
3.1650 0.963168 
3.1750 0.966711 
3.1850 0.966473 
3.1950 0.967789 
3.2050 0.951673 
3.2150 0.952521 
3.2250 0.939920 
3.2350 0.936543 
3.2450 0.926282 
3.2550 0.930955 
3.2650 0.938900 
3.2750 0.939745 
3.2850 0.928272 
3.2950 0.944302 
3.3050 0.938499 
3.3150 0.941993 
3.3250 0.933994 
3.3350 0.930172 
3.3450 0.936523 
3.3550 0.938885 
3.3650 0.935591 
3.3750 0.949675 
3.3850 0.956500 
3.3950 0.955727 
3.4050 0.958928 
3.4150 0.955347 
3.4250 0.942349 
3.4350 0.940307 
3.4450 0.940088 
3.4550 0.944476 
3.4650 0.959230 
3.4750 0.961888 
3.4850 0.963648 
3.4950 0.951571 
3.5050 0.955425 
3.5150 0.957187 
3.5250 0.939456 
3.5350 0.943021 
3.5450 0.955830 
3.5550 0.953049 
3.5650 0.974083 
3.5750 0.971554 
3.5850 0.962668 
3.5950 0.971866 
3.6050 0.968771 
3.6150 0.962593 
3.6250 0.977402 
3.6350 0.967634 
3.6450 0.959891 
3.6550 0.952681 
3.6650 0.956923 
3.6750 0.963075 
3.6850 0.965525 
3.6950 0.954397 
3.7050 0.948476 
3.7150 0.972152 
3.7250 0.971842 
3.7350 0.980671 
3.7450 0.979062 
3.7550 0.986640 
3.7650 0.986113 
3.7750 0.980037 
3.7850 0.987282 
3.7950 0.990500 
3.8050 0.989811 
3.8150 0.985852 
3.8250 0.985850 
3.8350 0.983528 
3.8450 0.979750 
3.8550 0.982514 
3.8650 0.997903 
3.8750 1.010762 
3.8850 1.034321 
3.8950 1.050118 
3.9050 1.043116 
3.9150 1.024133 
3.9250 1.043038 
3.9350 1.048196 
3.9450 1.052546 
3.9550 1.058843 
3.9650 1.083921 
3.9750 1.092065 
3.9850 1.101800 
3.9950 1.111530 
4.0050 1.122556 
4.0150 1.131141 
4.0250 1.143786 
4.0350 1.147718 
4.0450 1.134669 
4.0550 1.126410 
4.0650 1.092580 
4.0750 1.066516 
4.0850 1.031826 
4.0950 1.008418 
4.1050 0.999317 
4.1150 0.989365 
4.1250 0.984254 
4.1350 0.971221 
4.1450 0.979242 
4.1550 0.985432 
4.1650 0.981529 
4.1750 0.975881 
4.1850 0.978315 
4.1950 0.968930 
4.2050 0.990249 
4.2150 0.993078 
4.2250 0.968558 
4.2350 0.954314 
4.2450 0.958840 
4.2550 0.965195 
4.2650 0.964780 
4.2750 0.982118 
4.2850 0.983602 
4.2950 0.991135 
4.3050 0.990982 
4.3150 0.979191 
4.3250 0.974239 
4.3350 0.963903 
4.3450 0.956390 
4.3550 0.965807 
4.3650 0.957716 
4.3750 0.955159 
4.3850 0.946603 
4.3950 0.952394 
4.4050 0.959129 
4.4150 0.967269 
4.4250 0.977092 
4.4350 0.971766 
4.4450 0.979822 
4.4550 0.973055 
4.4650 0.978619 
4.4750 0.989531 
4.4850 0.982444 
4.4950 0.987360 