
0.0050 0.000000 
0.0150 0.000000 
0.0250 0.000000 
0.0350 0.000000 
0.0450 0.000000 
0.0550 0.000000 
0.0650 0.000000 
0.0750 0.000000 
0.0850 0.000000 
0.0950 0.000000 
0.1050 0.000000 
0.1150 0.000000 
0.1250 0.000000 
0.1350 0.000000 
0.1450 0.000000 
0.1550 0.000000 
0.1650 0.000000 
0.1750 0.000000 
0.1850 0.000000 
0.1950 0.000000 
0.2050 0.000000 
0.2150 0.000000 
0.2250 0.000000 
0.2350 0.000000 
0.2450 0.000000 
0.2550 0.000000 
0.2650 0.000000 
0.2750 0.000000 
0.2850 0.000000 
0.2950 0.000000 
0.3050 0.000000 
0.3150 0.000000 
0.3250 0.000000 
0.3350 0.000000 
0.3450 0.000245 
0.3550 0.009517 
0.3650 0.020834 
0.3750 0.037642 
0.3850 0.047658 
0.3950 0.067237 
0.4050 0.067268 
0.4150 0.075048 
0.4250 0.093420 
0.4350 0.108817 
0.4450 0.122768 
0.4550 0.126989 
0.4650 0.134128 
0.4750 0.141683 
0.4850 0.156621 
0.4950 0.165822 
0.5050 0.186252 
0.5150 0.183822 
0.5250 0.195869 
0.5350 0.205882 
0.5450 0.219270 
0.5550 0.233097 
0.5650 0.243733 
0.5750 0.249130 
0.5850 0.258117 
0.5950 0.272517 
0.6050 0.280827 
0.6150 0.289974 
0.6250 0.306988 
0.6350 0.310489 
0.6450 0.302814 
0.6550 0.330020 
0.6650 0.337112 
0.6750 0.344876 
0.6850 0.348319 
0.6950 0.363287 
0.7050 0.376387 
0.7150 0.390312 
0.7250 0.395525 
0.7350 0.407774 
0.7450 0.422436 
0.7550 0.431191 
0.7650 0.439051 
0.7750 0.435069 
0.7850 0.459160 
0.7950 0.466269 
0.8050 0.464954 
0.8150 0.488844 
0.8250 0.489662 
0.8350 0.517074 
0.8450 0.504642 
0.8550 0.528653 
0.8650 0.541381 
0.8750 0.552164 
0.8850 0.552890 
0.8950 0.579865 
0.9050 0.589400 
0.9150 0.603290 
0.9250 0.610617 
0.9350 0.632915 
0.9450 0.643744 
0.9550 0.665499 
0.9650 0.662082 
0.9750 0.706106 
0.9850 0.739983 
0.9950 0.784146 
1.0050 0.906641 
1.0150 0.952250 
1.0250 0.966290 
1.0350 0.973882 
1.0450 0.967869 
1.0550 0.977324 
1.0650 0.975554 
1.0750 0.970725 
1.0850 0.959068 
1.0950 0.961018 
1.1050 0.951434 
1.1150 0.965040 
1.1250 0.963397 
1.1350 0.946982 
1.1450 0.973679 
1.1550 0.958271 
1.1650 0.968675 
1.1750 0.971862 
1.1850 0.965710 
1.1950 0.970867 
1.2050 0.958525 
1.2150 0.987668 
1.2250 0.979986 
1.2350 0.975606 
1.2450 0.981299 
1.2550 0.973444 
1.2650 0.991339 
1.2750 1.000524 
1.2850 1.007973 
1.2950 0.998902 
1.3050 0.990885 
1.3150 0.992722 
1.3250 0.986674 
1.3350 1.007180 
1.3450 1.002955 
1.3550 1.003642 
1.3650 1.000317 
1.3750 1.011750 
1.3850 1.018275 
1.3950 1.013999 
1.4050 1.002981 
1.4150 1.018657 
1.4250 1.030521 
1.4350 1.024317 
1.4450 1.028771 
1.4550 1.033224 
1.4650 1.023689 
1.4750 1.033671 
1.4850 1.044612 
1.4950 1.030281 
1.5050 1.042517 
1.5150 1.047098 
1.5250 1.038686 
1.5350 1.037893 
1.5450 1.029484 
1.5550 1.040344 
1.5650 1.032136 
1.5750 1.042409 
1.5850 1.057615 
1.5950 1.057697 
1.6050 1.053415 
1.6150 1.055901 
1.6250 1.050947 
1.6350 1.067101 
1.6450 1.053158 
1.6550 1.062241 
1.6650 1.061164 
1.6750 1.047811 
1.6850 1.047896 
1.6950 1.045208 
1.7050 1.033436 
1.7150 1.034101 
1.7250 1.037530 
1.7350 1.025069 
1.7450 1.026455 
1.7550 1.028507 
1.7650 1.026616 
1.7750 1.026623 
1.7850 1.027874 
1.7950 1.017453 
1.8050 1.022762 
1.8150 1.009566 
1.8250 1.000679 
1.8350 0.999617 
1.8450 1.007779 
1.8550 0.990618 
1.8650 1.002451 
1.8750 0.998166 
1.8850 0.992795 
1.8950 0.995413 
1.9050 0.994148 
1.9150 0.984866 
1.9250 0.997470 
1.9350 0.986589 
1.9450 0.979773 
1.9550 0.982465 
1.9650 0.985304 
1.9750 0.979549 
1.9850 0.981083 
1.9950 0.986541 
2.0050 0.995994 
2.0150 0.978385 
2.0250 0.992341 
2.0350 0.987351 
2.0450 0.985877 
2.0550 0.979761 
2.0650 0.992282 
2.0750 0.981953 
2.0850 0.981885 
2.0950 0.981860 
2.1050 0.973471 
2.1150 0.986616 
2.1250 0.985281 
2.1350 0.979236 
2.1450 0.979940 
2.1550 0.988569 
2.1650 0.993762 
2.1750 0.987986 
2.1850 0.988911 
2.1950 0.988893 
2.2050 0.974613 
2.2150 0.985501 
2.2250 0.992259 
2.2350 0.989512 
2.2450 0.988845 
2.2550 0.994058 
2.2650 0.982547 
2.2750 0.982408 
2.2850 0.986571 
2.2950 0.989878 
2.3050 0.984666 
2.3150 0.992790 
2.3250 1.004483 
2.3350 0.984634 
2.3450 0.999069 
2.3550 0.992730 
2.3650 0.992336 
2.3750 0.999683 
2.3850 0.999120 
2.3950 0.987783 
2.4050 0.986812 
2.4150 0.990451 
2.4250 1.003505 
2.4350 0.997216 
2.4450 0.990174 
2.4550 0.997952 
2.4650 0.997692 
2.4750 1.003857 
2.4850 0.993806 
2.4950 0.995895 
2.5050 1.001550 
2.5150 1.006073 
2.5250 1.004365 
2.5350 0.996668 
2.5450 1.005086 
2.5550 1.000290 
2.5650 1.009229 
2.5750 1.006878 
2.5850 1.001700 
2.5950 0.996991 
2.6050 0.994878 
2.6150 0.997946 
2.6250 1.006918 
2.6350 1.005764 
2.6450 0.998090 
2.6550 1.002613 
2.6650 0.992443 
2.6750 1.003601 
2.6850 1.007511 
2.6950 1.005271 
2.7050 1.006808 
2.7150 0.994132 
2.7250 0.998679 
2.7350 1.002224 
2.7450 1.003563 
2.7550 1.005265 
2.7650 1.004542 
2.7750 1.001699 
2.7850 1.010542 
2.7950 1.005373 
2.8050 1.005148 
2.8150 0.995053 
2.8250 1.001192 
2.8350 1.001256 
2.8450 1.005015 
2.8550 1.001501 
2.8650 1.003921 
2.8750 1.012123 
2.8850 0.996321 
2.8950 1.004493 
2.9050 1.001748 
2.9150 1.003978 
2.9250 0.997862 
2.9350 1.004432 
2.9450 0.997369 
2.9550 1.011593 
2.9650 1.009254 
2.9750 1.006327 
2.9850 1.007344 
2.9950 1.011780 
3.0050 1.004264 
3.0150 0.998812 
3.0250 1.005155 
3.0350 1.010639 
3.0450 1.007663 
3.0550 1.005153 
3.0650 0.996606 
3.0750 1.003215 
3.0850 1.004071 
3.0950 1.005225 
3.1050 0.995603 
3.1150 1.004848 
3.1250 1.002568 
3.1350 1.002103 
3.1450 0.994843 
3.1550 1.009313 
3.1650 0.995997 
3.1750 0.999464 
3.1850 0.995364 
3.1950 0.998436 
3.2050 1.004398 
3.2150 0.999976 
3.2250 0.997145 
3.2350 1.005223 
3.2450 1.000128 
3.2550 1.005204 
3.2650 1.000454 
3.2750 0.999258 
3.2850 1.003667 
3.2950 0.999509 
3.3050 1.007642 
3.3150 0.990237 
3.3250 1.002851 
3.3350 0.998155 
3.3450 0.995943 
3.3550 1.006642 
3.3650 1.006858 
3.3750 0.995897 
3.3850 0.994854 
3.3950 0.998100 
3.4050 0.996504 
3.4150 0.998899 
3.4250 0.992991 
3.4350 1.003425 
3.4450 1.002602 
3.4550 0.999383 
3.4650 0.994232 
3.4750 0.999226 
3.4850 0.996559 
3.4950 1.005263 
3.5050 0.999763 
3.5150 1.001814 
3.5250 0.999946 
3.5350 1.001670 
3.5450 1.001913 
3.5550 0.997367 
3.5650 0.996900 
3.5750 1.007824 
3.5850 1.010600 
3.5950 1.004129 
3.6050 1.001750 
3.6150 1.000190 
3.6250 0.998166 
3.6350 0.997048 
3.6450 1.001449 
3.6550 0.998924 
3.6650 0.997929 
3.6750 0.992914 
3.6850 1.008606 
3.6950 1.007269 
3.7050 0.997698 
3.7150 1.002522 
3.7250 1.000408 
3.7350 0.991206 
3.7450 1.003889 
3.7550 0.997437 
3.7650 0.998859 
3.7750 0.998029 
3.7850 1.010673 
3.7950 1.000936 
3.8050 0.995476 
3.8150 0.994910 
3.8250 0.993051 
3.8350 1.004807 
3.8450 1.005312 
3.8550 1.004971 
3.8650 1.000072 
3.8750 1.007914 
3.8850 0.997793 
3.8950 1.004480 
3.9050 0.989512 
3.9150 0.999355 
3.9250 0.998622 
3.9350 0.995718 
3.9450 0.997316 
3.9550 0.998734 
3.9650 1.004978 
3.9750 0.997030 
3.9850 1.001744 
3.9950 1.008040 
4.0050 1.002430 
4.0150 1.004027 
4.0250 0.995691 
4.0350 1.004717 
4.0450 1.000248 
4.0550 1.004599 
4.0650 0.999584 
4.0750 1.002088 
4.0850 1.002926 
4.0950 1.004763 
4.1050 1.006611 
4.1150 0.995394 
4.1250 0.998459 
4.1350 1.007365 
4.1450 0.997280 
4.1550 0.997889 
4.1650 1.000364 
4.1750 0.999528 
4.1850 1.000924 
4.1950 0.994299 
4.2050 1.010797 
4.2150 1.001785 
4.2250 0.999255 
4.2350 0.998919 
4.2450 1.009043 
4.2550 0.994731 
4.2650 0.997637 
4.2750 1.002310 
4.2850 0.997159 
4.2950 1.001055 
4.3050 1.001534 
4.3150 1.007880 
4.3250 1.001043 
4.3350 1.001657 
4.3450 1.003528 
4.3550 0.998496 
4.3650 0.997995 
4.3750 0.991004 
4.3850 1.001701 
4.3950 0.999794 
4.4050 0.993546 
4.4150 1.003913 
4.4250 1.000931 
4.4350 1.003847 
4.4450 1.001206 
4.4550 1.005337 
4.4650 0.999256 
4.4750 1.008325 
4.4850 1.005106 
4.4950 1.001940 