
0.0050 0.000000 
0.0150 0.000000 
0.0250 0.000000 
0.0350 0.000000 
0.0450 0.000000 
0.0550 0.000000 
0.0650 0.000000 
0.0750 0.000000 
0.0850 0.000000 
0.0950 0.000000 
0.1050 0.000000 
0.1150 0.000000 
0.1250 0.000000 
0.1350 0.000000 
0.1450 0.000000 
0.1550 0.000000 
0.1650 0.000000 
0.1750 0.000000 
0.1850 0.000000 
0.1950 0.000000 
0.2050 0.000000 
0.2150 0.000000 
0.2250 0.000000 
0.2350 0.000000 
0.2450 0.000000 
0.2550 0.000000 
0.2650 0.000000 
0.2750 0.000000 
0.2850 0.000000 
0.2950 0.000000 
0.3050 0.000000 
0.3150 0.000000 
0.3250 0.000000 
0.3350 0.000000 
0.3450 0.000000 
0.3550 0.000000 
0.3650 0.000926 
0.3750 0.012848 
0.3850 0.029649 
0.3950 0.046680 
0.4050 0.054107 
0.4150 0.068318 
0.4250 0.085253 
0.4350 0.088961 
0.4450 0.102402 
0.4550 0.115258 
0.4650 0.124833 
0.4750 0.138293 
0.4850 0.151377 
0.4950 0.150919 
0.5050 0.179870 
0.5150 0.183823 
0.5250 0.196677 
0.5350 0.197000 
0.5450 0.210860 
0.5550 0.220860 
0.5650 0.236821 
0.5750 0.240860 
0.5850 0.258408 
0.5950 0.258099 
0.6050 0.268471 
0.6150 0.298401 
0.6250 0.289858 
0.6350 0.301522 
0.6450 0.325214 
0.6550 0.328852 
0.6650 0.345293 
0.6750 0.342609 
0.6850 0.356884 
0.6950 0.372465 
0.7050 0.377835 
0.7150 0.392453 
0.7250 0.395525 
0.7350 0.414140 
0.7450 0.409646 
0.7550 0.430064 
0.7650 0.443722 
0.7750 0.448905 
0.7850 0.458836 
0.7950 0.471301 
0.8050 0.466117 
0.8150 0.495529 
0.8250 0.500085 
0.8350 0.502900 
0.8450 0.531346 
0.8550 0.543094 
0.8650 0.536360 
0.8750 0.566083 
0.8850 0.555584 
0.8950 0.585670 
0.9050 0.595141 
0.9150 0.612878 
0.9250 0.635115 
0.9350 0.633188 
0.9450 0.648883 
0.9550 0.659522 
0.9650 0.690868 
0.9750 0.700163 
0.9850 0.729600 
0.9950 0.735666 
1.0050 0.786559 
1.0150 0.789344 
1.0250 0.809538 
1.0350 0.836674 
1.0450 0.833191 
1.0550 0.870986 
1.0650 0.873572 
1.0750 0.884121 
1.0850 0.879388 
1.0950 0.896622 
1.1050 0.912234 
1.1150 0.906460 
1.1250 0.920723 
1.1350 0.935186 
1.1450 0.940908 
1.1550 0.957606 
1.1650 0.957767 
1.1750 0.949723 
1.1850 0.959592 
1.1950 0.970011 
1.2050 0.967233 
1.2150 0.973696 
1.2250 0.987507 
1.2350 0.996190 
1.2450 0.993291 
1.2550 0.991866 
1.2650 0.985472 
1.2750 1.002800 
1.2850 0.995756 
1.2950 1.019920 
1.3050 1.020176 
1.3150 1.023868 
1.3250 1.008442 
1.3350 1.018941 
1.3450 1.011584 
1.3550 1.022725 
1.3650 1.009445 
1.3750 1.021433 
1.3850 1.040766 
1.3950 1.011124 
1.4050 1.040218 
1.4150 1.023905 
1.4250 1.035433 
1.4350 1.028659 
1.4450 1.046138 
1.4550 1.039618 
1.4650 1.047695 
1.4750 1.048544 
1.4850 1.045244 
1.4950 1.048382 
1.5050 1.050288 
1.5150 1.049690 
1.5250 1.061135 
1.5350 1.064423 
1.5450 1.056118 
1.5550 1.070652 
1.5650 1.065633 
1.5750 1.077970 
1.5850 1.064295 
1.5950 1.074560 
1.6050 1.082728 
1.6150 1.078636 
1.6250 1.085628 
1.6350 1.073159 
1.6450 1.063384 
1.6550 1.059094 
1.6650 1.057420 
1.6750 1.049137 
1.6850 1.050785 
1.6950 1.056394 
1.7050 1.039747 
1.7150 1.039927 
1.7250 1.040401 
1.7350 1.039689 
1.7450 1.034091 
1.7550 1.027485 
1.7650 1.026761 
1.7750 1.015122 
1.7850 1.028639 
1.7950 1.018928 
1.8050 1.008377 
1.8150 1.019826 
1.8250 0.999088 
1.8350 1.007437 
1.8450 0.999260 
1.8550 1.007518 
1.8650 1.000206 
1.8750 0.991788 
1.8850 1.011602 
1.8950 0.990184 
1.9050 1.004641 
1.9150 0.992807 
1.9250 0.987929 
1.9350 0.992815 
1.9450 0.996420 
1.9550 1.000994 
1.9650 0.987304 
1.9750 0.989802 
1.9850 0.981255 
1.9950 0.990011 
2.0050 0.995909 
2.0150 0.990512 
2.0250 0.987616 
2.0350 0.976897 
2.0450 0.983747 
2.0550 0.981964 
2.0650 0.981565 
2.0750 0.988006 
2.0850 0.976804 
2.0950 0.980799 
2.1050 0.979966 
2.1150 0.978051 
2.1250 0.979772 
2.1350 0.991444 
2.1450 0.987031 
2.1550 1.001615 
2.1650 0.993525 
2.1750 0.992936 
2.1850 0.979915 
2.1950 0.988348 
2.2050 0.973916 
2.2150 0.989167 
2.2250 0.982849 
2.2350 0.987906 
2.2450 0.990253 
2.2550 0.983484 
2.2650 0.995112 
2.2750 0.985525 
2.2850 0.981447 
2.2950 0.998369 
2.3050 0.984963 
2.3150 1.000026 
2.3250 0.989963 
2.3350 0.987050 
2.3450 0.992873 
2.3550 0.985326 
2.3650 0.994107 
2.3750 0.988563 
2.3850 0.989193 
2.3950 0.988997 
2.4050 0.996266 
2.4150 0.991477 
2.4250 1.001002 
2.4350 0.988616 
2.4450 0.996746 
2.4550 1.002757 
2.4650 1.000396 
2.4750 1.001888 
2.4850 0.998106 
2.4950 0.999698 
2.5050 1.004656 
2.5150 1.004067 
2.5250 0.997188 
2.5350 1.004255 
2.5450 1.005019 
2.5550 1.000424 
2.5650 1.011295 
2.5750 1.002794 
2.5850 1.003387 
2.5950 0.992182 
2.6050 1.000818 
2.6150 1.005170 
2.6250 1.006266 
2.6350 1.004271 
2.6450 0.995213 
2.6550 1.007283 
2.6650 1.006654 
2.6750 1.003920 
2.6850 1.011237 
2.6950 1.000735 
2.7050 1.007535 
2.7150 0.998068 
2.7250 1.014837 
2.7350 1.009195 
2.7450 1.005494 
2.7550 0.994372 
2.7650 1.010881 
2.7750 0.996369 
2.7850 1.004156 
2.7950 1.002344 
2.8050 1.008927 
2.8150 0.999700 
2.8250 0.996501 
2.8350 1.000683 
2.8450 1.010635 
2.8550 1.013151 
2.8650 1.010546 
2.8750 1.002814 
2.8850 1.010666 
2.8950 1.004227 
2.9050 1.006899 
2.9150 1.008202 
2.9250 1.007187 
2.9350 1.001926 
2.9450 0.995598 
2.9550 0.994636 
2.9650 1.002130 
2.9750 1.014346 
2.9850 0.992419 
2.9950 1.002559 
3.0050 1.005204 
3.0150 0.999095 
3.0250 1.005890 
3.0350 1.003990 
3.0450 1.003141 
3.0550 0.994489 
3.0650 0.999089 
3.0750 1.003632 
3.0850 0.998527 
3.0950 1.011248 
3.1050 1.002791 
3.1150 0.997051 
3.1250 0.998518 
3.1350 1.003985 
3.1450 1.007324 
3.1550 0.999880 
3.1650 0.998726 
3.1750 0.993565 
3.1850 0.999177 
3.1950 1.012409 
3.2050 0.999249 
3.2150 1.006280 
3.2250 0.996800 
3.2350 1.000042 
3.2450 0.998072 
3.2550 1.005835 
3.2650 1.004042 
3.2750 0.995706 
3.2850 0.997262 
3.2950 0.991229 
3.3050 0.992582 
3.3150 0.983839 
3.3250 0.997655 
3.3350 1.002310 
3.3450 0.993872 
3.3550 0.992418 
3.3650 1.007925 
3.3750 0.997417 
3.3850 0.997532 
3.3950 1.004246 
3.4050 1.003386 
3.4150 1.003758 
3.4250 1.002730 
3.4350 1.004695 
3.4450 1.002652 
3.4550 1.007032 
3.4650 1.004105 
3.4750 0.995066 
3.4850 0.998989 
3.4950 0.996037 
3.5050 1.005156 
3.5150 0.999502 
3.5250 0.999437 
3.5350 1.000775 
3.5450 1.003337 
3.5550 0.999724 
3.5650 1.003330 
3.5750 0.996365 
3.5850 1.002560 
3.5950 1.000846 
3.6050 1.005499 
3.6150 1.005987 
3.6250 1.001753 
3.6350 1.014296 
3.6450 1.004125 
3.6550 0.994641 
3.6650 0.997603 
3.6750 0.996544 
3.6850 1.006053 
3.6950 1.001459 
3.7050 0.999683 
3.7150 1.000288 
3.7250 0.993726 
3.7350 0.992993 
3.7450 0.993679 
3.7550 1.000399 
3.7650 0.995564 
3.7750 0.992999 
3.7850 1.001384 
3.7950 1.003122 
3.8050 1.009234 
3.8150 0.990381 
3.8250 1.002444 
3.8350 0.996376 
3.8450 0.988960 
3.8550 1.002951 
3.8650 0.995911 
3.8750 1.000122 
3.8850 1.007283 
3.8950 0.999231 
3.9050 1.003883 
3.9150 1.007505 
3.9250 1.002675 
3.9350 0.995935 
3.9450 1.002586 
3.9550 1.006392 
3.9650 1.004957 
3.9750 1.001872 
3.9850 0.997386 
3.9950 1.008897 
4.0050 0.993971 
4.0150 0.998274 
4.0250 1.000940 
4.0350 1.004293 
4.0450 0.998789 
4.0550 0.998248 
4.0650 1.005750 
4.0750 0.996840 
4.0850 1.003387 
4.0950 0.999853 
4.1050 0.997191 
4.1150 0.999532 
4.1250 1.009741 
4.1350 1.005130 
4.1450 0.998415 
4.1550 0.997930 
4.1650 1.013879 
4.1750 0.999528 
4.1850 0.998164 
4.1950 1.004027 
4.2050 0.997594 
4.2150 1.003612 
4.2250 1.003912 
4.2350 0.998717 
4.2450 1.005536 
4.2550 1.004845 
4.2650 1.008669 
4.2750 0.999929 
4.2850 1.000233 
4.2950 1.003883 
4.3050 1.001693 
4.3150 0.998106 
4.3250 0.997284 
4.3350 1.005959 
4.3450 0.999610 
4.3550 0.992445 
4.3650 0.995545 
4.3750 0.998435 
4.3850 1.000569 
4.3950 1.001391 
4.4050 1.002635 
4.4150 1.001529 
4.4250 0.996968 
4.4350 0.990922 
4.4450 0.998897 
4.4550 1.002419 
4.4650 0.997934 
4.4750 0.994158 
4.4850 0.995110 
4.4950 1.000036 