
0.0050 0.000000 
0.0150 0.000000 
0.0250 0.000000 
0.0350 0.000000 
0.0450 0.000000 
0.0550 0.000000 
0.0650 0.000000 
0.0750 0.000000 
0.0850 0.000000 
0.0950 0.000000 
0.1050 0.000000 
0.1150 0.000000 
0.1250 0.000000 
0.1350 0.000000 
0.1450 0.000000 
0.1550 0.000000 
0.1650 0.000000 
0.1750 0.000000 
0.1850 0.000000 
0.1950 0.000000 
0.2050 0.000000 
0.2150 0.000000 
0.2250 0.000000 
0.2350 0.000000 
0.2450 0.000000 
0.2550 0.000000 
0.2650 0.000000 
0.2750 0.000000 
0.2850 0.000000 
0.2950 0.000000 
0.3050 0.000000 
0.3150 0.000000 
0.3250 0.000000 
0.3350 0.000000 
0.3450 0.000000 
0.3550 0.000476 
0.3650 0.004167 
0.3750 0.004057 
0.3850 0.005710 
0.3950 0.006210 
0.4050 0.010445 
0.4150 0.010197 
0.4250 0.015138 
0.4350 0.012848 
0.4450 0.021508 
0.4550 0.024020 
0.4650 0.025513 
0.4750 0.024447 
0.4850 0.023423 
0.4950 0.027066 
0.5050 0.031070 
0.5150 0.038873 
0.5250 0.041049 
0.5350 0.034419 
0.5450 0.044695 
0.5550 0.046343 
0.5650 0.050189 
0.5750 0.057889 
0.5850 0.055747 
0.5950 0.069521 
0.6050 0.069786 
0.6150 0.076120 
0.6250 0.077631 
0.6350 0.080299 
0.6450 0.083544 
0.6550 0.082148 
0.6650 0.091916 
0.6750 0.097492 
0.6850 0.103155 
0.6950 0.120035 
0.7050 0.117862 
0.7150 0.125028 
0.7250 0.132468 
0.7350 0.137623 
0.7450 0.144010 
0.7550 0.158682 
0.7650 0.166966 
0.7750 0.166473 
0.7850 0.181496 
0.7950 0.186936 
0.8050 0.192136 
0.8150 0.190837 
0.8250 0.206700 
0.8350 0.216170 
0.8450 0.222897 
0.8550 0.231759 
0.8650 0.240318 
0.8750 0.255788 
0.8850 0.254358 
0.8950 0.276942 
0.9050 0.277005 
0.9150 0.295593 
0.9250 0.294533 
0.9350 0.310352 
0.9450 0.313937 
0.9550 0.317537 
0.9650 0.327509 
0.9750 0.368829 
0.9850 0.543415 
0.9950 2.596973 
1.0050 11.615112 
1.0150 12.565844 
1.0250 10.307947 
1.0350 7.378110 
1.0450 4.776617 
1.0550 2.979887 
1.0650 1.858172 
1.0750 1.234343 
1.0850 0.910977 
1.0950 0.735129 
1.1050 0.632977 
1.1150 0.592147 
1.1250 0.563789 
1.1350 0.555537 
1.1450 0.543258 
1.1550 0.517457 
1.1650 0.530385 
1.1750 0.525600 
1.1850 0.540257 
1.1950 0.534541 
1.2050 0.541803 
1.2150 0.546278 
1.2250 0.557853 
1.2350 0.552180 
1.2450 0.566743 
1.2550 0.572782 
1.2650 0.597002 
1.2750 0.592807 
1.2850 0.600694 
1.2950 0.610436 
1.3050 0.616957 
1.3150 0.631944 
1.3250 0.629189 
1.3350 0.645075 
1.3450 0.642645 
1.3550 0.644848 
1.3650 0.669712 
1.3750 0.668273 
1.3850 0.665376 
1.3950 0.687542 
1.4050 0.672035 
1.4150 0.696135 
1.4250 0.681683 
1.4350 0.698184 
1.4450 0.701698 
1.4550 0.710620 
1.4650 0.714934 
1.4750 0.719941 
1.4850 0.714132 
1.4950 0.726445 
1.5050 0.727136 
1.5150 0.718126 
1.5250 0.761632 
1.5350 0.751737 
1.5450 0.746831 
1.5550 0.748084 
1.5650 0.744737 
1.5750 0.767183 
1.5850 0.760904 
1.5950 0.760859 
1.6050 0.769486 
1.6150 0.758550 
1.6250 0.773024 
1.6350 0.777398 
1.6450 0.784159 
1.6550 0.783562 
1.6650 0.773741 
1.6750 0.781015 
1.6850 0.793271 
1.6950 0.790821 
1.7050 0.781338 
1.7150 0.796366 
1.7250 0.793297 
1.7350 0.797205 
1.7450 0.799942 
1.7550 0.793791 
1.7650 0.800582 
1.7750 0.802099 
1.7850 0.811590 
1.7950 0.817312 
1.8050 0.811661 
1.8150 0.820190 
1.8250 0.822776 
1.8350 0.805689 
1.8450 0.818927 
1.8550 0.828385 
1.8650 0.821894 
1.8750 0.829915 
1.8850 0.842518 
1.8950 0.841645 
1.9050 0.846342 
1.9150 0.863347 
1.9250 0.861182 
1.9350 0.899657 
1.9450 0.932950 
1.9550 0.983820 
1.9650 1.083565 
1.9750 1.221927 
1.9850 1.473088 
1.9950 1.962633 
2.0050 2.889375 
2.0150 3.548459 
2.0250 3.381657 
2.0350 2.896807 
2.0450 2.310059 
2.0550 1.821023 
2.0650 1.456500 
2.0750 1.215602 
2.0850 1.071185 
2.0950 0.977210 
2.1050 0.921431 
2.1150 0.891914 
2.1250 0.876829 
2.1350 0.861525 
2.1450 0.861502 
2.1550 0.850494 
2.1650 0.847838 
2.1750 0.854164 
2.1850 0.854957 
2.1950 0.842467 
2.2050 0.849584 
2.2150 0.858991 
2.2250 0.855177 
2.2350 0.846886 
2.2450 0.860442 
2.2550 0.859781 
2.2650 0.859276 
2.2750 0.878911 
2.2850 0.870548 
2.2950 0.870077 
2.3050 0.870426 
2.3150 0.881922 
2.3250 0.876446 
2.3350 0.875885 
2.3450 0.861224 
2.3550 0.884722 
2.3650 0.876832 
2.3750 0.887399 
2.3850 0.884260 
2.3950 0.870262 
2.4050 0.888970 
2.4150 0.876448 
2.4250 0.888104 
2.4350 0.894047 
2.4450 0.888580 
2.4550 0.883576 
2.4650 0.893799 
2.4750 0.893960 
2.4850 0.885520 
2.4950 0.899828 
2.5050 0.895457 
2.5150 0.894963 
2.5250 0.908421 
2.5350 0.904035 
2.5450 0.899079 
2.5550 0.911025 
2.5650 0.900481 
2.5750 0.905091 
2.5850 0.902126 
2.5950 0.905574 
2.6050 0.908569 
2.6150 0.901538 
2.6250 0.908108 
2.6350 0.915277 
2.6450 0.899348 
2.6550 0.927137 
2.6650 0.910479 
2.6750 0.916126 
2.6850 0.916478 
2.6950 0.925107 
2.7050 0.924854 
2.7150 0.926838 
2.7250 0.945562 
2.7350 0.936703 
2.7450 0.948434 
2.7550 0.942546 
2.7650 0.941865 
2.7750 0.951602 
2.7850 0.957339 
2.7950 0.954807 
2.8050 0.950983 
2.8150 0.961157 
2.8250 0.961756 
2.8350 0.974414 
2.8450 0.982145 
2.8550 0.985659 
2.8650 0.993744 
2.8750 1.007008 
2.8850 1.022343 
2.8950 1.031016 
2.9050 1.055464 
2.9150 1.061471 
2.9250 1.072347 
2.9350 1.092793 
2.9450 1.102910 
2.9550 1.140534 
2.9650 1.170897 
2.9750 1.210340 
2.9850 1.276361 
2.9950 1.345024 
3.0050 1.450823 
3.0150 1.521205 
3.0250 1.532297 
3.0350 1.449494 
3.0450 1.351928 
3.0550 1.257967 
3.0650 1.159122 
3.0750 1.088478 
3.0850 1.028962 
3.0950 1.005501 
3.1050 0.986074 
3.1150 0.960897 
3.1250 0.964066 
3.1350 0.952567 
3.1450 0.952778 
3.1550 0.963885 
3.1650 0.955575 
3.1750 0.948396 
3.1850 0.942093 
3.1950 0.952077 
3.2050 0.941827 
3.2150 0.948478 
3.2250 0.949625 
3.2350 0.947567 
3.2450 0.957565 
3.2550 0.953078 
3.2650 0.952127 
3.2750 0.952332 
3.2850 0.953941 
3.2950 0.952322 
3.3050 0.962202 
3.3150 0.956105 
3.3250 0.955703 
3.3350 0.957124 
3.3450 0.961375 
3.3550 0.958616 
3.3650 0.960397 
3.3750 0.963840 
3.3850 0.957561 
3.3950 0.956583 
3.4050 0.962394 
3.4150 0.976410 
3.4250 0.965872 
3.4350 0.966151 
3.4450 0.971345 
3.4550 0.967820 
3.4650 0.957675 
3.4750 0.951182 
3.4850 0.958126 
3.4950 0.951913 
3.5050 0.956376 
3.5150 0.955460 
3.5250 0.950812 
3.5350 0.961530 
3.5450 0.955878 
3.5550 0.961060 
3.5650 0.964438 
3.5750 0.967534 
3.5850 0.971186 
3.5950 0.975388 
3.6050 0.977099 
3.6150 0.977357 
3.6250 0.971267 
3.6350 0.976693 
3.6450 0.966790 
3.6550 0.965529 
3.6650 0.966866 
3.6750 0.975294 
3.6850 0.969216 
3.6950 0.970647 
3.7050 0.977058 
3.7150 0.973994 
3.7250 0.985597 
3.7350 0.983786 
3.7450 0.979838 
3.7550 0.984225 
3.7650 0.988453 
3.7750 0.991050 
3.7850 0.989407 
3.7950 0.990477 
3.8050 0.992823 
3.8150 0.992735 
3.8250 1.005664 
3.8350 0.992784 
3.8450 0.986068 
3.8550 0.987641 
3.8650 1.004986 
3.8750 1.007494 
3.8850 1.014306 
3.8950 1.024773 
3.9050 1.019764 
3.9150 1.028656 
3.9250 1.034844 
3.9350 1.030804 
3.9450 1.034006 
3.9550 1.048417 
3.9650 1.053068 
3.9750 1.059289 
3.9850 1.077714 
3.9950 1.087611 
4.0050 1.103760 
4.0150 1.118442 
4.0250 1.125805 
4.0350 1.110171 
4.0450 1.097447 
4.0550 1.069323 
4.0650 1.056005 
4.0750 1.022809 
4.0850 1.013439 
4.0950 0.998454 
4.1050 0.983416 
4.1150 0.988077 
4.1250 0.970690 
4.1350 0.977469 
4.1450 0.993400 
4.1550 0.993380 
4.1650 0.985041 
4.1750 0.989958 
4.1850 0.978888 
4.1950 0.986896 
4.2050 0.992690 
4.2150 0.970670 
4.2250 0.974693 
4.2350 0.984171 
4.2450 0.980970 
4.2550 0.982346 
4.2650 0.979143 
4.2750 0.981618 
4.2850 0.964955 
4.2950 0.974602 
4.3050 0.972261 
4.3150 0.968901 
4.3250 0.974160 
4.3350 0.971856 
4.3450 0.970134 
4.3550 0.966298 
4.3650 0.969320 
4.3750 0.955530 
4.3850 0.956573 
4.3950 0.955917 
4.4050 0.951400 
4.4150 0.958568 
4.4250 0.963886 
4.4350 0.970338 
4.4450 0.977801 
4.4550 0.983022 
4.4650 0.986476 
4.4750 0.979054 
4.4850 0.980364 
4.4950 0.973446 