
0.0050 0.000000 
0.0150 0.000000 
0.0250 0.000000 
0.0350 0.000000 
0.0450 0.000000 
0.0550 0.000000 
0.0650 0.000000 
0.0750 0.000000 
0.0850 0.000000 
0.0950 0.000000 
0.1050 0.000000 
0.1150 0.000000 
0.1250 0.000000 
0.1350 0.000000 
0.1450 0.000000 
0.1550 0.000000 
0.1650 0.000000 
0.1750 0.000000 
0.1850 0.000000 
0.1950 0.000000 
0.2050 0.000000 
0.2150 0.000000 
0.2250 0.000000 
0.2350 0.000000 
0.2450 0.000000 
0.2550 0.000000 
0.2650 0.000000 
0.2750 0.000000 
0.2850 0.000000 
0.2950 0.000000 
0.3050 0.000000 
0.3150 0.000000 
0.3250 0.000000 
0.3350 0.000000 
0.3450 0.000000 
0.3550 0.000000 
0.3650 0.000000 
0.3750 0.000000 
0.3850 0.000000 
0.3950 0.000000 
0.4050 0.000000 
0.4150 0.000000 
0.4250 0.000000 
0.4350 0.000000 
0.4450 0.000000 
0.4550 0.000000 
0.4650 0.000000 
0.4750 0.000000 
0.4850 0.000000 
0.4950 0.000000 
0.5050 0.000000 
0.5150 0.000000 
0.5250 0.000000 
0.5350 0.000000 
0.5450 0.000000 
0.5550 0.000000 
0.5650 0.000000 
0.5750 0.000000 
0.5850 0.000000 
0.5950 0.000000 
0.6050 0.000000 
0.6150 0.000000 
0.6250 0.000000 
0.6350 0.000000 
0.6450 0.000000 
0.6550 0.000000 
0.6650 0.000128 
0.6750 0.006550 
0.6850 0.020730 
0.6950 0.034139 
0.7050 0.043671 
0.7150 0.061265 
0.7250 0.070986 
0.7350 0.089124 
0.7450 0.106209 
0.7550 0.116758 
0.7650 0.136487 
0.7750 0.153844 
0.7850 0.163715 
0.7950 0.181903 
0.8050 0.189069 
0.8150 0.209430 
0.8250 0.227236 
0.8350 0.247372 
0.8450 0.259879 
0.8550 0.301775 
0.8650 0.330302 
0.8750 0.362464 
0.8850 0.438462 
0.8950 0.541702 
0.9050 0.723808 
0.9150 0.962283 
0.9250 1.312320 
0.9350 1.682609 
0.9450 2.088290 
0.9550 2.433592 
0.9650 2.762856 
0.9750 2.926507 
0.9850 2.988655 
0.9950 2.909604 
1.0050 2.776741 
1.0150 2.494577 
1.0250 2.153279 
1.0350 1.816402 
1.0450 1.534805 
1.0550 1.322114 
1.0650 1.170152 
1.0750 1.064149 
1.0850 0.980992 
1.0950 0.929871 
1.1050 0.908453 
1.1150 0.893459 
1.1250 0.878579 
1.1350 0.870797 
1.1450 0.875291 
1.1550 0.871806 
1.1650 0.880680 
1.1750 0.885629 
1.1850 0.896685 
1.1950 0.889212 
1.2050 0.898145 
1.2150 0.892187 
1.2250 0.896423 
1.2350 0.901006 
1.2450 0.904212 
1.2550 0.926879 
1.2650 0.922143 
1.2750 0.922701 
1.2850 0.931683 
1.2950 0.943228 
1.3050 0.947404 
1.3150 0.955086 
1.3250 0.966775 
1.3350 0.973239 
1.3450 0.959177 
1.3550 0.957856 
1.3650 0.963306 
1.3750 0.964456 
1.3850 0.949999 
1.3950 0.933180 
1.4050 0.931422 
1.4150 0.945913 
1.4250 0.944450 
1.4350 0.941400 
1.4450 0.929533 
1.4550 0.924105 
1.4650 0.921256 
1.4750 0.922613 
1.4850 0.926423 
1.4950 0.920647 
1.5050 0.918407 
1.5150 0.934285 
1.5250 0.900187 
1.5350 0.921706 
1.5450 0.913052 
1.5550 0.900611 
1.5650 0.890455 
1.5750 0.922550 
1.5850 0.901987 
1.5950 0.904861 
1.6050 0.923394 
1.6150 0.882165 
1.6250 0.893883 
1.6350 0.900340 
1.6450 0.896181 
1.6550 0.899967 
1.6650 0.900732 
1.6750 0.900061 
1.6850 0.899043 
1.6950 0.905495 
1.7050 0.905358 
1.7150 0.911399 
1.7250 0.921380 
1.7350 0.909783 
1.7450 0.901550 
1.7550 0.927282 
1.7650 0.926834 
1.7750 0.940345 
1.7850 0.941839 
1.7950 0.924853 
1.8050 0.961055 
1.8150 0.979117 
1.8250 0.971848 
1.8350 0.984628 
1.8450 0.999537 
1.8550 1.006781 
1.8650 1.013214 
1.8750 1.037576 
1.8850 1.050168 
1.8950 1.051809 
1.9050 1.077917 
1.9150 1.089612 
1.9250 1.116674 
1.9350 1.104869 
1.9450 1.121912 
1.9550 1.130827 
1.9650 1.148521 
1.9750 1.145274 
1.9850 1.150924 
1.9950 1.150780 
2.0050 1.139472 
2.0150 1.133449 
2.0250 1.134111 
2.0350 1.102268 
2.0450 1.086571 
2.0550 1.051276 
2.0650 1.049342 
2.0750 1.031779 
2.0850 1.021064 
2.0950 1.017874 
2.1050 1.007813 
2.1150 0.998898 
2.1250 1.005830 
2.1350 0.998328 
2.1450 1.000417 
2.1550 0.991781 
2.1650 0.984250 
2.1750 0.984214 
2.1850 0.999588 
2.1950 0.991696 
2.2050 0.995697 
2.2150 0.980100 
2.2250 0.994909 
2.2350 0.991997 
2.2450 0.988502 
2.2550 0.990268 
2.2650 0.999904 
2.2750 0.995218 
2.2850 0.991097 
2.2950 0.985074 
2.3050 0.991155 
2.3150 0.993048 
2.3250 1.003049 
2.3350 0.988111 
2.3450 0.985401 
2.3550 0.987504 
2.3650 0.990457 
2.3750 0.986619 
2.3850 0.974930 
2.3950 0.986070 
2.4050 0.988945 
2.4150 0.985779 
2.4250 0.980065 
2.4350 0.984754 
2.4450 0.985000 
2.4550 0.985452 
2.4650 0.983543 
2.4750 0.977264 
2.4850 0.978670 
2.4950 0.989625 
2.5050 0.985239 
2.5150 0.977420 
2.5250 0.988589 
2.5350 0.976839 
2.5450 0.978450 
2.5550 0.974896 
2.5650 0.985966 
2.5750 0.982477 
2.5850 0.987017 
2.5950 0.978872 
2.6050 0.994287 
2.6150 0.988858 
2.6250 0.985684 
2.6350 0.984935 
2.6450 0.969065 
2.6550 0.977690 
2.6650 0.980445 
2.6750 0.990337 
2.6850 0.980765 
2.6950 0.983794 
2.7050 0.980196 
2.7150 0.992746 
2.7250 0.991997 
2.7350 0.985000 
2.7450 0.991727 
2.7550 0.990276 
2.7650 0.997956 
2.7750 0.991778 
2.7850 0.995438 
2.7950 1.007484 
2.8050 1.000545 
2.8150 1.010270 
2.8250 1.000375 
2.8350 1.004633 
2.8450 1.000447 
2.8550 1.013241 
2.8650 1.012874 
2.8750 1.002487 
2.8850 1.002664 
2.8950 1.012379 
2.9050 1.002513 
2.9150 1.018029 
2.9250 1.008445 
2.9350 1.005015 
2.9450 1.018128 
2.9550 1.012345 
2.9650 1.017126 
2.9750 1.002820 
2.9850 1.013188 
2.9950 1.006984 
3.0050 1.017183 
3.0150 1.022551 
3.0250 1.006512 
3.0350 1.018782 
3.0450 1.006820 
3.0550 1.017889 
3.0650 1.010668 
3.0750 1.002242 
3.0850 1.002962 
3.0950 0.992874 
3.1050 0.995355 
3.1150 0.997271 
3.1250 0.995782 
3.1350 1.002594 
3.1450 0.998432 
3.1550 0.998471 
3.1650 0.987756 
3.1750 1.000703 
3.1850 0.996196 
3.1950 0.991397 
3.2050 0.989269 
3.2150 0.993086 
3.2250 0.989004 
3.2350 0.995204 
3.2450 0.991272 
3.2550 1.004285 
3.2650 0.991365 
3.2750 0.998605 
3.2850 0.998694 
3.2950 0.998782 
3.3050 0.997447 
3.3150 0.998906 
3.3250 0.995726 
3.3350 0.999643 
3.3450 1.004943 
3.3550 0.991551 
3.3650 0.999207 
3.3750 1.003626 
3.3850 0.996572 
3.3950 0.989610 
3.4050 0.993615 
3.4150 0.993064 
3.4250 0.995588 
3.4350 0.995930 
3.4450 1.004365 
3.4550 0.997897 
3.4650 0.996996 
3.4750 0.993959 
3.4850 0.998694 
3.4950 1.002816 
3.5050 1.010452 
3.5150 1.004247 
3.5250 1.003707 
3.5350 0.999904 
3.5450 0.994385 
3.5550 1.007303 
3.5650 1.001026 
3.5750 1.006245 
3.5850 0.997955 
3.5950 1.000727 
3.6050 1.004835 
3.6150 0.998629 
3.6250 1.000691 
3.6350 0.998577 
3.6450 0.998024 
3.6550 0.994571 
3.6650 0.996599 
3.6750 0.989818 
3.6850 0.995839 
3.6950 0.996899 
3.7050 0.992365 
3.7150 0.984700 
3.7250 0.992532 
3.7350 0.993909 
3.7450 0.996169 
3.7550 0.996686 
3.7650 0.998041 
3.7750 1.007637 
3.7850 0.997656 
3.7950 1.000936 
3.8050 1.005255 
3.8150 0.999014 
3.8250 1.001258 
3.8350 0.999833 
3.8450 0.995768 
3.8550 1.002885 
3.8650 0.995889 
3.8750 0.993411 
3.8850 1.000721 
3.8950 1.004942 
3.9050 0.997749 
3.9150 0.999858 
3.9250 0.994960 
3.9350 0.996848 
3.9450 1.003930 
3.9550 1.005980 
3.9650 0.990652 
3.9750 1.002324 
3.9850 1.004900 
3.9950 0.999368 
4.0050 1.006530 
4.0150 0.998700 
4.0250 1.008655 
4.0350 0.997996 
4.0450 1.004795 
4.0550 0.992658 
4.0650 1.002425 
4.0750 1.002277 
4.0850 1.007973 
4.0950 1.000773 
4.1050 0.998337 
4.1150 1.003045 
4.1250 0.996655 
4.1350 1.001903 
4.1450 1.006134 
4.1550 1.004354 
4.1650 0.991141 
4.1750 0.999302 
4.1850 0.997101 
4.1950 1.000315 
4.2050 1.004002 
4.2150 0.996792 
4.2250 0.994658 
4.2350 1.000575 
4.2450 0.997878 
4.2550 1.002010 
4.2650 1.000766 
4.2750 0.999028 
4.2850 1.003009 
4.2950 0.990697 
4.3050 1.003442 
4.3150 1.001694 
4.3250 1.004049 
4.3350 1.004716 
4.3450 1.000240 
4.3550 1.000520 
4.3650 1.002503 
4.3750 0.999608 
4.3850 0.998287 
4.3950 0.991872 
4.4050 1.003354 
4.4150 1.002014 
4.4250 1.000661 
4.4350 0.999545 
4.4450 1.003651 
4.4550 1.006355 
4.4650 0.992895 
4.4750 1.000046 
4.4850 1.006747 
4.4950 1.004719 