
0.0050 0.000000 
0.0150 0.000000 
0.0250 0.000000 
0.0350 0.000000 
0.0450 0.000000 
0.0550 0.000000 
0.0650 0.000000 
0.0750 0.000000 
0.0850 0.000000 
0.0950 0.000000 
0.1050 0.000000 
0.1150 0.000000 
0.1250 0.000000 
0.1350 0.000000 
0.1450 0.000000 
0.1550 0.000000 
0.1650 0.000000 
0.1750 0.000000 
0.1850 0.000000 
0.1950 0.000000 
0.2050 0.000000 
0.2150 0.000000 
0.2250 0.000000 
0.2350 0.000000 
0.2450 0.000000 
0.2550 0.000000 
0.2650 0.000000 
0.2750 0.000000 
0.2850 0.000000 
0.2950 0.000000 
0.3050 0.000000 
0.3150 0.000000 
0.3250 0.000000 
0.3350 0.000000 
0.3450 0.000000 
0.3550 0.000000 
0.3650 0.000231 
0.3750 0.006086 
0.3850 0.012957 
0.3950 0.017773 
0.4050 0.030291 
0.4150 0.034669 
0.4250 0.036651 
0.4350 0.045162 
0.4450 0.051582 
0.4550 0.057909 
0.4650 0.064513 
0.4750 0.074410 
0.4850 0.074290 
0.4950 0.078800 
0.5050 0.095561 
0.5150 0.097841 
0.5250 0.114095 
0.5350 0.114996 
0.5450 0.118823 
0.5550 0.130619 
0.5650 0.140199 
0.5750 0.137191 
0.5850 0.147786 
0.5950 0.156601 
0.6050 0.160633 
0.6150 0.170338 
0.6250 0.180822 
0.6350 0.186829 
0.6450 0.193047 
0.6550 0.199595 
0.6650 0.209017 
0.6750 0.210729 
0.6850 0.222820 
0.6950 0.236400 
0.7050 0.245737 
0.7150 0.248272 
0.7250 0.256370 
0.7350 0.273855 
0.7450 0.280368 
0.7550 0.285921 
0.7650 0.309683 
0.7750 0.294072 
0.7850 0.314961 
0.7950 0.317234 
0.8050 0.340388 
0.8150 0.348249 
0.8250 0.355096 
0.8350 0.370446 
0.8450 0.380498 
0.8550 0.402466 
0.8650 0.424618 
0.8750 0.447143 
0.8850 0.498322 
0.8950 0.587669 
0.9050 0.716937 
0.9150 0.944036 
0.9250 1.267928 
0.9350 1.691813 
0.9450 2.139411 
0.9550 2.621848 
0.9650 2.929569 
0.9750 3.071941 
0.9850 3.086160 
0.9950 2.920225 
1.0050 2.707032 
1.0150 2.373069 
1.0250 2.043843 
1.0350 1.720867 
1.0450 1.468894 
1.0550 1.262077 
1.0650 1.110837 
1.0750 1.017675 
1.0850 0.938638 
1.0950 0.873341 
1.1050 0.835533 
1.1150 0.820196 
1.1250 0.793154 
1.1350 0.799044 
1.1450 0.790309 
1.1550 0.787262 
1.1650 0.756667 
1.1750 0.772539 
1.1850 0.782530 
1.1950 0.769442 
1.2050 0.786089 
1.2150 0.794599 
1.2250 0.788836 
1.2350 0.802713 
1.2450 0.799169 
1.2550 0.804587 
1.2650 0.798251 
1.2750 0.809613 
1.2850 0.813828 
1.2950 0.816990 
1.3050 0.817357 
1.3150 0.822974 
1.3250 0.822132 
1.3350 0.828972 
1.3450 0.832412 
1.3550 0.833534 
1.3650 0.835015 
1.3750 0.841750 
1.3850 0.859664 
1.3950 0.870960 
1.4050 0.854152 
1.4150 0.862011 
1.4250 0.877905 
1.4350 0.885072 
1.4450 0.884934 
1.4550 0.883801 
1.4650 0.896085 
1.4750 0.890088 
1.4850 0.895496 
1.4950 0.906314 
1.5050 0.899518 
1.5150 0.918338 
1.5250 0.900859 
1.5350 0.918703 
1.5450 0.930293 
1.5550 0.908901 
1.5650 0.935573 
1.5750 0.938108 
1.5850 0.925582 
1.5950 0.931735 
1.6050 0.923873 
1.6150 0.944606 
1.6250 0.951107 
1.6350 0.944159 
1.6450 0.940253 
1.6550 0.946921 
1.6650 0.956381 
1.6750 0.954359 
1.6850 0.954642 
1.6950 0.940964 
1.7050 0.947383 
1.7150 0.942124 
1.7250 0.953511 
1.7350 0.970134 
1.7450 0.949320 
1.7550 0.958137 
1.7650 0.965353 
1.7750 0.968062 
1.7850 0.968827 
1.7950 0.984001 
1.8050 0.985236 
1.8150 0.998412 
1.8250 1.004611 
1.8350 1.017166 
1.8450 1.019678 
1.8550 1.032523 
1.8650 1.031078 
1.8750 1.047325 
1.8850 1.057419 
1.8950 1.069525 
1.9050 1.086796 
1.9150 1.080422 
1.9250 1.110460 
1.9350 1.120586 
1.9450 1.137900 
1.9550 1.142364 
1.9650 1.155000 
1.9750 1.154573 
1.9850 1.156433 
1.9950 1.142214 
2.0050 1.134870 
2.0150 1.136078 
2.0250 1.118415 
2.0350 1.096936 
2.0450 1.079719 
2.0550 1.061671 
2.0650 1.027867 
2.0750 1.021526 
2.0850 1.002253 
2.0950 0.998826 
2.1050 0.988247 
2.1150 0.987303 
2.1250 0.979611 
2.1350 0.971592 
2.1450 0.972013 
2.1550 0.978060 
2.1650 0.974540 
2.1750 0.977535 
2.1850 0.972993 
2.1950 0.957046 
2.2050 0.965777 
2.2150 0.955871 
2.2250 0.964182 
2.2350 0.958081 
2.2450 0.965852 
2.2550 0.966960 
2.2650 0.953607 
2.2750 0.968546 
2.2850 0.969777 
2.2950 0.985670 
2.3050 0.965607 
2.3150 0.964362 
2.3250 0.972722 
2.3350 0.973396 
2.3450 0.982485 
2.3550 0.978794 
2.3650 0.972893 
2.3750 0.971180 
2.3850 0.973604 
2.3950 0.962445 
2.4050 0.977430 
2.4150 0.969427 
2.4250 0.974496 
2.4350 0.969835 
2.4450 0.976085 
2.4550 0.990049 
2.4650 0.992351 
2.4750 0.980061 
2.4850 0.984725 
2.4950 0.978901 
2.5050 0.980734 
2.5150 0.994619 
2.5250 0.982800 
2.5350 0.990362 
2.5450 0.982548 
2.5550 0.985301 
2.5650 0.991099 
2.5750 0.979024 
2.5850 0.998691 
2.5950 1.002460 
2.6050 0.988872 
2.6150 0.986569 
2.6250 0.989169 
2.6350 0.988763 
2.6450 0.995020 
2.6550 0.995754 
2.6650 0.998217 
2.6750 0.994971 
2.6850 1.002385 
2.6950 1.001369 
2.7050 1.008389 
2.7150 0.995014 
2.7250 0.996263 
2.7350 0.985406 
2.7450 0.991665 
2.7550 0.998748 
2.7650 0.994338 
2.7750 0.996615 
2.7850 1.001793 
2.7950 0.992525 
2.8050 0.999387 
2.8150 1.002616 
2.8250 1.000435 
2.8350 1.001044 
2.8450 1.005617 
2.8550 1.010426 
2.8650 1.008278 
2.8750 1.005580 
2.8850 1.010666 
2.8950 1.012172 
2.9050 1.007988 
2.9150 1.004653 
2.9250 1.006836 
2.9350 1.007666 
2.9450 1.007705 
2.9550 1.019695 
2.9650 1.016838 
2.9750 1.014173 
2.9850 1.022584 
2.9950 1.013294 
3.0050 1.014281 
3.0150 1.015716 
3.0250 1.012618 
3.0350 1.013739 
3.0450 1.012577 
3.0550 1.009436 
3.0650 1.002828 
3.0750 0.996374 
3.0850 1.000384 
3.0950 0.998013 
3.1050 1.001194 
3.1150 0.998644 
3.1250 1.000215 
3.1350 0.993483 
3.1450 0.994843 
3.1550 1.002727 
3.1650 0.989134 
3.1750 0.985647 
3.1850 0.981429 
3.1950 0.999480 
3.2050 0.984413 
3.2150 0.988138 
3.2250 0.987493 
3.2350 0.992296 
3.2450 0.991510 
3.2550 0.979035 
3.2650 0.983062 
3.2750 1.000459 
3.2850 0.993825 
3.2950 0.991411 
3.3050 0.996075 
3.3150 0.998648 
3.3250 0.998349 
3.3350 0.992129 
3.3450 0.995074 
3.3550 0.999530 
3.3650 0.995141 
3.3750 1.001497 
3.3850 0.988234 
3.3950 0.992608 
3.4050 1.001729 
3.4150 0.993590 
3.4250 0.988821 
3.4350 1.002404 
3.4450 1.003893 
3.4550 0.993219 
3.4650 1.003488 
3.4750 0.996765 
3.4850 0.995333 
3.4950 1.004112 
3.5050 0.993809 
3.5150 0.998578 
3.5250 1.002543 
3.5350 0.999904 
3.5450 0.997160 
3.5550 1.004200 
3.5650 0.993253 
3.5750 0.999977 
3.5850 1.002607 
3.5950 0.998276 
3.6050 0.995985 
3.6150 0.999480 
3.6250 0.992763 
3.6350 0.995448 
3.6450 1.005392 
3.6550 0.997497 
3.6650 1.001640 
3.6750 1.002083 
3.6850 0.998997 
3.6950 1.005950 
3.7050 0.995573 
3.7150 0.994532 
3.7250 0.998456 
3.7350 1.001650 
3.7450 0.994661 
3.7550 0.997939 
3.7650 1.004129 
3.7750 0.997372 
3.7850 0.999758 
3.7950 0.997509 
3.8050 1.006874 
3.8150 1.002534 
3.8250 1.002712 
3.8350 1.001729 
3.8450 1.006113 
3.8550 0.994586 
3.8650 0.996841 
3.8750 1.003256 
3.8850 1.006644 
3.8950 1.008543 
3.9050 0.999392 
3.9150 1.002108 
3.9250 1.005421 
3.9350 1.000022 
3.9450 1.003648 
3.9550 1.006110 
3.9650 1.000793 
3.9750 1.004024 
3.9850 1.000005 
3.9950 0.998662 
4.0050 0.997303 
4.0150 1.003516 
4.0250 0.990441 
4.0350 0.999650 
4.0450 0.998641 
4.0550 1.004957 
4.0650 1.007286 
4.0750 0.999380 
4.0850 1.003701 
4.0950 0.990264 
4.1050 0.996587 
4.1150 0.997660 
4.1250 1.002255 
4.1350 0.997620 
4.1450 1.000809 
4.1550 0.993688 
4.1650 0.997324 
4.1750 1.009036 
4.1850 0.997960 
4.1950 1.001906 
4.2050 0.998000 
4.2150 0.999837 
4.2250 0.995711 
4.2350 0.998555 
4.2450 0.995742 
4.2550 0.993827 
4.2650 1.002391 
4.2750 1.000029 
4.2850 1.002530 
4.2950 0.991892 
4.3050 0.992412 
4.3150 1.002626 
4.3250 1.002526 
4.3350 1.000354 
4.3450 1.002780 
4.3550 1.005568 
4.3650 0.998740 
4.3750 0.999901 
4.3850 1.000647 
4.3950 0.995901 
4.4050 0.996051 
4.4150 0.994786 
4.4250 1.001125 
4.4350 1.008497 
4.4450 0.994143 
4.4550 1.003417 
4.4650 1.002628 
4.4750 0.994330 
4.4850 1.004401 
4.4950 0.998761 