
0.0050 0.000000 
0.0150 0.000000 
0.0250 0.000000 
0.0350 0.000000 
0.0450 0.000000 
0.0550 0.000000 
0.0650 0.000000 
0.0750 0.000000 
0.0850 0.000000 
0.0950 0.000000 
0.1050 0.000000 
0.1150 0.000000 
0.1250 0.000000 
0.1350 0.000000 
0.1450 0.000000 
0.1550 0.000000 
0.1650 0.000000 
0.1750 0.000000 
0.1850 0.000000 
0.1950 0.000000 
0.2050 0.000000 
0.2150 0.000000 
0.2250 0.000000 
0.2350 0.000000 
0.2450 0.000000 
0.2550 0.000000 
0.2650 0.000000 
0.2750 0.000000 
0.2850 0.000000 
0.2950 0.000000 
0.3050 0.000000 
0.3150 0.000000 
0.3250 0.000000 
0.3350 0.000000 
0.3450 0.000000 
0.3550 0.000000 
0.3650 0.000000 
0.3750 0.000000 
0.3850 0.000000 
0.3950 0.000000 
0.4050 0.000000 
0.4150 0.000000 
0.4250 0.000000 
0.4350 0.000000 
0.4450 0.000000 
0.4550 0.000000 
0.4650 0.000000 
0.4750 0.000000 
0.4850 0.000000 
0.4950 0.000000 
0.5050 0.000000 
0.5150 0.000000 
0.5250 0.000000 
0.5350 0.000000 
0.5450 0.000000 
0.5550 0.000000 
0.5650 0.000000 
0.5750 0.000000 
0.5850 0.000000 
0.5950 0.000000 
0.6050 0.000000 
0.6150 0.000000 
0.6250 0.000000 
0.6350 0.000000 
0.6450 0.000000 
0.6550 0.000000 
0.6650 0.000000 
0.6750 0.000000 
0.6850 0.000000 
0.6950 0.000000 
0.7050 0.000000 
0.7150 0.000000 
0.7250 0.000000 
0.7350 0.000000 
0.7450 0.000000 
0.7550 0.000000 
0.7650 0.000000 
0.7750 0.000000 
0.7850 0.000000 
0.7950 0.000000 
0.8050 0.000000 
0.8150 0.000000 
0.8250 0.000000 
0.8350 0.000000 
0.8450 0.000000 
0.8550 0.000000 
0.8650 0.000000 
0.8750 0.000000 
0.8850 0.000000 
0.8950 0.000000 
0.9050 0.000000 
0.9150 0.000000 
0.9250 0.000000 
0.9350 0.000000 
0.9450 0.014786 
0.9550 0.088418 
0.9650 0.200091 
0.9750 0.323731 
0.9850 0.492370 
0.9950 1.501825 
1.0050 2.895806 
1.0150 2.537068 
1.0250 2.186625 
1.0350 1.948175 
1.0450 1.855063 
1.0550 1.783989 
1.0650 1.707360 
1.0750 1.630642 
1.0850 1.554312 
1.0950 1.528969 
1.1050 1.487724 
1.1150 1.470541 
1.1250 1.447976 
1.1350 1.429114 
1.1450 1.416017 
1.1550 1.354412 
1.1650 1.381709 
1.1750 1.344086 
1.1850 1.354384 
1.1950 1.302127 
1.2050 1.294339 
1.2150 1.273058 
1.2250 1.259992 
1.2350 1.244581 
1.2450 1.253057 
1.2550 1.226525 
1.2650 1.226444 
1.2750 1.216796 
1.2850 1.207961 
1.2950 1.190104 
1.3050 1.179384 
1.3150 1.163442 
1.3250 1.188376 
1.3350 1.149657 
1.3450 1.161634 
1.3550 1.149313 
1.3650 1.124732 
1.3750 1.119685 
1.3850 1.118346 
1.3950 1.104240 
1.4050 1.093189 
1.4150 1.099363 
1.4250 1.090777 
1.4350 1.075173 
1.4450 1.070416 
1.4550 1.067719 
1.4650 1.054396 
1.4750 1.049702 
1.4850 1.044784 
1.4950 1.044614 
1.5050 1.038150 
1.5150 1.025853 
1.5250 1.023683 
1.5350 1.011363 
1.5450 0.998097 
1.5550 1.000319 
1.5650 1.009332 
1.5750 0.995842 
1.5850 0.996797 
1.5950 0.980771 
1.6050 0.991703 
1.6150 0.977651 
1.6250 0.979745 
1.6350 0.975965 
1.6450 0.964859 
1.6550 0.955538 
1.6650 0.949867 
1.6750 0.939828 
1.6850 0.943846 
1.6950 0.964242 
1.7050 0.950188 
1.7150 0.945460 
1.7250 0.938857 
1.7350 0.935873 
1.7450 0.943006 
1.7550 0.929082 
1.7650 0.923204 
1.7750 0.917200 
1.7850 0.926001 
1.7950 0.931753 
1.8050 0.917661 
1.8150 0.923867 
1.8250 0.914325 
1.8350 0.922111 
1.8450 0.920367 
1.8550 0.927990 
1.8650 0.919226 
1.8750 0.926000 
1.8850 0.927762 
1.8950 0.927297 
1.9050 0.926658 
1.9150 0.912999 
1.9250 0.937159 
1.9350 0.936037 
1.9450 0.930095 
1.9550 0.943004 
1.9650 0.955739 
1.9750 0.969859 
1.9850 0.962791 
1.9950 0.970268 
2.0050 0.988153 
2.0150 0.993947 
2.0250 1.002384 
2.0350 0.992935 
2.0450 0.998119 
2.0550 1.006829 
2.0650 1.003579 
2.0750 1.000977 
2.0850 1.008196 
2.0950 1.013020 
2.1050 1.008382 
2.1150 1.009241 
2.1250 1.011902 
2.1350 1.007053 
2.1450 1.001373 
2.1550 1.004430 
2.1650 1.006670 
2.1750 1.010420 
2.1850 1.012729 
2.1950 1.008983 
2.2050 1.005347 
2.2150 1.023080 
2.2250 1.026866 
2.2350 1.012760 
2.2450 1.017548 
2.2550 1.022065 
2.2650 1.006771 
2.2750 1.012724 
2.2850 1.018139 
2.2950 1.014047 
2.3050 1.011289 
2.3150 1.006893 
2.3250 1.021724 
2.3350 1.021786 
2.3450 1.011680 
2.3550 1.022999 
2.3650 1.009611 
2.3750 1.026207 
2.3850 1.012129 
2.3950 1.013122 
2.4050 1.012259 
2.4150 1.016890 
2.4250 1.009286 
2.4350 1.012029 
2.4450 1.023246 
2.4550 1.005543 
2.4650 1.001784 
2.4750 1.007138 
2.4850 1.002887 
2.4950 1.009702 
2.5050 1.004109 
2.5150 1.007500 
2.5250 1.015164 
2.5350 1.015517 
2.5450 1.019362 
2.5550 1.008855 
2.5650 1.006296 
2.5750 1.013517 
2.5850 0.999782 
2.5950 1.001505 
2.6050 1.003541 
2.6150 1.010663 
2.6250 1.000958 
2.6350 1.008100 
2.6450 1.007690 
2.6550 0.997815 
2.6650 1.002034 
2.6750 1.003505 
2.6850 1.000092 
2.6950 1.001813 
2.7050 1.002857 
2.7150 0.996179 
2.7250 1.009346 
2.7350 1.013259 
2.7450 1.009481 
2.7550 1.003092 
2.7650 0.995142 
2.7750 1.000436 
2.7850 0.992491 
2.7950 0.990292 
2.8050 0.988657 
2.8150 0.999791 
2.8250 1.006519 
2.8350 0.991273 
2.8450 0.985811 
2.8550 0.995332 
2.8650 1.005085 
2.8750 0.992822 
2.8850 0.992439 
2.8950 0.997464 
2.9050 0.992035 
2.9150 0.998493 
2.9250 1.001400 
2.9350 1.005394 
2.9450 1.001579 
2.9550 0.993999 
2.9650 0.992642 
2.9750 0.993191 
2.9850 1.000727 
2.9950 1.003415 
3.0050 1.002813 
3.0150 0.995238 
3.0250 0.999699 
3.0350 0.997369 
3.0450 0.989212 
3.0550 0.997036 
3.0650 0.997220 
3.0750 1.001268 
3.0850 1.008450 
3.0950 1.005584 
3.1050 1.003535 
3.1150 0.999248 
3.1250 1.000762 
3.1350 1.000139 
3.1450 1.001097 
3.1550 1.009015 
3.1650 0.993917 
3.1750 0.994858 
3.1850 1.006158 
3.1950 1.008420 
3.2050 1.004505 
3.2150 0.997236 
3.2250 0.997490 
3.2350 0.995495 
3.2450 0.995094 
3.2550 0.997821 
3.2650 0.999878 
3.2750 1.002392 
3.2850 1.005749 
3.2950 1.009813 
3.3050 1.004873 
3.3150 0.992327 
3.3250 0.998375 
3.3350 1.002284 
3.3450 0.999982 
3.3550 1.005521 
3.3650 1.007493 
3.3750 1.004284 
3.3850 0.997431 
3.3950 1.002710 
3.4050 1.000799 
3.4150 1.000077 
3.4250 1.008798 
3.4350 0.999840 
3.4450 1.008908 
3.4550 0.996090 
3.4650 0.996157 
3.4750 1.011065 
3.4850 0.995087 
3.4950 0.999487 
3.5050 1.008646 
3.5150 1.000573 
3.5250 1.000893 
3.5350 1.000557 
3.5450 1.002782 
3.5550 0.996741 
3.5650 0.996828 
3.5750 1.005480 
3.5850 1.003729 
3.5950 1.001178 
3.6050 0.991952 
3.6150 0.997776 
3.6250 1.009988 
3.6350 0.998318 
3.6450 1.007762 
3.6550 0.996935 
3.6650 1.000357 
3.6750 0.999896 
3.6850 1.003035 
3.6950 1.003727 
3.7050 0.998829 
3.7150 1.001324 
3.7250 1.007320 
3.7350 1.005634 
3.7450 1.006104 
3.7550 1.006800 
3.7650 1.008969 
3.7750 0.998142 
3.7850 1.003734 
3.7950 1.007788 
3.8050 1.006379 
3.8150 0.991749 
3.8250 0.999424 
3.8350 1.002376 
3.8450 1.006313 
3.8550 0.997648 
3.8650 0.995446 
3.8750 1.005795 
3.8850 1.004552 
3.8950 1.002767 
3.9050 1.001758 
3.9150 1.001431 
3.9250 1.008233 
3.9350 0.994544 
3.9450 1.003280 
3.9550 1.002931 
3.9650 1.004396 
3.9750 0.994168 
3.9850 0.994016 
3.9950 1.001317 
4.0050 1.004758 
4.0150 0.998210 
4.0250 0.995329 
4.0350 0.999735 
4.0450 0.997181 
4.0550 1.002088 
4.0650 0.995691 
4.0750 0.999674 
4.0850 0.997628 
4.0950 1.004763 
4.1050 1.008466 
4.1150 0.998513 
4.1250 1.002794 
4.1350 0.996938 
4.1450 1.001367 
4.1550 1.007463 
4.1650 0.996338 
4.1750 1.011638 
4.1850 1.010818 
4.1950 0.997399 
4.2050 1.004694 
4.2150 1.004505 
4.2250 1.005370 
4.2350 1.006231 
4.2450 0.998946 
4.2550 1.009951 
4.2650 1.008710 
4.2750 1.003551 
4.2850 1.001631 
4.2950 1.001154 
4.3050 1.002170 
4.3150 1.003836 
4.3250 1.002546 
4.3350 0.997867 
4.3450 1.004848 
4.3550 1.006491 
4.3650 1.000405 
4.3750 0.992275 
4.3850 1.005584 
4.3950 1.014200 
4.4050 1.004344 
4.4150 0.997518 
4.4250 1.003948 
4.4350 0.995649 
4.4450 1.001688 
4.4550 1.002975 
4.4650 0.994274 
4.4750 0.998211 
4.4850 1.000147 
4.4950 1.001769 