
0.0050 0.000000 
0.0150 0.000000 
0.0250 0.000000 
0.0350 0.000000 
0.0450 0.000000 
0.0550 0.000000 
0.0650 0.000000 
0.0750 0.000000 
0.0850 0.000000 
0.0950 0.000000 
0.1050 0.000000 
0.1150 0.000000 
0.1250 0.000000 
0.1350 0.000000 
0.1450 0.000000 
0.1550 0.000000 
0.1650 0.000000 
0.1750 0.000000 
0.1850 0.000000 
0.1950 0.000000 
0.2050 0.000000 
0.2150 0.000000 
0.2250 0.000000 
0.2350 0.000000 
0.2450 0.000000 
0.2550 0.000000 
0.2650 0.000000 
0.2750 0.000000 
0.2850 0.000000 
0.2950 0.000000 
0.3050 0.000000 
0.3150 0.000000 
0.3250 0.000000 
0.3350 0.000000 
0.3450 0.000000 
0.3550 0.000000 
0.3650 0.000000 
0.3750 0.000000 
0.3850 0.000000 
0.3950 0.000000 
0.4050 0.000000 
0.4150 0.000000 
0.4250 0.000000 
0.4350 0.000000 
0.4450 0.000000 
0.4550 0.000000 
0.4650 0.000000 
0.4750 0.000000 
0.4850 0.000000 
0.4950 0.000000 
0.5050 0.000000 
0.5150 0.000000 
0.5250 0.000000 
0.5350 0.000000 
0.5450 0.000000 
0.5550 0.000918 
0.5650 0.012923 
0.5750 0.031012 
0.5850 0.048633 
0.5950 0.060099 
0.6050 0.079334 
0.6150 0.097671 
0.6250 0.099791 
0.6350 0.126738 
0.6450 0.140601 
0.6550 0.149113 
0.6650 0.165807 
0.6750 0.185160 
0.6850 0.202338 
0.6950 0.214008 
0.7050 0.233915 
0.7150 0.244704 
0.7250 0.250034 
0.7350 0.265753 
0.7450 0.288476 
0.7550 0.306770 
0.7650 0.312241 
0.7750 0.333494 
0.7850 0.358221 
0.7950 0.374514 
0.8050 0.374860 
0.8150 0.390867 
0.8250 0.403597 
0.8350 0.441313 
0.8450 0.439748 
0.8550 0.446387 
0.8650 0.479160 
0.8750 0.493668 
0.8850 0.509005 
0.8950 0.515341 
0.9050 0.541115 
0.9150 0.565304 
0.9250 0.595605 
0.9350 0.599383 
0.9450 0.609212 
0.9550 0.658094 
0.9650 0.667557 
0.9750 0.686004 
0.9850 0.734619 
0.9950 0.755110 
1.0050 0.803604 
1.0150 0.824192 
1.0250 0.874235 
1.0350 0.879911 
1.0450 0.902529 
1.0550 0.915185 
1.0650 0.916558 
1.0750 0.952960 
1.0850 0.972034 
1.0950 0.986947 
1.1050 1.004831 
1.1150 0.987371 
1.1250 1.015168 
1.1350 1.035790 
1.1450 1.036764 
1.1550 1.060684 
1.1650 1.036538 
1.1750 1.057079 
1.1850 1.059064 
1.1950 1.090209 
1.2050 1.090260 
1.2150 1.080691 
1.2250 1.098089 
1.2350 1.095035 
1.2450 1.099157 
1.2550 1.107020 
1.2650 1.108083 
1.2750 1.116356 
1.2850 1.116665 
1.2950 1.118288 
1.3050 1.130936 
1.3150 1.129765 
1.3250 1.136147 
1.3350 1.145310 
1.3450 1.143044 
1.3550 1.142575 
1.3650 1.143488 
1.3750 1.141967 
1.3850 1.143241 
1.3950 1.164135 
1.4050 1.162075 
1.4150 1.153228 
1.4250 1.165229 
1.4350 1.162193 
1.4450 1.155478 
1.4550 1.155541 
1.4650 1.153274 
1.4750 1.160413 
1.4850 1.139231 
1.4950 1.131922 
1.5050 1.110812 
1.5150 1.113929 
1.5250 1.096236 
1.5350 1.117983 
1.5450 1.094413 
1.5550 1.075978 
1.5650 1.078890 
1.5750 1.069242 
1.5850 1.071891 
1.5950 1.055556 
1.6050 1.059959 
1.6150 1.055319 
1.6250 1.052944 
1.6350 1.033676 
1.6450 1.031356 
1.6550 1.044698 
1.6650 1.005208 
1.6750 1.031701 
1.6850 1.012115 
1.6950 1.009033 
1.7050 1.002180 
1.7150 1.006015 
1.7250 1.003319 
1.7350 0.998045 
1.7450 0.992586 
1.7550 1.003590 
1.7650 0.995017 
1.7750 0.994479 
1.7850 0.983516 
1.7950 0.977957 
1.8050 0.978895 
1.8150 0.980529 
1.8250 0.978401 
1.8350 0.966007 
1.8450 0.984028 
1.8550 0.971139 
1.8650 0.968694 
1.8750 0.968006 
1.8850 0.968368 
1.8950 0.976525 
1.9050 0.962712 
1.9150 0.963185 
1.9250 0.960281 
1.9350 0.971137 
1.9450 0.974809 
1.9550 0.959916 
1.9650 0.958000 
1.9750 0.967264 
1.9850 0.968773 
1.9950 0.963415 
2.0050 0.966080 
2.0150 0.967318 
2.0250 0.967912 
2.0350 0.968079 
2.0450 0.962647 
2.0550 0.970780 
2.0650 0.963111 
2.0750 0.959922 
2.0850 0.960984 
2.0950 0.968767 
2.1050 0.969006 
2.1150 0.985444 
2.1250 0.976234 
2.1350 0.972712 
2.1450 0.988546 
2.1550 0.974254 
2.1650 0.977698 
2.1750 0.994587 
2.1850 0.985469 
2.1950 0.982313 
2.2050 0.976745 
2.2150 0.983804 
2.2250 0.980813 
2.2350 0.974905 
2.2450 0.993337 
2.2550 0.992807 
2.2650 0.989377 
2.2750 1.000853 
2.2850 0.986459 
2.2950 0.983287 
2.3050 1.002724 
2.3150 0.994894 
2.3250 1.002535 
2.3350 0.991149 
2.3450 0.998923 
2.3550 1.002893 
2.3650 1.003106 
2.3750 1.000943 
2.3850 0.997185 
2.3950 0.995421 
2.4050 1.006147 
2.4150 1.004502 
2.4250 0.998746 
2.4350 0.997778 
2.4450 1.009402 
2.4550 1.004115 
2.4650 1.001229 
2.4750 1.009383 
2.4850 0.996283 
2.4950 1.004666 
2.5050 1.012061 
2.5150 1.013585 
2.5250 1.013099 
2.5350 1.012989 
2.5450 1.019429 
2.5550 1.013506 
2.5650 0.995098 
2.5750 1.010397 
2.5850 1.009439 
2.5950 1.016032 
2.6050 1.013025 
2.6150 1.005400 
2.6250 1.015809 
2.6350 1.006089 
2.6450 1.011471 
2.6550 1.015944 
2.6650 0.997254 
2.6750 1.009065 
2.6850 1.009676 
2.6950 1.008824 
2.7050 1.006428 
2.7150 1.011042 
2.7250 1.006523 
2.7350 1.012759 
2.7450 1.014153 
2.7550 1.007189 
2.7650 1.002130 
2.7750 1.008169 
2.7850 1.011432 
2.7950 1.003354 
2.8050 1.000484 
2.8150 1.010301 
2.8250 0.993262 
2.8350 1.005689 
2.8450 1.015203 
2.8550 0.994493 
2.8650 0.993565 
2.8750 0.997699 
2.8850 1.002664 
2.8950 0.998881 
2.9050 0.993477 
2.9150 0.999930 
2.9250 1.007042 
2.9350 1.004024 
2.9450 0.997717 
2.9550 1.013300 
2.9650 0.995007 
2.9750 0.992674 
2.9850 1.008117 
2.9950 0.993908 
3.0050 0.995244 
3.0150 1.003151 
3.0250 0.996788 
3.0350 1.010470 
3.0450 0.993790 
3.0550 0.987967 
3.0650 0.998587 
3.0750 1.003020 
3.0850 0.992123 
3.0950 1.000998 
3.1050 1.000312 
3.1150 0.994911 
3.1250 1.006399 
3.1350 0.997084 
3.1450 1.003436 
3.1550 0.995760 
3.1650 1.010182 
3.1750 0.994912 
3.1850 1.004412 
3.1950 1.004727 
3.2050 0.995539 
3.2150 1.001678 
3.2250 0.997516 
3.2350 0.992693 
3.2450 0.995331 
3.2550 0.992777 
3.2650 0.988143 
3.2750 1.005656 
3.2850 1.002104 
3.2950 1.001559 
3.3050 0.999051 
3.3150 0.998260 
3.3250 1.001050 
3.3350 1.010464 
3.3450 0.990522 
3.3550 0.997771 
3.3650 1.003503 
3.3750 1.004056 
3.3850 0.998947 
3.3950 1.003390 
3.4050 1.003914 
3.4150 1.001504 
3.4250 1.002030 
3.4350 0.996653 
3.4450 1.003198 
3.4550 0.996362 
3.4650 0.995688 
3.4750 1.001170 
3.4850 0.998204 
3.4950 0.995302 
3.5050 1.003399 
3.5150 1.006243 
3.5250 1.003368 
3.5350 0.998429 
3.5450 1.008548 
3.5550 1.004705 
3.5650 1.000643 
3.5750 0.988134 
3.5850 0.999578 
3.5950 1.006651 
3.6050 1.010672 
3.6150 0.994748 
3.6250 0.994509 
3.6350 1.002578 
3.6450 0.999267 
3.6550 1.003956 
3.6650 0.997252 
3.6750 0.999617 
3.6850 1.001759 
3.6950 1.002339 
3.7050 1.000075 
3.7150 1.005837 
3.7250 1.005184 
3.7350 0.999290 
3.7450 0.995963 
3.7550 1.000581 
3.7650 1.003925 
3.7750 1.004917 
3.7850 0.996977 
3.7950 1.004249 
3.8050 0.998376 
3.8150 0.998206 
3.8250 0.997769 
3.8350 0.995929 
3.8450 1.002931 
3.8550 1.008388 
3.8650 1.001002 
3.8750 0.993322 
3.8850 1.005345 
3.8950 1.003229 
3.9050 1.001626 
3.9150 1.010652 
3.9250 1.000387 
3.9350 0.994217 
3.9450 0.999897 
3.9550 1.006413 
3.9650 1.009811 
3.9750 1.002173 
3.9850 0.996742 
3.9950 0.997591 
4.0050 1.005719 
4.0150 1.002088 
4.0250 0.995796 
4.0350 0.995600 
4.0450 1.007016 
4.0550 0.998734 
4.0650 1.008191 
4.0750 0.997470 
4.0850 1.003533 
4.0950 1.002005 
4.1050 1.000713 
4.1150 1.003939 
4.1250 1.001259 
4.1350 1.007716 
4.1450 1.001676 
4.1550 1.000771 
4.1650 1.001144 
4.1750 0.997827 
4.1850 1.006607 
4.1950 1.004190 
4.2050 1.004958 
4.2150 1.007732 
4.2250 0.998081 
4.2350 1.001848 
4.2450 1.000860 
4.2550 1.008806 
4.2650 1.000827 
4.2750 1.009815 
4.2850 1.005385 
4.2950 1.004819 
4.3050 0.988756 
4.3150 0.997273 
4.3250 1.003515 
4.3350 0.996210 
4.3450 1.000575 
4.3550 0.997946 
4.3650 1.009578 
4.3750 1.002991 
4.3850 0.998443 
4.3950 1.006919 
4.4050 0.998420 
4.4150 1.002033 
4.4250 1.002884 
4.4350 1.004792 
4.4450 0.993315 
4.4550 0.999154 
4.4650 0.998298 
4.4750 1.003583 
4.4850 1.000700 
4.4950 0.997010 