
0.0050 0.000000 
0.0150 0.000000 
0.0250 0.000000 
0.0350 0.000000 
0.0450 0.000000 
0.0550 0.000000 
0.0650 0.000000 
0.0750 0.000000 
0.0850 0.000000 
0.0950 0.000000 
0.1050 0.000000 
0.1150 0.000000 
0.1250 0.000000 
0.1350 0.000000 
0.1450 0.000000 
0.1550 0.000000 
0.1650 0.000000 
0.1750 0.000000 
0.1850 0.000000 
0.1950 0.000000 
0.2050 0.000000 
0.2150 0.000000 
0.2250 0.000000 
0.2350 0.000000 
0.2450 0.000000 
0.2550 0.000000 
0.2650 0.000000 
0.2750 0.000000 
0.2850 0.000000 
0.2950 0.000000 
0.3050 0.000000 
0.3150 0.000000 
0.3250 0.000000 
0.3350 0.000000 
0.3450 0.000000 
0.3550 0.000000 
0.3650 0.000000 
0.3750 0.000000 
0.3850 0.000000 
0.3950 0.000000 
0.4050 0.000000 
0.4150 0.000000 
0.4250 0.000000 
0.4350 0.000000 
0.4450 0.000000 
0.4550 0.000000 
0.4650 0.000000 
0.4750 0.000000 
0.4850 0.000000 
0.4950 0.000000 
0.5050 0.000000 
0.5150 0.000000 
0.5250 0.000000 
0.5350 0.000000 
0.5450 0.000000 
0.5550 0.000000 
0.5650 0.000000 
0.5750 0.000000 
0.5850 0.005952 
0.5950 0.022555 
0.6050 0.035665 
0.6150 0.047661 
0.6250 0.052071 
0.6350 0.057012 
0.6450 0.070235 
0.6550 0.076957 
0.6650 0.086930 
0.6750 0.092832 
0.6850 0.106010 
0.6950 0.110124 
0.7050 0.134148 
0.7150 0.139066 
0.7250 0.152531 
0.7350 0.172925 
0.7450 0.176215 
0.7550 0.176038 
0.7650 0.186878 
0.7750 0.188764 
0.7850 0.213263 
0.7950 0.216057 
0.8050 0.224811 
0.8150 0.231365 
0.8250 0.248597 
0.8350 0.252776 
0.8450 0.255646 
0.8550 0.262235 
0.8650 0.280486 
0.8750 0.281971 
0.8850 0.300937 
0.8950 0.322718 
0.9050 0.356915 
0.9150 0.411875 
0.9250 0.479099 
0.9350 0.595738 
0.9450 0.764558 
0.9550 1.028808 
0.9650 1.343326 
0.9750 1.725192 
0.9850 2.181794 
0.9950 2.666609 
1.0050 3.136226 
1.0150 3.567077 
1.0250 3.910063 
1.0350 4.171672 
1.0450 4.327392 
1.0550 4.394845 
1.0650 4.297737 
1.0750 4.119393 
1.0850 3.798477 
1.0950 3.372826 
1.1050 2.931696 
1.1150 2.474047 
1.1250 2.020709 
1.1350 1.603198 
1.1450 1.278153 
1.1550 1.062825 
1.1650 0.904546 
1.1750 0.790903 
1.1850 0.728691 
1.1950 0.686430 
1.2050 0.655558 
1.2150 0.655099 
1.2250 0.632503 
1.2350 0.620149 
1.2450 0.613612 
1.2550 0.615064 
1.2650 0.608670 
1.2750 0.615558 
1.2850 0.627850 
1.2950 0.648980 
1.3050 0.645595 
1.3150 0.644792 
1.3250 0.647092 
1.3350 0.632612 
1.3450 0.659458 
1.3550 0.675644 
1.3650 0.657771 
1.3750 0.666287 
1.3850 0.674619 
1.3950 0.672798 
1.4050 0.676531 
1.4150 0.691189 
1.4250 0.679647 
1.4350 0.698422 
1.4450 0.687875 
1.4550 0.691788 
1.4650 0.697395 
1.4750 0.695461 
1.4850 0.710453 
1.4950 0.715253 
1.5050 0.698264 
1.5150 0.701446 
1.5250 0.702628 
1.5350 0.711970 
1.5450 0.719920 
1.5550 0.718490 
1.5650 0.709931 
1.5750 0.715846 
1.5850 0.729121 
1.5950 0.722315 
1.6050 0.737939 
1.6150 0.737719 
1.6250 0.738553 
1.6350 0.751546 
1.6450 0.744499 
1.6550 0.739962 
1.6650 0.751328 
1.6750 0.728961 
1.6850 0.738839 
1.6950 0.757064 
1.7050 0.756544 
1.7150 0.754386 
1.7250 0.770325 
1.7350 0.785736 
1.7450 0.775030 
1.7550 0.784204 
1.7650 0.780935 
1.7750 0.769762 
1.7850 0.782066 
1.7950 0.778245 
1.8050 0.769781 
1.8150 0.773787 
1.8250 0.783928 
1.8350 0.793399 
1.8450 0.795408 
1.8550 0.797118 
1.8650 0.823314 
1.8750 0.823582 
1.8850 0.834996 
1.8950 0.846018 
1.9050 0.864683 
1.9150 0.888775 
1.9250 0.886167 
1.9350 0.909591 
1.9450 0.919465 
1.9550 0.944752 
1.9650 0.972174 
1.9750 1.016059 
1.9850 1.073191 
1.9950 1.129066 
2.0050 1.204500 
2.0150 1.284316 
2.0250 1.386173 
2.0350 1.509955 
2.0450 1.630399 
2.0550 1.758198 
2.0650 1.879589 
2.0750 1.991413 
2.0850 2.066020 
2.0950 2.136818 
2.1050 2.101076 
2.1150 2.022805 
2.1250 1.879804 
2.1350 1.706599 
2.1450 1.530066 
2.1550 1.353503 
2.1650 1.197315 
2.1750 1.096269 
2.1850 1.024619 
2.1950 0.960472 
2.2050 0.928609 
2.2150 0.903630 
2.2250 0.898733 
2.2350 0.880841 
2.2450 0.882103 
2.2550 0.885097 
2.2650 0.866898 
2.2750 0.872976 
2.2850 0.879861 
2.2950 0.873168 
2.3050 0.873207 
2.3150 0.887571 
2.3250 0.880232 
2.3350 0.877239 
2.3450 0.881124 
2.3550 0.888569 
2.3650 0.882759 
2.3750 0.888299 
2.3850 0.888740 
2.3950 0.877792 
2.4050 0.883141 
2.4150 0.893401 
2.4250 0.879961 
2.4350 0.871370 
2.4450 0.882077 
2.4550 0.869752 
2.4650 0.876218 
2.4750 0.873963 
2.4850 0.875234 
2.4950 0.866217 
2.5050 0.874335 
2.5150 0.878003 
2.5250 0.878629 
2.5350 0.886837 
2.5450 0.890043 
2.5550 0.881816 
2.5650 0.892782 
2.5750 0.900908 
2.5850 0.898058 
2.5950 0.885017 
2.6050 0.888354 
2.6150 0.898661 
2.6250 0.895309 
2.6350 0.890556 
2.6450 0.906685 
2.6550 0.911745 
2.6650 0.892322 
2.6750 0.905004 
2.6850 0.903582 
2.6950 0.903630 
2.7050 0.917743 
2.7150 0.922052 
2.7250 0.909356 
2.7350 0.910570 
2.7450 0.928002 
2.7550 0.917347 
2.7650 0.929960 
2.7750 0.928771 
2.7850 0.926916 
2.7950 0.914429 
2.8050 0.918459 
2.8150 0.923160 
2.8250 0.931248 
2.8350 0.918770 
2.8450 0.920054 
2.8550 0.929536 
2.8650 0.938085 
2.8750 0.941133 
2.8850 0.943774 
2.8950 0.944211 
2.9050 0.947972 
2.9150 0.959657 
2.9250 0.965472 
2.9350 0.974978 
2.9450 0.985726 
2.9550 0.994115 
2.9650 1.021828 
2.9750 1.033574 
2.9850 1.069163 
2.9950 1.087240 
3.0050 1.114389 
3.0150 1.154461 
3.0250 1.203512 
3.0350 1.245676 
3.0450 1.286805 
3.0550 1.359322 
3.0650 1.396939 
3.0750 1.425858 
3.0850 1.430973 
3.0950 1.417847 
3.1050 1.402630 
3.1150 1.369776 
3.1250 1.306619 
3.1350 1.226517 
3.1450 1.173489 
3.1550 1.119929 
3.1650 1.079136 
3.1750 1.028715 
3.1850 1.013005 
3.1950 0.992816 
3.2050 0.981851 
3.2150 0.980558 
3.2250 0.963839 
3.2350 0.968953 
3.2450 0.961914 
3.2550 0.957570 
3.2650 0.953332 
3.2750 0.957503 
3.2850 0.954357 
3.2950 0.942667 
3.3050 0.940285 
3.3150 0.929120 
3.3250 0.944978 
3.3350 0.942276 
3.3450 0.950739 
3.3550 0.944009 
3.3650 0.932999 
3.3750 0.943390 
3.3850 0.945004 
3.3950 0.946482 
3.4050 0.943530 
3.4150 0.937014 
3.4250 0.929139 
3.4350 0.937468 
3.4450 0.930083 
3.4550 0.940020 
3.4650 0.935608 
3.4750 0.938728 
3.4850 0.933829 
3.4950 0.949638 
3.5050 0.942637 
3.5150 0.938013 
3.5250 0.946735 
3.5350 0.951126 
3.5450 0.948061 
3.5550 0.948068 
3.5650 0.954674 
3.5750 0.952342 
3.5850 0.949141 
3.5950 0.959304 
3.6050 0.956220 
3.6150 0.951685 
3.6250 0.957936 
3.6350 0.945139 
3.6450 0.943981 
3.6550 0.940255 
3.6650 0.953400 
3.6750 0.945502 
3.6850 0.954499 
3.6950 0.949026 
3.7050 0.952447 
3.7150 0.963103 
3.7250 0.965206 
3.7350 0.964297 
3.7450 0.962274 
3.7550 0.967118 
3.7650 0.960894 
3.7750 0.975778 
3.7850 0.968615 
3.7950 0.973753 
3.8050 0.979132 
3.8150 0.982511 
3.8250 0.979722 
3.8350 0.973669 
3.8450 0.986001 
3.8550 0.976768 
3.8650 0.986948 
3.8750 0.996987 
3.8850 1.005940 
3.8950 1.015791 
3.9050 1.015252 
3.9150 1.007964 
3.9250 1.010064 
3.9350 1.016935 
3.9450 1.021885 
3.9550 1.028562 
3.9650 1.039368 
3.9750 1.067252 
3.9850 1.058609 
3.9950 1.071187 
4.0050 1.074433 
4.0150 1.087484 
4.0250 1.093627 
4.0350 1.091789 
4.0450 1.098632 
4.0550 1.108942 
4.0650 1.114552 
4.0750 1.127796 
4.0850 1.116473 
4.0950 1.119390 
4.1050 1.101870 
4.1150 1.089466 
4.1250 1.074717 
4.1350 1.059459 
4.1450 1.039859 
4.1550 1.021979 
4.1650 1.020082 
4.1750 1.006679 
4.1850 1.004154 
4.1950 0.998868 
4.2050 0.999567 
4.2150 0.991860 
4.2250 0.988220 
4.2350 0.976414 
4.2450 0.979176 
4.2550 0.980054 
4.2650 0.970858 
4.2750 0.974974 
4.2850 0.977493 
4.2950 0.962013 
4.3050 0.960874 
4.3150 0.961049 
4.3250 0.950858 
4.3350 0.955831 
4.3450 0.965960 
4.3550 0.955454 
4.3650 0.959970 
4.3750 0.965308 
4.3850 0.969801 
4.3950 0.968064 
4.4050 0.975697 
4.4150 0.969904 
4.4250 0.963693 
4.4350 0.974390 
4.4450 0.969583 
4.4550 0.970020 
4.4650 0.967620 
4.4750 0.972917 
4.4850 0.969320 
4.4950 0.973732 