
0.0050 0.000000 
0.0150 0.000000 
0.0250 0.000000 
0.0350 0.000000 
0.0450 0.000000 
0.0550 0.000000 
0.0650 0.000000 
0.0750 0.000000 
0.0850 0.000000 
0.0950 0.000000 
0.1050 0.000000 
0.1150 0.000000 
0.1250 0.000000 
0.1350 0.000000 
0.1450 0.000000 
0.1550 0.000000 
0.1650 0.000000 
0.1750 0.000000 
0.1850 0.000000 
0.1950 0.000000 
0.2050 0.000000 
0.2150 0.000000 
0.2250 0.000000 
0.2350 0.000000 
0.2450 0.000000 
0.2550 0.000000 
0.2650 0.000000 
0.2750 0.000000 
0.2850 0.000000 
0.2950 0.000000 
0.3050 0.000000 
0.3150 0.000000 
0.3250 0.000000 
0.3350 0.000000 
0.3450 0.000000 
0.3550 0.000000 
0.3650 0.000000 
0.3750 0.000000 
0.3850 0.000000 
0.3950 0.000000 
0.4050 0.000000 
0.4150 0.000000 
0.4250 0.000000 
0.4350 0.000000 
0.4450 0.000000 
0.4550 0.000000 
0.4650 0.000000 
0.4750 0.000000 
0.4850 0.000000 
0.4950 0.000000 
0.5050 0.000000 
0.5150 0.000000 
0.5250 0.000000 
0.5350 0.000000 
0.5450 0.000000 
0.5550 0.000000 
0.5650 0.000000 
0.5750 0.000000 
0.5850 0.000000 
0.5950 0.000000 
0.6050 0.000000 
0.6150 0.000000 
0.6250 0.000000 
0.6350 0.000000 
0.6450 0.000000 
0.6550 0.000000 
0.6650 0.000128 
0.6750 0.011462 
0.6850 0.031530 
0.6950 0.051024 
0.7050 0.065868 
0.7150 0.088031 
0.7250 0.109236 
0.7350 0.131720 
0.7450 0.151090 
0.7550 0.160823 
0.7650 0.188435 
0.7750 0.202820 
0.7850 0.241669 
0.7950 0.250211 
0.8050 0.274510 
0.8150 0.284010 
0.8250 0.322176 
0.8350 0.324153 
0.8450 0.351275 
0.8550 0.371591 
0.8650 0.399612 
0.8750 0.406264 
0.8850 0.431437 
0.8950 0.459191 
0.9050 0.488688 
0.9150 0.511027 
0.9250 0.540253 
0.9350 0.561569 
0.9450 0.597131 
0.9550 0.615625 
0.9650 0.643981 
0.9750 0.680060 
0.9850 0.712730 
0.9950 0.748172 
1.0050 0.811576 
1.0150 0.859293 
1.0250 0.901011 
1.0350 0.932208 
1.0450 0.976434 
1.0550 0.979748 
1.0650 1.017660 
1.0750 1.019419 
1.0850 1.034898 
1.0950 1.063177 
1.1050 1.084696 
1.1150 1.102083 
1.1250 1.090284 
1.1350 1.128956 
1.1450 1.129491 
1.1550 1.144564 
1.1650 1.141150 
1.1750 1.175685 
1.1850 1.174658 
1.1950 1.169223 
1.2050 1.178531 
1.2150 1.185931 
1.2250 1.197180 
1.2350 1.214119 
1.2450 1.207627 
1.2550 1.223942 
1.2650 1.246205 
1.2750 1.224826 
1.2850 1.245675 
1.2950 1.234050 
1.3050 1.261506 
1.3150 1.262072 
1.3250 1.259022 
1.3350 1.246622 
1.3450 1.228315 
1.3550 1.224952 
1.3650 1.228014 
1.3750 1.195779 
1.3850 1.205477 
1.3950 1.194725 
1.4050 1.187224 
1.4150 1.175787 
1.4250 1.163971 
1.4350 1.180215 
1.4450 1.155595 
1.4550 1.149088 
1.4650 1.153100 
1.4750 1.131766 
1.4850 1.115317 
1.4950 1.114620 
1.5050 1.100545 
1.5150 1.091670 
1.5250 1.086327 
1.5350 1.085836 
1.5450 1.073028 
1.5550 1.067413 
1.5650 1.068961 
1.5750 1.049727 
1.5850 1.062679 
1.5950 1.063800 
1.6050 1.043307 
1.6150 1.030470 
1.6250 1.030716 
1.6350 1.022081 
1.6450 1.035768 
1.6550 1.015597 
1.6650 1.005977 
1.6750 1.003150 
1.6850 0.995947 
1.6950 0.995883 
1.7050 0.989057 
1.7150 0.979721 
1.7250 0.988812 
1.7350 0.975746 
1.7450 0.969191 
1.7550 0.977505 
1.7650 0.977693 
1.7750 0.971815 
1.7850 0.973755 
1.7950 0.978005 
1.8050 0.964604 
1.8150 0.958034 
1.8250 0.950505 
1.8350 0.969080 
1.8450 0.961619 
1.8550 0.947101 
1.8650 0.945747 
1.8750 0.958119 
1.8850 0.950512 
1.8950 0.942039 
1.9050 0.948407 
1.9150 0.943200 
1.9250 0.946079 
1.9350 0.947384 
1.9450 0.959172 
1.9550 0.950565 
1.9650 0.940870 
1.9750 0.958612 
1.9850 0.946004 
1.9950 0.944872 
2.0050 0.954617 
2.0150 0.950188 
2.0250 0.966139 
2.0350 0.966526 
2.0450 0.973385 
2.0550 0.956061 
2.0650 0.970724 
2.0750 0.969311 
2.0850 0.965124 
2.0950 0.963260 
2.1050 0.972943 
2.1150 0.965647 
2.1250 0.969156 
2.1350 0.970071 
2.1450 0.971136 
2.1550 0.983176 
2.1650 0.976948 
2.1750 0.980914 
2.1850 0.976278 
2.1950 0.974994 
2.2050 0.983643 
2.2150 0.977901 
2.2250 0.989532 
2.2350 0.992992 
2.2450 1.000456 
2.2550 0.989206 
2.2650 0.995112 
2.2750 0.990597 
2.2850 0.997231 
2.2950 1.006636 
2.3050 1.001648 
2.3150 0.994710 
2.3250 0.997719 
2.3350 1.005608 
2.3450 0.998449 
2.3550 1.003727 
2.3650 1.008455 
2.3750 1.006737 
2.3850 1.004030 
2.3950 1.008911 
2.4050 1.010411 
2.4150 1.016394 
2.4250 1.004668 
2.4350 1.009888 
2.4450 1.002864 
2.4550 1.005926 
2.4650 1.005321 
2.4750 1.023163 
2.4850 1.015443 
2.4950 1.003192 
2.5050 1.005952 
2.5150 1.018411 
2.5250 1.024779 
2.5350 0.998960 
2.5450 1.016406 
2.5550 1.013004 
2.5650 1.008329 
2.5750 1.010463 
2.5850 1.015986 
2.5950 1.011157 
2.6050 1.010433 
2.6150 1.010467 
2.6250 1.012845 
2.6350 1.014005 
2.6450 1.013087 
2.6550 1.005801 
2.6650 1.012685 
2.6750 1.012613 
2.6850 1.007575 
2.6950 0.993026 
2.7050 1.008357 
2.7150 1.010633 
2.7250 1.004954 
2.7350 1.000317 
2.7450 1.009730 
2.7550 1.014140 
2.7650 1.005532 
2.7750 1.012791 
2.7850 1.019414 
2.7950 1.005618 
2.8050 0.996034 
2.8150 1.010817 
2.8250 1.006337 
2.8350 0.997335 
2.8450 1.008081 
2.8550 1.006503 
2.8650 1.006249 
2.8750 0.995736 
2.8850 0.997240 
2.8950 1.001599 
2.9050 0.995508 
2.9150 1.001104 
2.9250 0.993302 
2.9350 0.999100 
2.9450 1.001666 
2.9550 1.005169 
2.9650 1.004351 
2.9750 1.000521 
2.9850 1.005768 
2.9950 1.004614 
3.0050 1.001163 
3.0150 0.999947 
3.0250 0.999134 
3.0350 0.991480 
3.0450 1.000474 
3.0550 1.001570 
3.0650 1.000205 
3.0750 0.995790 
3.0850 0.991625 
3.0950 0.993040 
3.1050 1.003810 
3.1150 1.005178 
3.1250 0.994824 
3.1350 1.000848 
3.1450 0.987012 
3.1550 1.004462 
3.1650 0.988458 
3.1750 0.998090 
3.1850 0.994585 
3.1950 1.003683 
3.2050 1.002104 
3.2150 0.992634 
3.2250 0.997463 
3.2350 0.991371 
3.2450 0.988979 
3.2550 1.004311 
3.2650 0.998384 
3.2750 0.998683 
3.2850 0.999996 
3.2950 1.000417 
3.3050 0.992892 
3.3150 1.004349 
3.3250 1.000484 
3.3350 0.998873 
3.3450 1.002744 
3.3550 1.001977 
3.3650 1.005231 
3.3750 0.999444 
3.3850 1.004708 
3.3950 0.998201 
3.4050 1.001226 
3.4150 1.004209 
3.4250 1.001706 
3.4350 1.000885 
3.4450 1.007592 
3.4550 1.001140 
3.4650 1.013361 
3.4750 1.000531 
3.4850 0.997713 
3.4950 0.998753 
3.5050 0.997396 
3.5150 1.001279 
3.5250 0.997690 
3.5350 0.994606 
3.5450 1.005339 
3.5550 1.003622 
3.5650 0.996948 
3.5750 0.984641 
3.5850 1.001605 
3.5950 1.005247 
3.6050 0.999876 
3.6150 1.005585 
3.6250 1.005339 
3.6350 0.997354 
3.6450 1.000300 
3.6550 1.000539 
3.6650 1.001594 
3.6750 0.998616 
3.6850 0.997650 
3.6950 1.000579 
3.7050 1.009495 
3.7150 0.999390 
3.7250 1.000040 
3.7350 1.002428 
3.7450 0.999389 
3.7550 0.995570 
3.7650 1.000108 
3.7750 1.008362 
3.7850 0.991802 
3.7950 1.001792 
3.8050 1.007188 
3.8150 1.006413 
3.8250 0.997479 
3.8350 1.002822 
3.8450 1.002041 
3.8550 0.999024 
3.8650 1.006468 
3.8750 1.006700 
3.8850 0.993653 
3.8950 1.002789 
3.9050 0.995821 
3.9150 1.000666 
3.9250 1.005639 
3.9350 1.013521 
3.9450 1.005795 
3.9550 1.004488 
3.9650 0.998010 
3.9750 0.999698 
3.9850 0.998674 
3.9950 1.008982 
4.0050 0.998029 
4.0150 1.004857 
4.0250 1.009696 
4.0350 1.000688 
4.0450 0.996610 
4.0550 0.990907 
4.0650 1.003561 
4.0750 1.016028 
4.0850 1.003303 
4.0950 1.006538 
4.1050 0.994169 
4.1150 1.006766 
4.1250 1.001653 
4.1350 1.002895 
4.1450 1.000335 
4.1550 0.996777 
4.1650 0.996523 
4.1750 0.998298 
4.1850 1.003377 
4.1950 0.993626 
4.2050 1.005141 
4.2150 1.006230 
4.2250 1.003993 
4.2350 1.000393 
4.2450 0.997394 
4.2550 1.005729 
4.2650 0.994548 
4.2750 1.003111 
4.2850 1.000912 
4.2950 1.001752 
4.3050 1.003362 
4.3150 1.004291 
4.3250 0.997225 
4.3350 1.001696 
4.3450 1.005970 
4.3550 0.998358 
4.3650 0.998230 
4.3750 0.995755 
4.3850 1.012120 
4.3950 1.004408 
4.4050 0.991662 
4.4150 1.007983 
4.4250 1.002382 
4.4350 0.997847 
4.4450 0.998473 
4.4550 1.000632 
4.4650 0.998739 
4.4750 0.997618 
4.4850 1.001959 
4.4950 0.999903 