
0.0050 0.000000 
0.0150 0.000000 
0.0250 0.000000 
0.0350 0.000000 
0.0450 0.000000 
0.0550 0.000000 
0.0650 0.000000 
0.0750 0.000000 
0.0850 0.000000 
0.0950 0.000000 
0.1050 0.000000 
0.1150 0.000000 
0.1250 0.000000 
0.1350 0.000000 
0.1450 0.000000 
0.1550 0.000000 
0.1650 0.000000 
0.1750 0.000000 
0.1850 0.000000 
0.1950 0.000000 
0.2050 0.000000 
0.2150 0.000000 
0.2250 0.000000 
0.2350 0.000000 
0.2450 0.000000 
0.2550 0.000000 
0.2650 0.000000 
0.2750 0.000000 
0.2850 0.000000 
0.2950 0.000000 
0.3050 0.000000 
0.3150 0.000000 
0.3250 0.000000 
0.3350 0.000000 
0.3450 0.000000 
0.3550 0.000000 
0.3650 0.000000 
0.3750 0.000000 
0.3850 0.000000 
0.3950 0.000000 
0.4050 0.000000 
0.4150 0.000000 
0.4250 0.000000 
0.4350 0.000000 
0.4450 0.000000 
0.4550 0.000000 
0.4650 0.000000 
0.4750 0.000000 
0.4850 0.000000 
0.4950 0.000000 
0.5050 0.000000 
0.5150 0.000000 
0.5250 0.000000 
0.5350 0.000000 
0.5450 0.000000 
0.5550 0.000000 
0.5650 0.000000 
0.5750 0.000000 
0.5850 0.000000 
0.5950 0.000000 
0.6050 0.000000 
0.6150 0.000000 
0.6250 0.000000 
0.6350 0.000000 
0.6450 0.000000 
0.6550 0.000000 
0.6650 0.000000 
0.6750 0.000000 
0.6850 0.000000 
0.6950 0.000000 
0.7050 0.000000 
0.7150 0.000000 
0.7250 0.000000 
0.7350 0.000000 
0.7450 0.000000 
0.7550 0.000000 
0.7650 0.000000 
0.7750 0.000000 
0.7850 0.000000 
0.7950 0.000000 
0.8050 0.000000 
0.8150 0.000000 
0.8250 0.000000 
0.8350 0.000000 
0.8450 0.000000 
0.8550 0.000000 
0.8650 0.000000 
0.8750 0.000000 
0.8850 0.000000 
0.8950 0.000000 
0.9050 0.000000 
0.9150 0.000000 
0.9250 0.000000 
0.9350 0.000000 
0.9450 0.002705 
0.9550 0.024268 
0.9650 0.070730 
0.9750 0.128041 
0.9850 0.240432 
0.9950 10.506780 
1.0050 24.422909 
1.0150 11.733339 
1.0250 5.063290 
1.0350 2.473618 
1.0450 1.541168 
1.0550 1.128185 
1.0650 0.927525 
1.0750 0.795296 
1.0850 0.769455 
1.0950 0.707721 
1.1050 0.694554 
1.1150 0.725443 
1.1250 0.707047 
1.1350 0.669890 
1.1450 0.663246 
1.1550 0.671262 
1.1650 0.697662 
1.1750 0.669829 
1.1850 0.682195 
1.1950 0.661806 
1.2050 0.659593 
1.2150 0.657837 
1.2250 0.683685 
1.2350 0.670850 
1.2450 0.641706 
1.2550 0.665639 
1.2650 0.667480 
1.2750 0.656310 
1.2850 0.653413 
1.2950 0.663343 
1.3050 0.658410 
1.3150 0.685542 
1.3250 0.705117 
1.3350 0.687199 
1.3450 0.654636 
1.3550 0.642769 
1.3650 0.654207 
1.3750 0.642453 
1.3850 0.659583 
1.3950 0.663437 
1.4050 0.667176 
1.4150 0.669474 
1.4250 0.678808 
1.4350 0.693723 
1.4450 0.690180 
1.4550 0.673426 
1.4650 0.686849 
1.4750 0.697544 
1.4850 0.696657 
1.4950 0.695838 
1.5050 0.699966 
1.5150 0.679357 
1.5250 0.714104 
1.5350 0.699567 
1.5450 0.700579 
1.5550 0.702567 
1.5650 0.710095 
1.5750 0.720996 
1.5850 0.730090 
1.5950 0.724617 
1.6050 0.727352 
1.6150 0.716465 
1.6250 0.729252 
1.6350 0.732065 
1.6450 0.725655 
1.6550 0.739292 
1.6650 0.744815 
1.6750 0.760520 
1.6850 0.761189 
1.6950 0.746685 
1.7050 0.756444 
1.7150 0.765641 
1.7250 0.743738 
1.7350 0.782093 
1.7450 0.762304 
1.7550 0.758557 
1.7650 0.793323 
1.7750 0.790984 
1.7850 0.785177 
1.7950 0.776342 
1.8050 0.801439 
1.8150 0.777034 
1.8250 0.792633 
1.8350 0.780226 
1.8450 0.790639 
1.8550 0.806650 
1.8650 0.829864 
1.8750 0.844311 
1.8850 0.895949 
1.8950 0.909130 
1.9050 0.982489 
1.9150 1.006145 
1.9250 1.086273 
1.9350 1.189859 
1.9450 1.283070 
1.9550 1.401069 
1.9650 1.647652 
1.9750 1.906064 
1.9850 2.295134 
1.9950 2.933373 
2.0050 3.839901 
2.0150 3.435288 
2.0250 2.431888 
2.0350 1.748102 
2.0450 1.373819 
2.0550 1.170815 
2.0650 1.052280 
2.0750 0.977629 
2.0850 0.963361 
2.0950 0.930142 
2.1050 0.907629 
2.1150 0.919993 
2.1250 0.891144 
2.1350 0.877734 
2.1450 0.885404 
2.1550 0.904265 
2.1650 0.879533 
2.1750 0.869841 
2.1850 0.882139 
2.1950 0.859558 
2.2050 0.855901 
2.2150 0.854400 
2.2250 0.864242 
2.2350 0.850557 
2.2450 0.861204 
2.2550 0.872136 
2.2650 0.883085 
2.2750 0.869632 
2.2850 0.877803 
2.2950 0.893575 
2.3050 0.846584 
2.3150 0.840278 
2.3250 0.863102 
2.3350 0.910549 
2.3450 0.886409 
2.3550 0.860659 
2.3650 0.859738 
2.3750 0.857133 
2.3850 0.865158 
2.3950 0.861232 
2.4050 0.862563 
2.4150 0.869971 
2.4250 0.880103 
2.4350 0.881656 
2.4450 0.871974 
2.4550 0.885003 
2.4650 0.896192 
2.4750 0.892786 
2.4850 0.890713 
2.4950 0.912538 
2.5050 0.879931 
2.5150 0.860226 
2.5250 0.885738 
2.5350 0.873517 
2.5450 0.881377 
2.5550 0.864819 
2.5650 0.891983 
2.5750 0.887961 
2.5850 0.888335 
2.5950 0.882118 
2.6050 0.899020 
2.6150 0.895228 
2.6250 0.912114 
2.6350 0.880011 
2.6450 0.884512 
2.6550 0.906786 
2.6650 0.938356 
2.6750 0.914337 
2.6850 0.916255 
2.6950 0.918857 
2.7050 0.933577 
2.7150 0.924539 
2.7250 0.941013 
2.7350 0.945706 
2.7450 0.954508 
2.7550 0.967435 
2.7650 0.958995 
2.7750 0.964542 
2.7850 0.980947 
2.7950 0.977077 
2.8050 0.975002 
2.8150 0.988462 
2.8250 0.999073 
2.8350 1.036572 
2.8450 1.051658 
2.8550 1.025790 
2.8650 1.054118 
2.8750 1.044837 
2.8850 1.060309 
2.8950 1.088787 
2.9050 1.122956 
2.9150 1.115150 
2.9250 1.159198 
2.9350 1.180281 
2.9450 1.183394 
2.9550 1.222019 
2.9650 1.246426 
2.9750 1.323872 
2.9850 1.343221 
2.9950 1.440955 
3.0050 1.471311 
3.0150 1.533117 
3.0250 1.392003 
3.0350 1.249226 
3.0450 1.171722 
3.0550 1.054529 
3.0650 1.038344 
3.0750 1.027131 
3.0850 0.980703 
3.0950 0.982458 
3.1050 0.957542 
3.1150 0.964822 
3.1250 0.971181 
3.1350 0.933800 
3.1450 0.928578 
3.1550 0.952149 
3.1650 0.920126 
3.1750 0.977270 
3.1850 0.954847 
3.1950 0.959304 
3.2050 0.937078 
3.2150 0.960023 
3.2250 0.949387 
3.2350 0.932366 
3.2450 0.937193 
3.2550 0.928380 
3.2650 0.922319 
3.2750 0.925670 
3.2850 0.951963 
3.2950 0.965715 
3.3050 0.965334 
3.3150 0.933815 
3.3250 0.989398 
3.3350 0.966998 
3.3450 0.962756 
3.3550 0.940185 
3.3650 0.953052 
3.3750 0.946102 
3.3850 0.939950 
3.3950 0.969482 
3.4050 0.949458 
3.4150 0.960431 
3.4250 0.986523 
3.4350 0.964981 
3.4450 0.947859 
3.4550 0.956210 
3.4650 0.951183 
3.4750 0.961224 
3.4850 0.968238 
3.4950 0.951351 
3.5050 0.958133 
3.5150 0.980182 
3.5250 0.976168 
3.5350 0.964410 
3.5450 0.973925 
3.5550 0.963996 
3.5650 0.943805 
3.5750 0.960118 
3.5850 0.967750 
3.5950 0.975935 
3.6050 0.989840 
3.6150 0.987366 
3.6250 0.974429 
3.6350 0.986176 
3.6450 0.961862 
3.6550 0.936838 
3.6650 0.966516 
3.6750 0.980997 
3.6850 0.981286 
3.6950 0.947498 
3.7050 0.968747 
3.7150 0.994532 
3.7250 0.987434 
3.7350 0.987657 
3.7450 0.998088 
3.7550 1.009374 
3.7650 0.993293 
3.7750 0.998550 
3.7850 0.984977 
3.7950 1.011755 
3.8050 1.010943 
3.8150 1.014081 
3.8250 1.019977 
3.8350 1.021068 
3.8450 1.011586 
3.8550 1.011805 
3.8650 1.048475 
3.8750 1.026987 
3.8850 1.039187 
3.8950 1.044407 
3.9050 1.030739 
3.9150 1.056144 
3.9250 1.039333 
3.9350 1.061087 
3.9450 1.056709 
3.9550 1.056637 
3.9650 1.067028 
3.9750 1.066133 
3.9850 1.084005 
3.9950 1.110887 
4.0050 1.116789 
4.0150 1.114394 
4.0250 1.099876 
4.0350 1.074956 
4.0450 1.055658 
4.0550 0.987110 
4.0650 1.022480 
4.0750 0.996063 
4.0850 0.990969 
4.0950 0.978524 
4.1050 1.004714 
4.1150 0.982713 
4.1250 0.975709 
4.1350 0.968511 
4.1450 0.981161 
4.1550 0.980965 
4.1650 0.981508 
4.1750 0.986742 
4.1850 0.978704 
4.1950 0.957591 
4.2050 0.978225 
4.2150 0.982950 
4.2250 0.952035 
4.2350 0.959567 
4.2450 0.982541 
4.2550 0.988177 
4.2650 0.981389 
4.2750 0.996727 
4.2850 1.014309 
4.2950 0.990039 
4.3050 1.008728 
4.3150 0.999077 
4.3250 0.954655 
4.3350 0.974283 
4.3450 0.986083 
4.3550 0.971013 
4.3650 0.981511 
4.3750 0.986584 
4.3850 0.959480 
4.3950 0.966585 
4.4050 0.982961 
4.4150 0.971183 
4.4250 0.962591 
4.4350 0.970744 
4.4450 0.984711 
4.4550 0.983848 
4.4650 0.979386 
4.4750 1.000696 
4.4850 1.001005 
4.4950 0.990919 