
0.0050 0.000000 
0.0150 0.000000 
0.0250 0.000000 
0.0350 0.000000 
0.0450 0.000000 
0.0550 0.000000 
0.0650 0.000000 
0.0750 0.000000 
0.0850 0.000000 
0.0950 0.000000 
0.1050 0.000000 
0.1150 0.000000 
0.1250 0.000000 
0.1350 0.000000 
0.1450 0.000000 
0.1550 0.000000 
0.1650 0.000000 
0.1750 0.000000 
0.1850 0.000000 
0.1950 0.000000 
0.2050 0.000000 
0.2150 0.000000 
0.2250 0.000000 
0.2350 0.000000 
0.2450 0.000000 
0.2550 0.000000 
0.2650 0.000000 
0.2750 0.000000 
0.2850 0.000000 
0.2950 0.000000 
0.3050 0.000000 
0.3150 0.000000 
0.3250 0.000000 
0.3350 0.000000 
0.3450 0.000000 
0.3550 0.000000 
0.3650 0.000000 
0.3750 0.000451 
0.3850 0.003514 
0.3950 0.007923 
0.4050 0.009819 
0.4150 0.010605 
0.4250 0.010756 
0.4350 0.014211 
0.4450 0.013324 
0.4550 0.016572 
0.4650 0.021686 
0.4750 0.023911 
0.4850 0.023598 
0.4950 0.031691 
0.5050 0.033757 
0.5150 0.039696 
0.5250 0.045412 
0.5350 0.048060 
0.5450 0.053883 
0.5550 0.057051 
0.5650 0.061009 
0.5750 0.061876 
0.5850 0.073167 
0.5950 0.075945 
0.6050 0.082985 
0.6150 0.085514 
0.6250 0.084972 
0.6350 0.097965 
0.6450 0.097907 
0.6550 0.106027 
0.6650 0.115567 
0.6750 0.110592 
0.6850 0.125623 
0.6950 0.129946 
0.7050 0.135837 
0.7150 0.139185 
0.7250 0.143614 
0.7350 0.149891 
0.7450 0.160798 
0.7550 0.168487 
0.7650 0.167077 
0.7750 0.167131 
0.7850 0.184532 
0.7950 0.189077 
0.8050 0.193933 
0.8150 0.200447 
0.8250 0.202366 
0.8350 0.213417 
0.8450 0.219169 
0.8550 0.222496 
0.8650 0.248195 
0.8750 0.285961 
0.8850 0.327884 
0.8950 0.430354 
0.9050 0.666487 
0.9150 1.108078 
0.9250 1.850731 
0.9350 2.906524 
0.9450 4.144663 
0.9550 5.280188 
0.9650 6.125189 
0.9750 6.509215 
0.9850 6.394929 
0.9950 5.879250 
1.0050 5.074679 
1.0150 4.105510 
1.0250 3.162062 
1.0350 2.356340 
1.0450 1.721445 
1.0550 1.286641 
1.0650 0.957543 
1.0750 0.784748 
1.0850 0.657793 
1.0950 0.592168 
1.1050 0.542772 
1.1150 0.532649 
1.1250 0.519598 
1.1350 0.489946 
1.1450 0.493654 
1.1550 0.497373 
1.1650 0.515304 
1.1750 0.503751 
1.1850 0.514992 
1.1950 0.509202 
1.2050 0.521771 
1.2150 0.537011 
1.2250 0.536336 
1.2350 0.551766 
1.2450 0.562700 
1.2550 0.569655 
1.2650 0.562539 
1.2750 0.566709 
1.2850 0.579447 
1.2950 0.580656 
1.3050 0.585835 
1.3150 0.600863 
1.3250 0.602914 
1.3350 0.605254 
1.3450 0.601976 
1.3550 0.624001 
1.3650 0.627574 
1.3750 0.638729 
1.3850 0.646520 
1.3950 0.650467 
1.4050 0.655452 
1.4150 0.658195 
1.4250 0.657425 
1.4350 0.675522 
1.4450 0.677125 
1.4550 0.679644 
1.4650 0.688713 
1.4750 0.699049 
1.4850 0.698726 
1.4950 0.693896 
1.5050 0.710799 
1.5150 0.714519 
1.5250 0.726084 
1.5350 0.728043 
1.5450 0.733182 
1.5550 0.746930 
1.5650 0.738245 
1.5750 0.742463 
1.5850 0.761011 
1.5950 0.767551 
1.6050 0.765284 
1.6150 0.760612 
1.6250 0.774863 
1.6350 0.783038 
1.6450 0.783847 
1.6550 0.792954 
1.6650 0.781896 
1.6750 0.787490 
1.6850 0.792156 
1.6950 0.816265 
1.7050 0.812744 
1.7150 0.816634 
1.7250 0.825925 
1.7350 0.839244 
1.7450 0.840370 
1.7550 0.857689 
1.7650 0.878201 
1.7750 0.894295 
1.7850 0.907339 
1.7950 0.932324 
1.8050 0.973501 
1.8150 0.996341 
1.8250 1.052352 
1.8350 1.081126 
1.8450 1.124497 
1.8550 1.177073 
1.8650 1.242597 
1.8750 1.286878 
1.8850 1.352489 
1.8950 1.415289 
1.9050 1.487567 
1.9150 1.556104 
1.9250 1.617983 
1.9350 1.695295 
1.9450 1.736192 
1.9550 1.769242 
1.9650 1.815565 
1.9750 1.813187 
1.9850 1.787849 
1.9950 1.744092 
2.0050 1.666851 
2.0150 1.569936 
2.0250 1.452332 
2.0350 1.333906 
2.0450 1.220564 
2.0550 1.135473 
2.0650 1.054391 
2.0750 0.994224 
2.0850 0.961763 
2.0950 0.925900 
2.1050 0.899429 
2.1150 0.889651 
2.1250 0.874658 
2.1350 0.863206 
2.1450 0.865047 
2.1550 0.861637 
2.1650 0.856245 
2.1750 0.842927 
2.1850 0.848308 
2.1950 0.848696 
2.2050 0.869544 
2.2150 0.876661 
2.2250 0.855715 
2.2350 0.847268 
2.2450 0.853096 
2.2550 0.860463 
2.2650 0.853163 
2.2750 0.852427 
2.2850 0.860823 
2.2950 0.863448 
2.3050 0.854668 
2.3150 0.858072 
2.3250 0.858249 
2.3350 0.866734 
2.3450 0.868331 
2.3550 0.865704 
2.3650 0.878206 
2.3750 0.876963 
2.3850 0.887127 
2.3950 0.894994 
2.4050 0.891458 
2.4150 0.890358 
2.4250 0.892686 
2.4350 0.888220 
2.4450 0.880924 
2.4550 0.900183 
2.4650 0.905451 
2.4750 0.905530 
2.4850 0.917304 
2.4950 0.913669 
2.5050 0.903545 
2.5150 0.925417 
2.5250 0.917697 
2.5350 0.925819 
2.5450 0.922558 
2.5550 0.940769 
2.5650 0.943140 
2.5750 0.938123 
2.5850 0.939330 
2.5950 0.944974 
2.6050 0.939023 
2.6150 0.942566 
2.6250 0.940285 
2.6350 0.948987 
2.6450 0.949705 
2.6550 0.952253 
2.6650 0.952888 
2.6750 0.958409 
2.6850 0.973060 
2.6950 0.980622 
2.7050 0.987813 
2.7150 0.982355 
2.7250 0.989957 
2.7350 1.000473 
2.7450 1.000884 
2.7550 1.005668 
2.7650 1.010973 
2.7750 1.020894 
2.7850 1.035808 
2.7950 1.040062 
2.8050 1.044286 
2.8150 1.068009 
2.8250 1.077371 
2.8350 1.078161 
2.8450 1.098421 
2.8550 1.092545 
2.8650 1.108464 
2.8750 1.119575 
2.8850 1.119287 
2.8950 1.135305 
2.9050 1.132992 
2.9150 1.145862 
2.9250 1.159345 
2.9350 1.143107 
2.9450 1.153430 
2.9550 1.158011 
2.9650 1.156189 
2.9750 1.166249 
2.9850 1.164211 
2.9950 1.152678 
3.0050 1.160629 
3.0150 1.143797 
3.0250 1.117294 
3.0350 1.100010 
3.0450 1.066468 
3.0550 1.045544 
3.0650 1.033685 
3.0750 1.006970 
3.0850 0.990017 
3.0950 0.980441 
3.1050 0.964675 
3.1150 0.965453 
3.1250 0.949617 
3.1350 0.948966 
3.1450 0.962568 
3.1550 0.944667 
3.1650 0.955711 
3.1750 0.949446 
3.1850 0.945423 
3.1950 0.949508 
3.2050 0.936464 
3.2150 0.941828 
3.2250 0.950023 
3.2350 0.959436 
3.2450 0.949711 
3.2550 0.946010 
3.2650 0.950241 
3.2750 0.946430 
3.2850 0.948032 
3.2950 0.951076 
3.3050 0.961090 
3.3150 0.955770 
3.3250 0.964320 
3.3350 0.969511 
3.3450 0.966796 
3.3550 0.968022 
3.3650 0.964133 
3.3750 0.965183 
3.3850 0.970750 
3.3950 0.974142 
3.4050 0.976334 
3.4150 0.973554 
3.4250 0.968744 
3.4350 0.961445 
3.4450 0.978073 
3.4550 0.970815 
3.4650 0.969745 
3.4750 0.970995 
3.4850 0.993786 
3.4950 0.993345 
3.5050 0.990247 
3.5150 0.988236 
3.5250 1.002421 
3.5350 1.001526 
3.5450 0.988619 
3.5550 0.997270 
3.5650 0.983992 
3.5750 1.003805 
3.5850 0.992802 
3.5950 0.995635 
3.6050 0.991169 
3.6150 0.992193 
3.6250 0.992409 
3.6350 0.991189 
3.6450 0.989294 
3.6550 0.989891 
3.6650 0.990391 
3.6750 0.988235 
3.6850 0.988505 
3.6950 0.984722 
3.7050 0.987678 
3.7150 0.984470 
3.7250 0.989937 
3.7350 1.001306 
3.7450 1.006470 
3.7550 1.012564 
3.7650 1.012922 
3.7750 1.010990 
3.7850 1.013882 
3.7950 1.016624 
3.8050 1.021037 
3.8150 1.015225 
3.8250 1.015459 
3.8350 1.023990 
3.8450 1.021619 
3.8550 1.023388 
3.8650 1.010076 
3.8750 1.022550 
3.8850 1.022365 
3.8950 1.022379 
3.9050 1.032076 
3.9150 1.036020 
3.9250 1.032337 
3.9350 1.045783 
3.9450 1.044609 
3.9550 1.039679 
3.9650 1.046315 
3.9750 1.039426 
3.9850 1.049550 
3.9950 1.046648 
4.0050 1.048438 
4.0150 1.042954 
4.0250 1.036094 
4.0350 1.027126 
4.0450 1.024506 
4.0550 1.006708 
4.0650 0.993776 
4.0750 0.991382 
4.0850 0.986361 
4.0950 0.974136 
4.1050 0.975601 
4.1150 0.984855 
4.1250 0.968741 
4.1350 0.971800 
4.1450 0.977302 
4.1550 0.971349 
4.1650 0.966493 
4.1750 0.962132 
4.1850 0.970608 
4.1950 0.963220 
4.2050 0.965326 
4.2150 0.974710 
4.2250 0.965055 
4.2350 0.973021 
4.2450 0.963032 
4.2550 0.973801 
4.2650 0.974529 
4.2750 0.979356 
4.2850 0.984042 
4.2950 0.980777 
4.3050 0.982476 
4.3150 0.982740 
4.3250 0.987294 
4.3350 0.983757 
4.3450 0.976986 
4.3550 0.973665 
4.3650 0.978081 
4.3750 0.977021 
4.3850 0.980844 
4.3950 0.978420 
4.4050 0.975735 
4.4150 0.983585 
4.4250 0.987958 
4.4350 0.990807 
4.4450 1.000186 
4.4550 1.002361 
4.4650 1.003644 
4.4750 1.004749 
4.4850 1.011344 
4.4950 1.008583 