
0.0050 0.000000 
0.0150 0.000000 
0.0250 0.000000 
0.0350 0.000000 
0.0450 0.000000 
0.0550 0.000000 
0.0650 0.000000 
0.0750 0.000000 
0.0850 0.000000 
0.0950 0.000000 
0.1050 0.000000 
0.1150 0.000000 
0.1250 0.000000 
0.1350 0.000000 
0.1450 0.000000 
0.1550 0.000000 
0.1650 0.000504 
0.1750 0.015227 
0.1850 0.018483 
0.1950 0.038972 
0.2050 0.054247 
0.2150 0.059567 
0.2250 0.068521 
0.2350 0.074232 
0.2450 0.078457 
0.2550 0.089605 
0.2650 0.105955 
0.2750 0.117772 
0.2850 0.109281 
0.2950 0.127907 
0.3050 0.141464 
0.3150 0.131690 
0.3250 0.141456 
0.3350 0.159968 
0.3450 0.159558 
0.3550 0.177252 
0.3650 0.173156 
0.3750 0.189111 
0.3850 0.184262 
0.3950 0.194002 
0.4050 0.203476 
0.4150 0.216170 
0.4250 0.218911 
0.4350 0.232623 
0.4450 0.245536 
0.4550 0.243922 
0.4650 0.241831 
0.4750 0.256957 
0.4850 0.258530 
0.4950 0.266207 
0.5050 0.265018 
0.5150 0.283311 
0.5250 0.273279 
0.5350 0.293914 
0.5450 0.304611 
0.5550 0.311713 
0.5650 0.297529 
0.5750 0.308939 
0.5850 0.331430 
0.5950 0.327905 
0.6050 0.316211 
0.6150 0.326583 
0.6250 0.349542 
0.6350 0.349970 
0.6450 0.351701 
0.6550 0.353250 
0.6650 0.354370 
0.6750 0.367297 
0.6850 0.356015 
0.6950 0.376380 
0.7050 0.397137 
0.7150 0.388171 
0.7250 0.401392 
0.7350 0.415297 
0.7450 0.413643 
0.7550 0.414061 
0.7650 0.422365 
0.7750 0.442426 
0.7850 0.454390 
0.7950 0.467019 
0.8050 0.475105 
0.8150 0.494067 
0.8250 0.514326 
0.8350 0.519827 
0.8450 0.548678 
0.8550 0.556042 
0.8650 0.586372 
0.8750 0.616598 
0.8850 0.647203 
0.8950 0.689785 
0.9050 0.715807 
0.9150 0.766028 
0.9250 0.822537 
0.9350 0.883767 
0.9450 0.917831 
0.9550 0.997669 
0.9650 1.052992 
0.9750 1.100805 
0.9850 1.184336 
0.9950 1.234077 
1.0050 1.299199 
1.0150 1.348350 
1.0250 1.407606 
1.0350 1.457240 
1.0450 1.472809 
1.0550 1.485257 
1.0650 1.521887 
1.0750 1.527781 
1.0850 1.547240 
1.0950 1.521961 
1.1050 1.537726 
1.1150 1.511302 
1.1250 1.537343 
1.1350 1.486967 
1.1450 1.475303 
1.1550 1.428693 
1.1650 1.399790 
1.1750 1.351998 
1.1850 1.310478 
1.1950 1.274932 
1.2050 1.218384 
1.2150 1.182913 
1.2250 1.124620 
1.2350 1.102288 
1.2450 1.062704 
1.2550 1.020417 
1.2650 0.995521 
1.2750 0.973959 
1.2850 0.943236 
1.2950 0.921419 
1.3050 0.908959 
1.3150 0.893183 
1.3250 0.883570 
1.3350 0.872565 
1.3450 0.853286 
1.3550 0.838510 
1.3650 0.851082 
1.3750 0.852487 
1.3850 0.840808 
1.3950 0.845020 
1.4050 0.846681 
1.4150 0.836194 
1.4250 0.850233 
1.4350 0.850276 
1.4450 0.838623 
1.4550 0.829242 
1.4650 0.846266 
1.4750 0.837481 
1.4850 0.854739 
1.4950 0.850126 
1.5050 0.848864 
1.5150 0.837983 
1.5250 0.855010 
1.5350 0.872929 
1.5450 0.851382 
1.5550 0.855369 
1.5650 0.866505 
1.5750 0.849312 
1.5850 0.864333 
1.5950 0.869905 
1.6050 0.852904 
1.6150 0.874815 
1.6250 0.890362 
1.6350 0.880389 
1.6450 0.896441 
1.6550 0.888874 
1.6650 0.892373 
1.6750 0.895167 
1.6850 0.900311 
1.6950 0.903127 
1.7050 0.896443 
1.7150 0.894467 
1.7250 0.904645 
1.7350 0.915641 
1.7450 0.919708 
1.7550 0.923389 
1.7650 0.922575 
1.7750 0.932261 
1.7850 0.930020 
1.7950 0.941889 
1.8050 0.941937 
1.8150 0.945892 
1.8250 0.967823 
1.8350 0.952508 
1.8450 0.954396 
1.8550 0.940976 
1.8650 0.949915 
1.8750 0.958347 
1.8850 0.958126 
1.8950 0.960431 
1.9050 0.964193 
1.9150 0.964479 
1.9250 0.965739 
1.9350 0.964205 
1.9450 0.985483 
1.9550 0.966908 
1.9650 0.983131 
1.9750 0.972066 
1.9850 0.995717 
1.9950 0.988683 
2.0050 0.990454 
2.0150 1.005522 
2.0250 1.009978 
2.0350 1.017456 
2.0450 1.018509 
2.0550 1.035310 
2.0650 1.032543 
2.0750 1.023543 
2.0850 1.047087 
2.0950 1.059109 
2.1050 1.040613 
2.1150 1.055825 
2.1250 1.057261 
2.1350 1.060286 
2.1450 1.059577 
2.1550 1.079257 
2.1650 1.078664 
2.1750 1.073520 
2.1850 1.074133 
2.1950 1.075713 
2.2050 1.071234 
2.2150 1.070768 
2.2250 1.064776 
2.2350 1.057422 
2.2450 1.067150 
2.2550 1.045222 
2.2650 1.046050 
2.2750 1.042289 
2.2850 1.042375 
2.2950 1.043169 
2.3050 1.037578 
2.3150 1.039271 
2.3250 1.036796 
2.3350 1.028887 
2.3450 1.015470 
2.3550 1.015885 
2.3650 1.002492 
2.3750 1.002130 
2.3850 1.001413 
2.3950 0.998169 
2.4050 0.987737 
2.4150 0.984894 
2.4250 0.979924 
2.4350 0.990932 
2.4450 0.980175 
2.4550 0.983886 
2.4650 0.973522 
2.4750 0.981684 
2.4850 0.974371 
2.4950 0.974448 
2.5050 0.971418 
2.5150 0.974565 
2.5250 0.975385 
2.5350 0.982808 
2.5450 0.970859 
2.5550 0.977974 
2.5650 0.973602 
2.5750 0.988120 
2.5850 0.993267 
2.5950 0.983122 
2.6050 0.981062 
2.6150 0.985817 
2.6250 0.968847 
2.6350 0.969135 
2.6450 0.986681 
2.6550 0.985740 
2.6650 0.991287 
2.6750 0.981292 
2.6850 0.985414 
2.6950 0.983287 
2.7050 0.977383 
2.7150 0.990826 
2.7250 0.985627 
2.7350 0.980123 
2.7450 0.989329 
2.7550 0.980096 
2.7650 0.989050 
2.7750 0.993133 
2.7850 0.980916 
2.7950 0.983959 
2.8050 0.978477 
2.8150 0.993474 
2.8250 0.983426 
2.8350 0.986689 
2.8450 0.988096 
2.8550 0.990181 
2.8650 0.985030 
2.8750 0.988390 
2.8850 0.984022 
2.8950 0.981249 
2.9050 0.992388 
2.9150 0.991189 
2.9250 0.991694 
2.9350 0.988554 
2.9450 0.993043 
2.9550 0.990035 
2.9650 0.983615 
2.9750 0.994140 
2.9850 0.994596 
2.9950 0.991024 
3.0050 0.991089 
3.0150 1.002017 
3.0250 1.003911 
3.0350 0.994833 
3.0450 1.000446 
3.0550 1.006973 
3.0650 0.993370 
3.0750 0.994733 
3.0850 1.006787 
3.0950 0.998511 
3.1050 1.009043 
3.1150 0.999770 
3.1250 1.001036 
3.1350 1.013123 
3.1450 1.005502 
3.1550 1.015168 
3.1650 1.011911 
3.1750 1.018453 
3.1850 1.010588 
3.1950 1.012623 
3.2050 1.013097 
3.2150 1.012504 
3.2250 1.021674 
3.2350 1.010114 
3.2450 1.017179 
3.2550 1.017868 
3.2650 1.019942 
3.2750 1.016571 
3.2850 1.014210 
3.2950 1.016587 
3.3050 1.003502 
3.3150 1.005226 
3.3250 1.005551 
3.3350 1.000899 
3.3450 1.006937 
3.3550 1.008962 
3.3650 0.995878 
3.3750 1.002840 
3.3850 1.004480 
3.3950 1.004574 
3.4050 0.990425 
3.4150 1.000252 
3.4250 1.005202 
3.4350 0.993241 
3.4450 0.996321 
3.4550 0.997872 
3.4650 1.004475 
3.4750 0.989356 
3.4850 0.997222 
3.4950 0.989796 
3.5050 0.994834 
3.5150 0.994101 
3.5250 0.993905 
3.5350 1.005978 
3.5450 1.001021 
3.5550 1.000494 
3.5650 0.988214 
3.5750 0.992058 
3.5850 0.990344 
3.5950 0.998014 
3.6050 0.997622 
3.6150 0.987839 
3.6250 0.996184 
3.6350 0.999754 
3.6450 0.990421 
3.6550 0.999158 
3.6650 0.991278 
3.6750 0.999314 
3.6850 0.992358 
3.6950 1.008265 
3.7050 0.994396 
3.7150 0.999160 
3.7250 0.985781 
3.7350 0.997596 
3.7450 0.999206 
3.7550 0.992312 
3.7650 1.001130 
3.7750 0.994811 
3.7850 0.999305 
3.7950 0.998884 
3.8050 0.986506 
3.8150 0.996771 
3.8250 0.988801 
3.8350 0.991402 
3.8450 1.003154 
3.8550 0.990503 
3.8650 0.999718 
3.8750 0.997826 
3.8850 0.993918 
3.8950 0.991084 
3.9050 0.993193 
3.9150 0.989414 
3.9250 0.990426 
3.9350 0.989021 
3.9450 0.996687 
3.9550 0.995274 
3.9650 0.993134 
3.9750 0.992597 
3.9850 1.000585 
3.9950 0.997805 
4.0050 0.996534 
4.0150 0.998657 
4.0250 0.996434 
4.0350 1.005205 
4.0450 0.997499 
4.0550 1.000422 
4.0650 0.999416 
4.0750 0.994405 
4.0850 0.999324 
4.0950 1.000814 
4.1050 1.005569 
4.1150 0.997785 
4.1250 1.003582 
4.1350 1.004613 
4.1450 1.005288 
4.1550 0.992721 
4.1650 1.013653 
4.1750 1.011413 
4.1850 0.999309 
4.1950 1.001967 
4.2050 1.005406 
4.2150 1.005479 
4.2250 1.004115 
4.2350 1.005383 
4.2450 1.002795 
4.2550 1.001969 
4.2650 0.997577 
4.2750 1.004812 
4.2850 1.000792 
4.2950 0.998445 
4.3050 1.013676 
4.3150 1.003657 
4.3250 1.004267 
4.3350 1.007400 
4.3450 0.997051 
4.3550 0.999066 
4.3650 1.009461 
4.3750 1.002013 
4.3850 1.000511 
4.3950 0.998977 
4.4050 1.006733 
4.4150 1.000153 
4.4250 1.001743 
4.4350 0.995764 
4.4450 1.004363 
4.4550 0.997368 
4.4650 0.993259 
4.4750 1.004769 
4.4850 0.997151 
4.4950 0.990614 