
0.0050 0.000000 
0.0150 0.000000 
0.0250 0.000000 
0.0350 0.000000 
0.0450 0.000000 
0.0550 0.000000 
0.0650 0.000000 
0.0750 0.000000 
0.0850 0.000000 
0.0950 0.000000 
0.1050 0.000000 
0.1150 0.000000 
0.1250 0.000000 
0.1350 0.000000 
0.1450 0.000000 
0.1550 0.000000 
0.1650 0.000000 
0.1750 0.000000 
0.1850 0.000000 
0.1950 0.000000 
0.2050 0.000000 
0.2150 0.000000 
0.2250 0.000000 
0.2350 0.000000 
0.2450 0.000000 
0.2550 0.000000 
0.2650 0.000000 
0.2750 0.000000 
0.2850 0.000000 
0.2950 0.000000 
0.3050 0.000000 
0.3150 0.000000 
0.3250 0.000000 
0.3350 0.000000 
0.3450 0.000490 
0.3550 0.011182 
0.3650 0.023149 
0.3750 0.038768 
0.3850 0.048537 
0.3950 0.061027 
0.4050 0.079176 
0.4150 0.080758 
0.4250 0.097803 
0.4350 0.109012 
0.4450 0.123910 
0.4550 0.137230 
0.4650 0.147249 
0.4750 0.150248 
0.4850 0.163788 
0.4950 0.183467 
0.5050 0.184740 
0.5150 0.197330 
0.5250 0.212353 
0.5350 0.212861 
0.5450 0.230326 
0.5550 0.244261 
0.5650 0.251397 
0.5750 0.265521 
0.5850 0.269151 
0.5950 0.281225 
0.6050 0.287005 
0.6150 0.306276 
0.6250 0.309843 
0.6350 0.316244 
0.6450 0.315595 
0.6550 0.336250 
0.6650 0.344143 
0.6750 0.360747 
0.6850 0.368180 
0.6950 0.366713 
0.7050 0.390984 
0.7150 0.391978 
0.7250 0.405967 
0.7350 0.416686 
0.7450 0.428718 
0.7550 0.436939 
0.7650 0.444168 
0.7750 0.446269 
0.7850 0.467943 
0.7950 0.477725 
0.8050 0.496994 
0.8150 0.482995 
0.8250 0.501633 
0.8350 0.510242 
0.8450 0.530036 
0.8550 0.538015 
0.8650 0.545023 
0.8750 0.577082 
0.8850 0.578874 
0.8950 0.585861 
0.9050 0.600412 
0.9150 0.600776 
0.9250 0.614301 
0.9350 0.643849 
0.9450 0.649063 
0.9550 0.671655 
0.9650 0.683981 
0.9750 0.702785 
0.9850 0.718180 
0.9950 0.741577 
1.0050 0.783251 
1.0150 0.799840 
1.0250 0.810203 
1.0350 0.840791 
1.0450 0.843714 
1.0550 0.862016 
1.0650 0.852599 
1.0750 0.876825 
1.0850 0.876009 
1.0950 0.900983 
1.1050 0.913469 
1.1150 0.924814 
1.1250 0.910869 
1.1350 0.933683 
1.1450 0.931747 
1.1550 0.948450 
1.1650 0.960402 
1.1750 0.942537 
1.1850 0.937711 
1.1950 0.963801 
1.2050 0.955623 
1.2150 0.969063 
1.2250 0.967870 
1.2350 0.987624 
1.2450 0.998773 
1.2550 0.979358 
1.2650 0.979402 
1.2750 0.992762 
1.2850 0.981813 
1.2950 0.994883 
1.3050 0.998927 
1.3150 1.012707 
1.3250 1.005801 
1.3350 1.008394 
1.3450 1.009427 
1.3550 1.018253 
1.3650 1.038454 
1.3750 1.009826 
1.3850 1.022896 
1.3950 1.019567 
1.4050 1.029770 
1.4150 1.029153 
1.4250 1.018482 
1.4350 1.020569 
1.4450 1.027826 
1.4550 1.029058 
1.4650 1.043675 
1.4750 1.052249 
1.4850 1.055591 
1.4950 1.038218 
1.5050 1.039170 
1.5150 1.052958 
1.5250 1.052906 
1.5350 1.043455 
1.5450 1.044072 
1.5550 1.057694 
1.5650 1.058377 
1.5750 1.066478 
1.5850 1.067420 
1.5950 1.051702 
1.6050 1.059640 
1.6150 1.079270 
1.6250 1.069654 
1.6350 1.071592 
1.6450 1.077193 
1.6550 1.076844 
1.6650 1.055881 
1.6750 1.057142 
1.6850 1.060059 
1.6950 1.043697 
1.7050 1.047761 
1.7150 1.048940 
1.7250 1.055254 
1.7350 1.041117 
1.7450 1.030274 
1.7550 1.032157 
1.7650 1.034504 
1.7750 1.042743 
1.7850 1.029022 
1.7950 1.017024 
1.8050 1.019308 
1.8150 1.010178 
1.8250 1.007419 
1.8350 1.002875 
1.8450 1.003565 
1.8550 0.997157 
1.8650 1.010146 
1.8750 1.002404 
1.8850 0.998188 
1.8950 0.999336 
1.9050 1.005404 
1.9150 1.013060 
1.9250 0.997116 
1.9350 0.994271 
1.9450 0.991720 
1.9550 0.990331 
1.9650 0.978304 
1.9750 0.980804 
1.9850 0.995244 
1.9950 0.985685 
2.0050 0.984744 
2.0150 0.982965 
2.0250 0.982890 
2.0350 0.994195 
2.0450 0.986504 
2.0550 0.993939 
2.0650 0.967373 
2.0750 0.980347 
2.0850 0.977459 
2.0950 0.980799 
2.1050 0.990561 
2.1150 0.981565 
2.1250 0.983030 
2.1350 0.972672 
2.1450 0.990577 
2.1550 0.995904 
2.1650 0.984408 
2.1750 0.987240 
2.1850 0.990319 
2.1950 0.989127 
2.2050 0.983101 
2.2150 0.990054 
2.2250 0.984193 
2.2350 0.982553 
2.2450 0.990101 
2.2550 0.997620 
2.2650 0.995414 
2.2750 0.982145 
2.2850 0.994874 
2.2950 0.979935 
2.3050 0.975915 
2.3150 1.003275 
2.3250 0.997315 
2.3350 0.988587 
2.3450 0.986422 
2.3550 1.003836 
2.3650 0.999420 
2.3750 0.991514 
2.3850 1.003671 
2.3950 0.986749 
2.4050 0.999998 
2.4150 0.996538 
2.4250 1.000191 
2.4350 1.000621 
2.4450 0.997341 
2.4550 1.006726 
2.4650 0.992698 
2.4750 0.997191 
2.4850 0.997177 
2.4950 0.988734 
2.5050 0.998786 
2.5150 1.000499 
2.5250 1.002571 
2.5350 0.992857 
2.5450 1.004112 
2.5550 1.000056 
2.5650 0.990566 
2.5750 0.996022 
2.5850 1.009108 
2.5950 1.008060 
2.6050 1.001572 
2.6150 1.005563 
2.6250 0.998124 
2.6350 0.999211 
2.6450 1.003035 
2.6550 1.004481 
2.6650 1.002163 
2.6750 1.003824 
2.6850 1.003945 
2.6950 1.016881 
2.7050 1.009147 
2.7150 1.002477 
2.7250 1.001534 
2.7350 1.005381 
2.7450 1.015772 
2.7550 0.998996 
2.7650 1.010912 
2.7750 1.005334 
2.7850 1.005384 
2.7950 1.011399 
2.8050 1.006428 
2.8150 0.998212 
2.8250 1.000950 
2.8350 1.011872 
2.8450 1.001770 
2.8550 0.996979 
2.8650 0.999564 
2.8750 1.006829 
2.8850 1.003316 
2.8950 0.997552 
2.9050 1.010107 
2.9150 1.007850 
2.9250 1.005229 
2.9350 1.002567 
2.9450 1.002740 
2.9550 1.007107 
2.9650 0.999045 
2.9750 1.004516 
2.9850 1.008347 
2.9950 1.000246 
3.0050 1.003923 
3.0150 1.001279 
3.0250 1.003572 
3.0350 0.997002 
3.0450 0.997413 
3.0550 0.997708 
3.0650 0.995127 
3.0750 1.001963 
3.0850 1.005484 
3.0950 0.993758 
3.1050 1.009566 
3.1150 0.998918 
3.1250 0.997423 
3.1350 0.998584 
3.1450 0.994109 
3.1550 0.993755 
3.1650 1.000077 
3.1750 1.004770 
3.1850 1.003312 
3.1950 1.000390 
3.2050 1.000076 
3.2150 0.998486 
3.2250 1.002130 
3.2350 1.005541 
3.2450 0.990192 
3.2550 1.001106 
3.2650 1.003466 
3.2750 1.001399 
3.2850 1.000334 
3.2950 1.001222 
3.3050 0.999258 
3.3150 0.993307 
3.3250 0.993488 
3.3350 0.999310 
3.3450 1.010926 
3.3550 0.994687 
3.3650 1.003782 
3.3750 0.997949 
3.3850 0.998366 
3.3950 1.008025 
3.4050 1.009791 
3.4150 1.011172 
3.4250 0.996861 
3.4350 1.002728 
3.4450 1.001957 
3.4550 1.000843 
3.4650 0.999934 
3.4750 0.995928 
3.4850 0.995504 
3.4950 0.993247 
3.5050 1.006865 
3.5150 0.983394 
3.5250 0.992328 
3.5350 0.995525 
3.5450 0.994747 
3.5550 0.999604 
3.5650 0.997404 
3.5750 0.999451 
3.5850 1.004540 
3.5950 1.002987 
3.6050 1.004408 
3.6150 0.999646 
3.6250 0.998331 
3.6350 0.999683 
3.6450 1.002975 
3.6550 1.003652 
3.6650 1.003578 
3.6750 1.004179 
3.6850 1.003778 
3.6950 1.006482 
3.7050 0.996451 
3.7150 0.995522 
3.7250 0.996573 
3.7350 1.003344 
3.7450 0.999229 
3.7550 1.004613 
3.7650 0.997700 
3.7750 0.997916 
3.7850 1.005995 
3.7950 0.999043 
3.8050 1.003884 
3.8150 0.998857 
3.8250 0.999156 
3.8350 1.000234 
3.8450 1.002642 
3.8550 1.000355 
3.8650 1.008217 
3.8750 0.996457 
3.8850 0.991363 
3.8950 0.997826 
3.9050 0.997881 
3.9150 1.002502 
3.9250 1.008102 
3.9350 1.007239 
3.9450 1.005860 
3.9550 1.000833 
3.9650 1.002497 
3.9750 1.000731 
3.9850 1.002517 
3.9950 1.012537 
4.0050 1.005548 
4.0150 0.999829 
4.0250 0.996881 
4.0350 1.008830 
4.0450 0.999656 
4.0550 0.993839 
4.0650 1.002699 
4.0750 1.001480 
4.0850 1.004204 
4.0950 0.997973 
4.1050 1.005339 
4.1150 0.992609 
4.1250 0.998231 
4.1350 1.004530 
4.1450 1.007620 
4.1550 0.995027 
4.1650 0.997283 
4.1750 0.990163 
4.1850 0.997653 
4.1950 1.004231 
4.2050 0.993850 
4.2150 1.002983 
4.2250 1.005046 
4.2350 0.989990 
4.2450 1.005879 
4.2550 1.000542 
4.2650 1.009070 
4.2750 1.012997 
4.2850 1.001831 
4.2950 1.002329 
4.3050 0.997301 
4.3150 0.999097 
4.3250 0.999559 
4.3350 1.003058 
4.3450 1.004592 
4.3550 0.998300 
4.3650 0.999778 
4.3750 1.001583 
4.3850 0.995107 
4.3950 0.988776 
4.4050 1.002674 
4.4150 1.006103 
4.4250 1.005146 
4.4350 0.997616 
4.4450 1.000745 
4.4550 0.993642 
4.4650 1.002801 
4.4750 1.003029 
4.4850 1.007281 
4.4950 1.009934 