
0.0050 0.000000 
0.0150 0.000000 
0.0250 0.000000 
0.0350 0.000000 
0.0450 0.000000 
0.0550 0.000000 
0.0650 0.000000 
0.0750 0.000000 
0.0850 0.000000 
0.0950 0.000000 
0.1050 0.000000 
0.1150 0.000000 
0.1250 0.000000 
0.1350 0.000000 
0.1450 0.000000 
0.1550 0.000000 
0.1650 0.000000 
0.1750 0.000000 
0.1850 0.000000 
0.1950 0.000000 
0.2050 0.000000 
0.2150 0.000000 
0.2250 0.000000 
0.2350 0.000000 
0.2450 0.000000 
0.2550 0.000000 
0.2650 0.000000 
0.2750 0.000000 
0.2850 0.000000 
0.2950 0.000000 
0.3050 0.000000 
0.3150 0.000000 
0.3250 0.000000 
0.3350 0.000000 
0.3450 0.000000 
0.3550 0.000000 
0.3650 0.000000 
0.3750 0.000000 
0.3850 0.000000 
0.3950 0.000000 
0.4050 0.000000 
0.4150 0.000000 
0.4250 0.000000 
0.4350 0.000000 
0.4450 0.000000 
0.4550 0.000000 
0.4650 0.000000 
0.4750 0.000000 
0.4850 0.000000 
0.4950 0.000000 
0.5050 0.000000 
0.5150 0.000000 
0.5250 0.000000 
0.5350 0.000000 
0.5450 0.000000 
0.5550 0.000000 
0.5650 0.000000 
0.5750 0.000000 
0.5850 0.000000 
0.5950 0.000000 
0.6050 0.000000 
0.6150 0.000000 
0.6250 0.000000 
0.6350 0.000000 
0.6450 0.000000 
0.6550 0.000000 
0.6650 0.000000 
0.6750 0.000000 
0.6850 0.000000 
0.6950 0.000000 
0.7050 0.000000 
0.7150 0.000000 
0.7250 0.000000 
0.7350 0.000000 
0.7450 0.000000 
0.7550 0.000000 
0.7650 0.000000 
0.7750 0.000000 
0.7850 0.000000 
0.7950 0.000000 
0.8050 0.000000 
0.8150 0.000000 
0.8250 0.000000 
0.8350 0.000000 
0.8450 0.000000 
0.8550 0.000000 
0.8650 0.000000 
0.8750 0.000000 
0.8850 0.000000 
0.8950 0.000000 
0.9050 0.000000 
0.9150 0.000000 
0.9250 0.000000 
0.9350 0.000000 
0.9450 0.008115 
0.9550 0.061117 
0.9650 0.139163 
0.9750 0.233533 
0.9850 0.411563 
0.9950 4.549843 
1.0050 10.221441 
1.0150 6.360513 
1.0250 3.831646 
1.0350 2.538022 
1.0450 1.952298 
1.0550 1.631997 
1.0650 1.488427 
1.0750 1.351560 
1.0850 1.272603 
1.0950 1.225137 
1.1050 1.164870 
1.1150 1.148886 
1.1250 1.121134 
1.1350 1.117160 
1.1450 1.082569 
1.1550 1.084312 
1.1650 1.071897 
1.1750 1.050255 
1.1850 1.023147 
1.1950 1.031181 
1.2050 1.027331 
1.2150 1.020735 
1.2250 1.018425 
1.2350 1.013113 
1.2450 1.008709 
1.2550 1.001587 
1.2650 0.993700 
1.2750 0.989082 
1.2850 0.977098 
1.2950 0.997914 
1.3050 0.968392 
1.3150 0.972282 
1.3250 0.981780 
1.3350 0.945945 
1.3450 0.964697 
1.3550 0.956155 
1.3650 0.947300 
1.3750 0.943601 
1.3850 0.928186 
1.3950 0.928714 
1.4050 0.923464 
1.4150 0.929809 
1.4250 0.942413 
1.4350 0.939140 
1.4450 0.898343 
1.4550 0.918532 
1.4650 0.918342 
1.4750 0.907566 
1.4850 0.911132 
1.4950 0.917506 
1.5050 0.903715 
1.5150 0.892304 
1.5250 0.896101 
1.5350 0.901683 
1.5450 0.887577 
1.5550 0.888641 
1.5650 0.899621 
1.5750 0.902004 
1.5850 0.885126 
1.5950 0.900418 
1.6050 0.884505 
1.6150 0.894854 
1.6250 0.889837 
1.6350 0.869578 
1.6450 0.875365 
1.6550 0.876181 
1.6650 0.883448 
1.6750 0.877017 
1.6850 0.867368 
1.6950 0.869622 
1.7050 0.883970 
1.7150 0.870067 
1.7250 0.885336 
1.7350 0.886795 
1.7450 0.886084 
1.7550 0.876815 
1.7650 0.866539 
1.7750 0.875336 
1.7850 0.875040 
1.7950 0.894590 
1.8050 0.882170 
1.8150 0.894641 
1.8250 0.901360 
1.8350 0.905911 
1.8450 0.905413 
1.8550 0.911366 
1.8650 0.906951 
1.8750 0.918847 
1.8850 0.922778 
1.8950 0.936944 
1.9050 0.962443 
1.9150 0.973490 
1.9250 0.971153 
1.9350 0.988620 
1.9450 1.027299 
1.9550 1.060557 
1.9650 1.113347 
1.9750 1.156434 
1.9850 1.245314 
1.9950 1.333861 
2.0050 1.518643 
2.0150 1.497471 
2.0250 1.390940 
2.0350 1.260011 
2.0450 1.170844 
2.0550 1.129070 
2.0650 1.093120 
2.0750 1.054387 
2.0850 1.047538 
2.0950 1.044059 
2.1050 1.024944 
2.1150 1.026452 
2.1250 1.007398 
2.1350 1.014378 
2.1450 1.004202 
2.1550 1.001297 
2.1650 1.006670 
2.1750 1.009753 
2.1850 1.005064 
2.1950 1.005128 
2.2050 1.001510 
2.2150 1.000857 
2.2250 0.997982 
2.2350 0.994444 
2.2450 1.003539 
2.2550 0.997393 
2.2650 0.999413 
2.2750 0.983234 
2.2850 0.993565 
2.2950 0.979041 
2.3050 0.985037 
2.3150 0.976915 
2.3250 0.985625 
2.3350 0.982291 
2.3450 0.977820 
2.3550 0.986996 
2.3650 0.990782 
2.3750 0.991334 
2.3850 1.003170 
2.3950 0.989353 
2.4050 0.976115 
2.4150 0.988256 
2.4250 0.991345 
2.4350 0.984649 
2.4450 0.979267 
2.4550 0.980961 
2.4650 0.981255 
2.4750 0.979785 
2.4850 0.968764 
2.4950 0.988460 
2.5050 0.978687 
2.5150 0.976094 
2.5250 0.976773 
2.5350 0.972220 
2.5450 0.973075 
2.5550 0.972319 
2.5650 0.978768 
2.5750 0.969994 
2.5850 0.972863 
2.5950 0.983880 
2.6050 0.984573 
2.6150 0.969537 
2.6250 0.971061 
2.6350 0.976986 
2.6450 0.987909 
2.6550 0.970124 
2.6650 0.973548 
2.6750 0.972439 
2.6850 0.972837 
2.6950 0.952960 
2.7050 0.987560 
2.7150 0.975270 
2.7250 0.974552 
2.7350 0.978810 
2.7450 0.984533 
2.7550 0.993782 
2.7650 0.981537 
2.7750 0.989776 
2.7850 0.990127 
2.7950 0.993657 
2.8050 0.983506 
2.8150 0.987278 
2.8250 0.995502 
2.8350 0.992540 
2.8450 0.997081 
2.8550 0.986048 
2.8650 0.993356 
2.8750 1.000495 
2.8850 0.997418 
2.8950 0.997612 
2.9050 0.997304 
2.9150 1.009288 
2.9250 1.011368 
2.9350 1.009122 
2.9450 1.019319 
2.9550 1.015962 
2.9650 1.023587 
2.9750 1.017680 
2.9850 1.023529 
2.9950 1.046241 
3.0050 1.050107 
3.0150 1.047708 
3.0250 1.036928 
3.0350 1.034954 
3.0450 1.027938 
3.0550 1.014054 
3.0650 1.011756 
3.0750 1.013532 
3.0850 1.008838 
3.0950 1.003982 
3.1050 0.999487 
3.1150 0.991973 
3.1250 0.994687 
3.1350 1.003385 
3.1450 1.001614 
3.1550 1.001480 
3.1650 0.987459 
3.1750 0.986751 
3.1850 0.997136 
3.1950 1.001060 
3.2050 0.994632 
3.2150 0.989389 
3.2250 0.999743 
3.2350 0.997319 
3.2450 0.994171 
3.2550 1.006623 
3.2650 0.998568 
3.2750 0.998396 
3.2850 0.990753 
3.2950 0.990503 
3.3050 0.997473 
3.3150 0.999035 
3.3250 1.007377 
3.3350 0.995771 
3.3450 0.999497 
3.3550 1.004399 
3.3650 0.998648 
3.3750 1.000280 
3.3850 1.002914 
3.3950 1.003415 
3.4050 1.005571 
3.4150 0.995869 
3.4250 0.997211 
3.4350 0.994138 
3.4450 1.000144 
3.4550 0.996858 
3.4650 0.998132 
3.4750 1.001663 
3.4850 1.000167 
3.4950 0.997236 
3.5050 0.997689 
3.5150 0.995755 
3.5250 0.999267 
3.5350 0.991243 
3.5450 0.994144 
3.5550 0.992651 
3.5650 0.987375 
3.5750 0.994474 
3.5850 0.995951 
3.5950 0.987475 
3.6050 0.989294 
3.6150 0.997445 
3.6250 0.995335 
3.6350 1.001730 
3.6450 0.987605 
3.6550 0.990851 
3.6650 0.993985 
3.6750 0.995078 
3.6850 0.998022 
3.6950 1.000348 
3.7050 0.996751 
3.7150 0.991493 
3.7250 0.994047 
3.7350 0.999038 
3.7450 0.996101 
3.7550 0.993656 
3.7650 0.998791 
3.7750 0.997848 
3.7850 1.009724 
3.7950 1.000034 
3.8050 0.992868 
3.8150 1.004328 
3.8250 1.008548 
3.8350 1.005588 
3.8450 1.004689 
3.8550 1.001753 
3.8650 0.992060 
3.8750 1.006523 
3.8850 1.001866 
3.8950 0.991567 
3.9050 0.998932 
3.9150 0.994548 
3.9250 0.994415 
3.9350 0.997326 
3.9450 0.996471 
3.9550 1.003212 
3.9650 1.001202 
3.9750 0.995028 
3.9850 1.000520 
3.9950 0.994529 
4.0050 1.006637 
4.0150 1.006242 
4.0250 0.997093 
4.0350 1.016462 
4.0450 1.003695 
4.0550 1.004303 
4.0650 1.007013 
4.0750 1.001605 
4.0850 1.004455 
4.0950 1.000814 
4.1050 1.000067 
4.1150 0.998762 
4.1250 0.995598 
4.1350 0.989986 
4.1450 1.001140 
4.1550 1.001554 
4.1650 1.008231 
4.1750 1.003872 
4.1850 0.998635 
4.1950 1.000091 
4.2050 1.000726 
4.2150 1.005581 
4.2250 0.996987 
4.2350 0.999302 
4.2450 1.008237 
4.2550 1.008363 
4.2650 0.995290 
4.2750 0.993525 
4.2850 1.000613 
4.2950 1.007987 
4.3050 0.996506 
4.3150 1.014463 
4.3250 1.000687 
4.3350 0.999959 
4.3450 1.013334 
4.3550 1.010499 
4.3650 0.998426 
4.3750 0.994738 
4.3850 0.994970 
4.3950 0.994636 
4.4050 1.003937 
4.4150 1.002770 
4.4250 1.000506 
4.4350 1.006914 
4.4450 0.999667 
4.4550 1.002188 
4.4650 0.998547 
4.4750 1.002379 
4.4850 1.004782 
4.4950 0.994764 