
0.0050 0.000000 
0.0150 0.000000 
0.0250 0.000000 
0.0350 0.000000 
0.0450 0.000000 
0.0550 0.000000 
0.0650 0.000000 
0.0750 0.000000 
0.0850 0.000000 
0.0950 0.000000 
0.1050 0.000000 
0.1150 0.000000 
0.1250 0.000000 
0.1350 0.000000 
0.1450 0.000000 
0.1550 0.000000 
0.1650 0.000000 
0.1750 0.000000 
0.1850 0.000000 
0.1950 0.000000 
0.2050 0.000000 
0.2150 0.000000 
0.2250 0.000000 
0.2350 0.000000 
0.2450 0.000000 
0.2550 0.000000 
0.2650 0.000000 
0.2750 0.000000 
0.2850 0.000000 
0.2950 0.000000 
0.3050 0.000000 
0.3150 0.000000 
0.3250 0.000000 
0.3350 0.000000 
0.3450 0.000000 
0.3550 0.000000 
0.3650 0.000000 
0.3750 0.000000 
0.3850 0.000000 
0.3950 0.000000 
0.4050 0.000000 
0.4150 0.000000 
0.4250 0.000000 
0.4350 0.000000 
0.4450 0.000000 
0.4550 0.000000 
0.4650 0.000000 
0.4750 0.000000 
0.4850 0.000000 
0.4950 0.000000 
0.5050 0.000000 
0.5150 0.000000 
0.5250 0.000000 
0.5350 0.000000 
0.5450 0.000000 
0.5550 0.000000 
0.5650 0.000000 
0.5750 0.000000 
0.5850 0.000000 
0.5950 0.000000 
0.6050 0.000000 
0.6150 0.000000 
0.6250 0.000000 
0.6350 0.000000 
0.6450 0.000000 
0.6550 0.000000 
0.6650 0.000000 
0.6750 0.000000 
0.6850 0.000000 
0.6950 0.000000 
0.7050 0.000000 
0.7150 0.000000 
0.7250 0.000000 
0.7350 0.000000 
0.7450 0.000000 
0.7550 0.000000 
0.7650 0.000000 
0.7750 0.000000 
0.7850 0.000000 
0.7950 0.000000 
0.8050 0.000000 
0.8150 0.000000 
0.8250 0.000000 
0.8350 0.000000 
0.8450 0.000000 
0.8550 0.000000 
0.8650 0.000000 
0.8750 0.000000 
0.8850 0.000000 
0.8950 0.000000 
0.9050 0.000000 
0.9150 0.000000 
0.9250 0.000000 
0.9350 0.000000 
0.9450 0.017401 
0.9550 0.110991 
0.9650 0.219870 
0.9750 0.367168 
0.9850 0.514605 
0.9950 0.701577 
1.0050 0.976774 
1.0150 1.169404 
1.0250 1.293764 
1.0350 1.404943 
1.0450 1.522732 
1.0550 1.580767 
1.0650 1.600334 
1.0750 1.563390 
1.0850 1.541503 
1.0950 1.529903 
1.1050 1.512494 
1.1150 1.507172 
1.1250 1.487998 
1.1350 1.476298 
1.1450 1.453405 
1.1550 1.444937 
1.1650 1.451914 
1.1750 1.453909 
1.1850 1.441548 
1.1950 1.412047 
1.2050 1.378363 
1.2150 1.362572 
1.2250 1.352747 
1.2350 1.356413 
1.2450 1.328774 
1.2550 1.325569 
1.2650 1.336444 
1.2750 1.316969 
1.2850 1.279537 
1.2950 1.309029 
1.3050 1.268764 
1.3150 1.252728 
1.3250 1.243695 
1.3350 1.248220 
1.3450 1.225968 
1.3550 1.222370 
1.3650 1.207508 
1.3750 1.209185 
1.3850 1.186560 
1.3950 1.169152 
1.4050 1.179145 
1.4150 1.149790 
1.4250 1.165229 
1.4350 1.151605 
1.4450 1.145908 
1.4550 1.141169 
1.4650 1.133639 
1.4750 1.102308 
1.4850 1.107327 
1.4950 1.090580 
1.5050 1.092093 
1.5150 1.080457 
1.5250 1.087111 
1.5350 1.070875 
1.5450 1.069989 
1.5550 1.060550 
1.5650 1.035736 
1.5750 1.024573 
1.5850 1.044364 
1.5950 1.032269 
1.6050 1.037615 
1.6150 1.027773 
1.6250 1.017474 
1.6350 1.007823 
1.6450 1.014277 
1.6550 0.997590 
1.6650 0.999771 
1.6750 0.979596 
1.6850 0.983581 
1.6950 0.973009 
1.7050 0.970724 
1.7150 0.968467 
1.7250 0.963315 
1.7350 0.956843 
1.7450 0.951767 
1.7550 0.958671 
1.7650 0.952675 
1.7750 0.942800 
1.7850 0.945619 
1.7950 0.938748 
1.8050 0.941464 
1.8150 0.940009 
1.8250 0.931409 
1.8350 0.931002 
1.8450 0.928701 
1.8550 0.930569 
1.8650 0.928891 
1.8750 0.921399 
1.8850 0.915572 
1.8950 0.927207 
1.9050 0.929932 
1.9150 0.911214 
1.9250 0.918653 
1.9350 0.917273 
1.9450 0.928733 
1.9550 0.919187 
1.9650 0.918565 
1.9750 0.919377 
1.9850 0.929477 
1.9950 0.916393 
2.0050 0.918140 
2.0150 0.938654 
2.0250 0.938545 
2.0350 0.945281 
2.0450 0.949443 
2.0550 0.945833 
2.0650 0.952766 
2.0750 0.955351 
2.0850 0.955042 
2.0950 0.959875 
2.1050 0.969493 
2.1150 0.966132 
2.1250 0.968714 
2.1350 0.987561 
2.1450 0.984761 
2.1550 0.981233 
2.1650 0.986736 
2.1750 0.994272 
2.1850 0.998571 
2.1950 0.998198 
2.2050 0.997441 
2.2150 0.986775 
2.2250 1.002706 
2.2350 0.995974 
2.2450 0.999618 
2.2550 1.004594 
2.2650 1.011714 
2.2750 1.007540 
2.2850 1.009274 
2.2950 1.001385 
2.3050 1.000091 
2.3150 1.012763 
2.3250 1.008122 
2.3350 1.015747 
2.3450 1.011789 
2.3550 1.010441 
2.3650 1.018755 
2.3750 1.012315 
2.3850 1.018472 
2.3950 1.013479 
2.4050 1.016133 
2.4150 1.007970 
2.4250 1.009356 
2.4350 1.017365 
2.4450 1.017303 
2.4550 1.019992 
2.4650 1.025815 
2.4750 1.018086 
2.4850 1.016096 
2.4950 1.020220 
2.5050 1.023561 
2.5150 1.024563 
2.5250 1.017737 
2.5350 1.014405 
2.5450 1.020638 
2.5550 1.009859 
2.5650 1.015095 
2.5750 1.017667 
2.5850 1.023130 
2.5950 1.017514 
2.6050 1.006856 
2.6150 1.009061 
2.6250 1.002489 
2.6350 1.014751 
2.6450 1.013992 
2.6550 1.019422 
2.6650 1.008738 
2.6750 1.011750 
2.6850 1.002099 
2.6950 1.010442 
2.7050 1.007282 
2.7150 1.009090 
2.7250 1.001722 
2.7350 1.011977 
2.7450 1.007924 
2.7550 1.006102 
2.7650 0.998265 
2.7750 1.006536 
2.7850 1.001148 
2.7950 1.009441 
2.8050 1.012189 
2.8150 1.012791 
2.8250 1.005672 
2.8350 1.006232 
2.8450 1.007059 
2.8550 1.003568 
2.8650 1.003503 
2.8750 0.997312 
2.8850 1.007169 
2.8950 1.004434 
2.9050 0.998363 
2.9150 0.999549 
2.9250 0.994968 
2.9350 1.008015 
2.9450 1.006572 
2.9550 0.989601 
2.9650 0.995959 
2.9750 0.994485 
2.9850 1.005396 
2.9950 0.989682 
3.0050 0.994134 
3.0150 1.000571 
3.0250 0.996335 
3.0350 0.999144 
3.0450 0.997890 
3.0550 0.984804 
3.0650 0.997527 
3.0750 0.996930 
3.0850 0.999026 
3.0950 0.988399 
3.1050 1.003287 
3.1150 0.995926 
3.1250 0.993346 
3.1350 0.992010 
3.1450 0.997208 
3.1550 0.991722 
3.1650 0.987567 
3.1750 1.000406 
3.1850 1.001325 
3.1950 0.998008 
3.2050 0.999729 
3.2150 0.987820 
3.2250 0.996800 
3.2350 0.998905 
3.2450 0.991615 
3.2550 1.000160 
3.2650 1.011586 
3.2750 1.002365 
3.2850 0.993383 
3.2950 1.009138 
3.3050 0.995713 
3.3150 1.001124 
3.3250 0.993771 
3.3350 1.001002 
3.3450 0.991775 
3.3550 0.998153 
3.3650 0.997606 
3.3750 1.006413 
3.3850 1.009685 
3.3950 0.995177 
3.4050 0.995424 
3.4150 0.996545 
3.4250 1.002005 
3.4350 1.001184 
3.4450 0.997066 
3.4550 0.998466 
3.4650 0.997983 
3.4750 0.999694 
3.4850 0.995357 
3.4950 1.003427 
3.5050 0.999666 
3.5150 1.001497 
3.5250 0.995628 
3.5350 0.998017 
3.5450 1.002058 
3.5550 0.998425 
3.5650 1.009232 
3.5750 1.010050 
3.5850 0.999148 
3.5950 1.004509 
3.6050 1.002249 
3.6150 1.007502 
3.6250 1.011497 
3.6350 0.992859 
3.6450 1.000840 
3.6550 1.001850 
3.6650 1.005724 
3.6750 0.996125 
3.6850 0.999786 
3.6950 0.998149 
3.7050 1.007740 
3.7150 0.996605 
3.7250 1.002934 
3.7350 1.002039 
3.7450 1.001422 
3.7550 0.997711 
3.7650 1.000994 
3.7750 0.997508 
3.7850 1.003418 
3.7950 0.998005 
3.8050 1.006851 
3.8150 1.000067 
3.8250 1.004725 
3.8350 1.004004 
3.8450 0.998059 
3.8550 1.001021 
3.8650 1.003148 
3.8750 0.996126 
3.8850 0.998255 
3.8950 1.004920 
3.9050 1.001955 
3.9150 1.004818 
3.9250 1.005596 
3.9350 1.002717 
3.9450 1.001610 
3.9550 1.001720 
3.9650 1.004611 
3.9750 1.007553 
3.9850 1.006144 
3.9950 1.000910 
4.0050 1.010653 
4.0150 0.999126 
4.0250 0.995371 
4.0350 1.003699 
4.0450 0.999127 
4.0550 0.995168 
4.0650 1.000404 
4.0750 1.007253 
4.0850 1.004769 
4.0950 1.010382 
4.1050 1.003610 
4.1150 0.994833 
4.1250 0.994706 
4.1350 1.007965 
4.1450 0.999942 
4.1550 1.002254 
4.1650 1.003465 
4.1750 1.003995 
4.1850 1.009081 
4.1950 0.994707 
4.2050 1.001357 
4.2150 1.002902 
4.2250 0.999781 
4.2350 0.999807 
4.2450 0.996407 
4.2550 1.001226 
4.2650 0.999282 
4.2750 1.005112 
4.2850 1.001831 
4.2950 1.000238 
4.3050 1.006045 
4.3150 0.999057 
4.3250 0.992497 
4.3350 1.001972 
4.3450 1.001264 
4.3550 1.004645 
4.3650 1.006991 
4.3750 0.997574 
4.3850 0.999594 
4.3950 1.003026 
4.4050 0.995740 
4.4150 0.991608 
4.4250 1.003928 
4.4350 0.995301 
4.4450 1.004171 
4.4550 1.001881 
4.4650 1.000597 
4.4750 1.000314 
4.4850 0.996579 
4.4950 1.003044 