
0.0050 0.000000 
0.0150 0.000000 
0.0250 0.000000 
0.0350 0.000000 
0.0450 0.000000 
0.0550 0.000000 
0.0650 0.000000 
0.0750 0.000000 
0.0850 0.000000 
0.0950 0.000000 
0.1050 0.000000 
0.1150 0.000000 
0.1250 0.000000 
0.1350 0.000000 
0.1450 0.000000 
0.1550 0.000000 
0.1650 0.000000 
0.1750 0.000000 
0.1850 0.000000 
0.1950 0.000000 
0.2050 0.000000 
0.2150 0.000000 
0.2250 0.000000 
0.2350 0.000000 
0.2450 0.000000 
0.2550 0.000000 
0.2650 0.000000 
0.2750 0.000000 
0.2850 0.000000 
0.2950 0.000000 
0.3050 0.000000 
0.3150 0.000000 
0.3250 0.000000 
0.3350 0.000000 
0.3450 0.000000 
0.3550 0.000000 
0.3650 0.001620 
0.3750 0.010819 
0.3850 0.029649 
0.3950 0.036402 
0.4050 0.049511 
0.4150 0.061792 
0.4250 0.072306 
0.4350 0.087793 
0.4450 0.097834 
0.4550 0.107997 
0.4650 0.114628 
0.4750 0.137043 
0.4850 0.140539 
0.4950 0.144752 
0.5050 0.165762 
0.5150 0.171140 
0.5250 0.180516 
0.5350 0.191132 
0.5450 0.201049 
0.5550 0.217189 
0.5650 0.220892 
0.5750 0.247652 
0.5850 0.250714 
0.5950 0.263524 
0.6050 0.271840 
0.6150 0.282237 
0.6250 0.283740 
0.6350 0.288541 
0.6450 0.311642 
0.6550 0.315615 
0.6650 0.320876 
0.6750 0.338326 
0.6850 0.343106 
0.6950 0.354111 
0.7050 0.374578 
0.7150 0.383055 
0.7250 0.385317 
0.7350 0.402450 
0.7450 0.415128 
0.7550 0.402790 
0.7650 0.435602 
0.7750 0.421453 
0.7850 0.444958 
0.7950 0.458989 
0.8050 0.475211 
0.8150 0.495738 
0.8250 0.495854 
0.8350 0.509120 
0.8450 0.525098 
0.8550 0.531043 
0.8650 0.561465 
0.8750 0.558881 
0.8850 0.577526 
0.8950 0.589382 
0.9050 0.613778 
0.9150 0.626564 
0.9250 0.663021 
0.9350 0.683486 
0.9450 0.709110 
0.9550 0.717873 
0.9650 0.766984 
0.9750 0.789748 
0.9850 0.818021 
0.9950 0.839306 
1.0050 0.883405 
1.0150 0.880286 
1.0250 0.915314 
1.0350 0.902642 
1.0450 0.918354 
1.0550 0.914216 
1.0650 0.921361 
1.0750 0.941857 
1.0850 0.935023 
1.0950 0.948169 
1.1050 0.946958 
1.1150 0.947451 
1.1250 0.940506 
1.1350 0.949913 
1.1450 0.956251 
1.1550 0.946382 
1.1650 0.983316 
1.1750 0.969684 
1.1850 0.964918 
1.1950 0.956164 
1.2050 0.979407 
1.2150 0.955935 
1.2250 0.982632 
1.2350 0.980855 
1.2450 0.989522 
1.2550 0.980921 
1.2650 1.003749 
1.2750 1.003803 
1.2850 1.013683 
1.2950 0.991654 
1.3050 1.005726 
1.3150 1.004337 
1.3250 0.992728 
1.3350 0.997464 
1.3450 1.015644 
1.3550 1.000808 
1.3650 1.030639 
1.3750 1.010882 
1.3850 1.024745 
1.3950 1.011246 
1.4050 1.015555 
1.4150 1.033073 
1.4250 1.020039 
1.4350 1.041685 
1.4450 1.033083 
1.4550 1.038444 
1.4650 1.040237 
1.4750 1.030025 
1.4850 1.028976 
1.4950 1.032794 
1.5050 1.042744 
1.5150 1.047323 
1.5250 1.050834 
1.5350 1.041619 
1.5450 1.046559 
1.5550 1.045890 
1.5650 1.057122 
1.5750 1.058671 
1.5850 1.045872 
1.5950 1.070224 
1.6050 1.054107 
1.6150 1.065365 
1.6250 1.064399 
1.6350 1.061094 
1.6450 1.042101 
1.6550 1.054295 
1.6650 1.063164 
1.6750 1.062291 
1.6850 1.036797 
1.6950 1.042387 
1.7050 1.027225 
1.7150 1.038931 
1.7250 1.027331 
1.7350 1.020590 
1.7450 1.039279 
1.7550 1.017168 
1.7650 1.022600 
1.7750 1.020945 
1.7850 1.020984 
1.7950 1.011647 
1.8050 1.007241 
1.8150 1.001425 
1.8250 0.995297 
1.8350 1.006041 
1.8450 0.991806 
1.8550 1.013551 
1.8650 0.996542 
1.8750 0.999624 
1.8850 0.996284 
1.8950 0.998163 
1.9050 0.985986 
1.9150 0.988212 
1.9250 0.992633 
1.9350 0.985397 
1.9450 0.987547 
1.9550 0.973288 
1.9650 0.979347 
1.9750 0.990191 
1.9850 0.989777 
1.9950 0.979946 
2.0050 0.985511 
2.0150 0.983685 
2.0250 0.972932 
2.0350 0.987183 
2.0450 0.986963 
2.0550 0.986954 
2.0650 0.980531 
2.0750 0.979523 
2.0850 0.978279 
2.0950 0.995441 
2.1050 0.979479 
2.1150 0.998494 
2.1250 0.984839 
2.1350 0.981998 
2.1450 0.978108 
2.1550 0.975126 
2.1650 0.985553 
2.1750 0.989047 
2.1850 0.983475 
2.1950 0.981107 
2.2050 0.994185 
2.2150 0.983225 
2.2250 0.981620 
2.2350 0.993680 
2.2450 0.988045 
2.2550 1.003646 
2.2650 0.991829 
2.2750 0.985563 
2.2850 0.997567 
2.2950 0.977142 
2.3050 0.982850 
2.3150 0.991608 
2.3250 0.977648 
2.3350 0.996713 
2.3450 0.999834 
2.3550 0.990661 
2.3650 0.988397 
2.3750 0.996696 
2.3850 0.984570 
2.3950 0.985035 
2.4050 1.005826 
2.4150 0.987584 
2.4250 0.999628 
2.4350 1.004763 
2.4450 0.994998 
2.4550 0.996525 
2.4650 1.004731 
2.4750 0.998124 
2.4850 1.000376 
2.4950 1.006276 
2.5050 0.999435 
2.5150 0.997270 
2.5250 1.001047 
2.5350 1.001827 
2.5450 0.998570 
2.5550 1.003970 
2.5650 1.000631 
2.5750 1.006247 
2.5850 1.005900 
2.5950 1.010432 
2.6050 1.005806 
2.6150 0.997619 
2.6250 1.014082 
2.6350 1.005050 
2.6450 1.000547 
2.6550 1.000102 
2.6650 0.994848 
2.6750 1.008363 
2.6850 1.012893 
2.6950 1.005493 
2.7050 1.016574 
2.7150 1.005563 
2.7250 0.998271 
2.7350 0.997254 
2.7450 0.992662 
2.7550 1.004675 
2.7650 1.007016 
2.7750 0.993534 
2.7850 1.006766 
2.7950 1.010787 
2.8050 0.995912 
2.8150 1.012639 
2.8250 1.006398 
2.8350 1.002824 
2.8450 0.997653 
2.8550 1.000034 
2.8650 1.002190 
2.8750 1.004956 
2.8850 1.007020 
2.8950 1.008244 
2.9050 0.994360 
2.9150 0.996117 
2.9250 1.003387 
2.9350 1.006879 
2.9450 1.002798 
2.9550 1.004387 
2.9650 1.006629 
2.9750 1.003251 
2.9850 1.008289 
2.9950 1.006784 
3.0050 0.998915 
3.0150 1.006413 
3.0250 1.009848 
3.0350 0.997989 
3.0450 1.005135 
3.0550 1.001683 
3.0650 0.998671 
3.0750 1.011141 
3.0850 1.007785 
3.0950 1.005473 
3.1050 1.002929 
3.1150 1.005177 
3.1250 1.005606 
3.1350 0.998693 
3.1450 1.000961 
3.1550 0.999474 
3.1650 1.007885 
3.1750 0.998332 
3.1850 1.000090 
3.1950 1.003121 
3.2050 0.986601 
3.2150 1.000641 
3.2250 0.995050 
3.2350 0.995971 
3.2450 0.995173 
3.2550 1.000580 
3.2650 1.006112 
3.2750 1.005943 
3.2850 1.000412 
3.2950 0.997510 
3.3050 1.006633 
3.3150 1.010979 
3.3250 0.996240 
3.3350 0.997822 
3.3450 1.007065 
3.3550 0.998791 
3.3650 0.999945 
3.3750 0.993337 
3.3850 1.004328 
3.3950 0.998729 
3.4050 0.994017 
3.4150 0.998800 
3.4250 0.999708 
3.4350 0.992918 
3.4450 0.996818 
3.4550 1.000398 
3.4650 1.001736 
3.4750 1.006881 
3.4850 1.004217 
3.4950 0.990824 
3.5050 0.999348 
3.5150 0.993468 
3.5250 1.000699 
3.5350 0.994872 
3.5450 1.003313 
3.5550 0.998401 
3.5650 1.001507 
3.5750 1.006174 
3.5850 1.003252 
3.5950 0.999156 
3.6050 0.995060 
3.6150 1.000355 
3.6250 1.000384 
3.6350 1.000977 
3.6450 1.007152 
3.6550 1.001639 
3.6650 0.999680 
3.6750 1.005901 
3.6850 0.998509 
3.6950 1.003982 
3.7050 1.006840 
3.7150 0.998354 
3.7250 0.996459 
3.7350 0.998627 
3.7450 0.997105 
3.7550 1.005411 
3.7650 1.003834 
3.7750 0.994788 
3.7850 1.000413 
3.7950 0.993294 
3.8050 1.001748 
3.8150 0.998453 
3.8250 0.994057 
3.8350 0.999454 
3.8450 1.007714 
3.8550 1.003373 
3.8650 1.006402 
3.8750 0.996126 
3.8850 1.007415 
3.8950 1.000395 
3.9050 1.002087 
3.9150 1.000120 
3.9250 1.001237 
3.9350 1.007000 
3.9450 0.998054 
3.9550 0.990969 
3.9650 1.004957 
3.9750 0.999354 
3.9850 0.997107 
3.9950 0.995685 
4.0050 0.992946 
4.0150 0.999680 
4.0250 1.004510 
4.0350 1.007558 
4.0450 0.998154 
4.0550 1.001793 
4.0650 0.998342 
4.0750 0.996504 
4.0850 1.006297 
4.0950 0.993690 
4.1050 1.003505 
4.1150 0.997245 
4.1250 1.005904 
4.1350 1.006909 
4.1450 1.002110 
4.1550 0.997662 
4.1650 0.996256 
4.1750 1.003565 
4.1850 1.002744 
4.1950 1.005883 
4.2050 0.996230 
4.2150 1.002110 
4.2250 1.001807 
4.2350 1.001161 
4.2450 1.007995 
4.2550 0.993545 
4.2650 0.997617 
4.2750 1.002711 
4.2850 1.002709 
4.2950 1.004640 
4.3050 0.988418 
4.3150 1.008812 
4.3250 1.000766 
4.3350 1.003058 
4.3450 1.002091 
4.3550 1.006393 
4.3650 0.991213 
4.3750 0.999901 
4.3850 1.006813 
4.3950 1.000398 
4.4050 0.999897 
4.4150 0.999146 
4.4250 1.001028 
4.4350 1.004214 
4.4450 1.003824 
4.4550 1.005203 
4.4650 0.999314 
4.4750 0.992552 
4.4850 0.999307 
4.4950 1.004547 