
0.0050 0.000000 
0.0150 0.000000 
0.0250 0.000000 
0.0350 0.000000 
0.0450 0.000000 
0.0550 0.000000 
0.0650 0.000000 
0.0750 0.000000 
0.0850 0.000000 
0.0950 0.000000 
0.1050 0.000000 
0.1150 0.000000 
0.1250 0.000000 
0.1350 0.000000 
0.1450 0.000000 
0.1550 0.000000 
0.1650 0.000000 
0.1750 0.000000 
0.1850 0.000000 
0.1950 0.000000 
0.2050 0.000000 
0.2150 0.000000 
0.2250 0.000000 
0.2350 0.000000 
0.2450 0.000000 
0.2550 0.000000 
0.2650 0.000000 
0.2750 0.000000 
0.2850 0.000000 
0.2950 0.000000 
0.3050 0.000000 
0.3150 0.000000 
0.3250 0.000000 
0.3350 0.000000 
0.3450 0.000000 
0.3550 0.000000 
0.3650 0.000000 
0.3750 0.000000 
0.3850 0.000000 
0.3950 0.000000 
0.4050 0.000000 
0.4150 0.000000 
0.4250 0.000000 
0.4350 0.000000 
0.4450 0.000000 
0.4550 0.000000 
0.4650 0.000000 
0.4750 0.000000 
0.4850 0.000000 
0.4950 0.000000 
0.5050 0.000000 
0.5150 0.000000 
0.5250 0.000000 
0.5350 0.000000 
0.5450 0.000000 
0.5550 0.000000 
0.5650 0.000000 
0.5750 0.000000 
0.5850 0.003920 
0.5950 0.020414 
0.6050 0.037771 
0.6150 0.059128 
0.6250 0.069474 
0.6350 0.092076 
0.6450 0.098961 
0.6550 0.119004 
0.6650 0.135510 
0.6750 0.154804 
0.6850 0.164105 
0.6950 0.185009 
0.7050 0.189279 
0.7150 0.216272 
0.7250 0.219880 
0.7350 0.240289 
0.7450 0.259012 
0.7550 0.281751 
0.7650 0.292997 
0.7750 0.317682 
0.7850 0.315503 
0.7950 0.340146 
0.8050 0.344723 
0.8150 0.372796 
0.8250 0.404835 
0.8350 0.405930 
0.8450 0.420502 
0.8550 0.441507 
0.8650 0.459962 
0.8750 0.469237 
0.8850 0.502845 
0.8950 0.509630 
0.9050 0.530385 
0.9150 0.556832 
0.9250 0.560883 
0.9350 0.600294 
0.9450 0.617958 
0.9550 0.632755 
0.9650 0.664466 
0.9750 0.695618 
0.9850 0.732109 
0.9950 0.758364 
1.0050 0.808777 
1.0150 0.831246 
1.0250 0.888122 
1.0350 0.895312 
1.0450 0.906934 
1.0550 0.936356 
1.0650 0.952900 
1.0750 0.969456 
1.0850 0.984764 
1.0950 1.002675 
1.1050 1.014631 
1.1150 1.018343 
1.1250 1.036543 
1.1350 1.054724 
1.1450 1.056799 
1.1550 1.061201 
1.1650 1.070213 
1.1750 1.078419 
1.1850 1.094908 
1.1950 1.088853 
1.2050 1.091110 
1.2150 1.114250 
1.2250 1.122043 
1.2350 1.115826 
1.2450 1.113409 
1.2550 1.144544 
1.2650 1.136881 
1.2750 1.125188 
1.2850 1.145681 
1.2950 1.151297 
1.3050 1.147543 
1.3150 1.164999 
1.3250 1.150572 
1.3350 1.165700 
1.3450 1.165885 
1.3550 1.180425 
1.3650 1.176810 
1.3750 1.177097 
1.3850 1.180706 
1.3950 1.183224 
1.4050 1.201439 
1.4150 1.179587 
1.4250 1.171099 
1.4350 1.165702 
1.4450 1.173907 
1.4550 1.133777 
1.4650 1.144884 
1.4750 1.145945 
1.4850 1.125262 
1.4950 1.130951 
1.5050 1.116428 
1.5150 1.095558 
1.5250 1.098531 
1.5350 1.095736 
1.5450 1.078444 
1.5550 1.061263 
1.5650 1.084400 
1.5750 1.055093 
1.5850 1.058424 
1.5950 1.054806 
1.6050 1.054692 
1.6150 1.052993 
1.6250 1.044273 
1.6350 1.021506 
1.6450 1.041738 
1.6550 1.020757 
1.6650 1.010901 
1.6750 1.025123 
1.6850 1.018399 
1.6950 0.998754 
1.7050 1.008291 
1.7150 1.004322 
1.7250 1.000596 
1.7350 1.001983 
1.7450 0.992635 
1.7550 0.980133 
1.7650 0.988726 
1.7750 0.984182 
1.7850 0.990790 
1.7950 0.982192 
1.8050 0.973832 
1.8150 0.977470 
1.8250 0.982425 
1.8350 0.966705 
1.8450 0.969259 
1.8550 0.976204 
1.8650 0.970984 
1.8750 0.962630 
1.8850 0.972401 
1.8950 0.960792 
1.9050 0.968856 
1.9150 0.973668 
1.9250 0.966671 
1.9350 0.963410 
1.9450 0.956801 
1.9550 0.968044 
1.9650 0.965870 
1.9750 0.947754 
1.9850 0.962920 
1.9950 0.959218 
2.0050 0.962031 
2.0150 0.960195 
2.0250 0.968207 
2.0350 0.950487 
2.0450 0.969624 
2.0550 0.967745 
2.0650 0.971180 
2.0750 0.971987 
2.0850 0.963772 
2.0950 0.977454 
2.1050 0.983498 
2.1150 0.954133 
2.1250 0.975912 
2.1350 0.976154 
2.1450 0.976514 
2.1550 0.981431 
2.1650 0.969212 
2.1750 0.990697 
2.1850 0.981441 
2.1950 0.982469 
2.2050 0.979225 
2.2150 0.981874 
2.2250 0.989724 
2.2350 0.982591 
2.2450 0.989682 
2.2550 0.995460 
2.2650 0.989490 
2.2750 0.983271 
2.2850 0.987206 
2.2950 0.983659 
2.3050 0.988893 
2.3150 0.987067 
2.3250 0.996212 
2.3350 0.994590 
2.3450 1.004427 
2.3550 0.993093 
2.3650 1.006286 
2.3750 0.998136 
2.3850 0.998080 
2.3950 0.996563 
2.4050 1.006609 
2.4150 1.005670 
2.4250 1.014502 
2.4350 1.015399 
2.4450 1.001012 
2.4550 1.013272 
2.4650 1.014649 
2.4750 1.013355 
2.4850 1.012553 
2.4950 0.996922 
2.5050 1.001959 
2.5150 1.010832 
2.5250 1.004940 
2.5350 1.010190 
2.5450 1.016607 
2.5550 1.015112 
2.5650 1.015028 
2.5750 1.000404 
2.5850 1.011490 
2.5950 1.006446 
2.6050 1.009350 
2.6150 1.015436 
2.6250 1.008220 
2.6350 1.007873 
2.6450 1.007173 
2.6550 1.012241 
2.6650 1.008354 
2.6750 1.010440 
2.6850 1.009422 
2.6950 1.012853 
2.7050 1.003047 
2.7150 1.006224 
2.7250 1.000436 
2.7350 1.018323 
2.7450 1.002473 
2.7550 1.008678 
2.7650 1.007264 
2.7750 1.011743 
2.7850 1.003727 
2.7950 1.007667 
2.8050 1.005636 
2.8150 1.004682 
2.8250 1.003432 
2.8350 0.993807 
2.8450 1.008021 
2.8550 0.997548 
2.8650 1.007741 
2.8750 1.000762 
2.8850 1.007583 
2.8950 1.009484 
2.9050 1.000158 
2.9150 1.004301 
2.9250 1.000786 
2.9350 1.012007 
2.9450 1.007356 
2.9550 1.003230 
2.9650 0.999304 
2.9750 1.000607 
2.9850 0.997260 
2.9950 1.006356 
3.0050 1.006256 
3.0150 1.003662 
3.0250 0.991275 
3.0350 0.997003 
3.0450 1.001934 
3.0550 1.006889 
3.0650 0.990691 
3.0750 1.001880 
3.0850 0.989795 
3.0950 0.998594 
3.1050 0.993648 
3.1150 1.009899 
3.1250 0.997369 
3.1350 0.994138 
3.1450 0.990873 
3.1550 1.001995 
3.1650 1.002319 
3.1750 0.998171 
3.1850 0.996868 
3.1950 0.999186 
3.2050 1.002611 
3.2150 1.001918 
3.2250 0.994652 
3.2350 1.006625 
3.2450 0.992932 
3.2550 0.995326 
3.2650 0.997101 
3.2750 1.003070 
3.2850 1.007025 
3.2950 0.990243 
3.3050 0.998533 
3.3150 0.994855 
3.3250 1.000098 
3.3350 0.995411 
3.3450 0.996531 
3.3550 0.994050 
3.3650 0.998038 
3.3750 1.001244 
3.3850 1.005364 
3.3950 0.996966 
3.4050 0.996680 
3.4150 0.998975 
3.4250 0.999833 
3.4350 0.990776 
3.4450 0.992448 
3.4550 1.003838 
3.4650 0.998872 
3.4750 1.005527 
3.4850 0.998424 
3.4950 0.995768 
3.5050 0.993761 
3.5150 1.000013 
3.5250 1.000941 
3.5350 1.005493 
3.5450 1.000369 
3.5550 0.998497 
3.5650 1.004769 
3.5750 0.994713 
3.5850 1.006019 
3.5950 0.999442 
3.6050 1.000209 
3.6150 0.997067 
3.6250 1.005953 
3.6350 1.000036 
3.6450 0.996193 
3.6550 1.005524 
3.6650 0.996786 
3.6750 1.005877 
3.6850 0.999995 
3.6950 1.002941 
3.7050 1.000399 
3.7150 1.004087 
3.7250 0.999237 
3.7350 1.001649 
3.7450 0.992103 
3.7550 1.005137 
3.7650 0.998950 
3.7750 1.000068 
3.7850 1.001136 
3.7950 0.990770 
3.8050 1.006559 
3.8150 0.999350 
3.8250 1.004769 
3.8350 1.005008 
3.8450 1.003554 
3.8550 1.001886 
3.8650 0.999851 
3.8750 0.998996 
3.8850 0.995921 
3.8950 1.002196 
3.9050 0.994945 
3.9150 1.006522 
3.9250 0.999362 
3.9350 1.007891 
3.9450 0.997273 
3.9550 1.005007 
3.9650 1.010587 
3.9750 1.004777 
3.9850 1.007969 
3.9950 1.002087 
4.0050 1.000827 
4.0150 0.995248 
4.0250 1.002619 
4.0350 1.002109 
4.0450 1.006254 
4.0550 0.996561 
4.0650 1.003856 
4.0750 1.000388 
4.0850 0.999052 
4.0950 1.001545 
4.1050 1.000129 
4.1150 0.996496 
4.1250 1.004391 
4.1350 1.000848 
4.1450 1.003389 
4.1550 1.000277 
4.1650 1.006731 
4.1750 1.001926 
4.1850 1.009081 
4.1950 1.002049 
4.2050 1.000970 
4.2150 1.007083 
4.2250 0.995934 
4.2350 1.013019 
4.2450 0.997999 
4.2550 0.999798 
4.2650 1.000164 
4.2750 0.999669 
4.2850 1.006044 
4.2950 0.996892 
4.3050 1.004317 
4.3150 1.004490 
4.3250 1.011368 
4.3350 1.005189 
4.3450 1.000082 
4.3550 1.002897 
4.3650 1.006815 
4.3750 1.007391 
4.3850 0.999575 
4.3950 0.997828 
4.4050 1.003140 
4.4150 0.995735 
4.4250 1.010773 
4.4350 1.003635 
4.4450 0.992988 
4.4550 1.000997 
4.4650 1.002763 
4.4750 0.999549 
4.4850 1.001863 
4.4950 0.996534 