
0.0050 0.000000 
0.0150 0.000000 
0.0250 0.000000 
0.0350 0.000000 
0.0450 0.000000 
0.0550 0.000000 
0.0650 0.000000 
0.0750 0.000000 
0.0850 0.000000 
0.0950 0.000000 
0.1050 0.000000 
0.1150 0.000000 
0.1250 0.000000 
0.1350 0.000000 
0.1450 0.000000 
0.1550 0.000000 
0.1650 0.000000 
0.1750 0.000000 
0.1850 0.000000 
0.1950 0.000000 
0.2050 0.000000 
0.2150 0.000000 
0.2250 0.000000 
0.2350 0.000000 
0.2450 0.000000 
0.2550 0.000000 
0.2650 0.000000 
0.2750 0.000000 
0.2850 0.000000 
0.2950 0.000000 
0.3050 0.000000 
0.3150 0.000000 
0.3250 0.000000 
0.3350 0.000000 
0.3450 0.000000 
0.3550 0.000000 
0.3650 0.000000 
0.3750 0.000000 
0.3850 0.000000 
0.3950 0.000000 
0.4050 0.000000 
0.4150 0.000000 
0.4250 0.000000 
0.4350 0.000000 
0.4450 0.000000 
0.4550 0.000000 
0.4650 0.000000 
0.4750 0.000000 
0.4850 0.000000 
0.4950 0.000000 
0.5050 0.000000 
0.5150 0.000000 
0.5250 0.000000 
0.5350 0.000000 
0.5450 0.000000 
0.5550 0.000000 
0.5650 0.000000 
0.5750 0.000000 
0.5850 0.000000 
0.5950 0.000000 
0.6050 0.000000 
0.6150 0.000000 
0.6250 0.000000 
0.6350 0.000000 
0.6450 0.000000 
0.6550 0.000000 
0.6650 0.000000 
0.6750 0.010455 
0.6850 0.029047 
0.6950 0.049311 
0.7050 0.073830 
0.7150 0.087199 
0.7250 0.100670 
0.7350 0.132645 
0.7450 0.150291 
0.7550 0.172995 
0.7650 0.191438 
0.7750 0.207652 
0.7850 0.227575 
0.7950 0.236828 
0.8050 0.263618 
0.8150 0.288397 
0.8250 0.301640 
0.8350 0.335777 
0.8450 0.353693 
0.8550 0.387626 
0.8650 0.388191 
0.8750 0.429137 
0.8850 0.452705 
0.8950 0.503920 
0.9050 0.509395 
0.9150 0.551246 
0.9250 0.579395 
0.9350 0.613962 
0.9450 0.669079 
0.9550 0.692355 
0.9650 0.747205 
0.9750 0.781794 
0.9850 0.801410 
0.9950 0.852410 
1.0050 0.905539 
1.0150 0.942593 
1.0250 0.988658 
1.0350 1.004601 
1.0450 1.020403 
1.0550 1.043340 
1.0650 1.064968 
1.0750 1.070969 
1.0850 1.064758 
1.0950 1.106548 
1.1050 1.090560 
1.1150 1.105678 
1.1250 1.125985 
1.1350 1.126026 
1.1450 1.123012 
1.1550 1.148108 
1.1650 1.150667 
1.1750 1.143529 
1.1850 1.170700 
1.1950 1.173934 
1.2050 1.184690 
1.2150 1.179121 
1.2250 1.170719 
1.2350 1.182414 
1.2450 1.191387 
1.2550 1.204909 
1.2650 1.220780 
1.2750 1.211777 
1.2850 1.229474 
1.2950 1.213954 
1.3050 1.238033 
1.3150 1.237285 
1.3250 1.244017 
1.3350 1.234478 
1.3450 1.221844 
1.3550 1.221110 
1.3650 1.214510 
1.3750 1.203226 
1.3850 1.193338 
1.3950 1.165665 
1.4050 1.163412 
1.4150 1.139777 
1.4250 1.138096 
1.4350 1.144170 
1.4450 1.125174 
1.4550 1.120283 
1.4650 1.124316 
1.4750 1.118282 
1.4850 1.100084 
1.4950 1.097433 
1.5050 1.089938 
1.5150 1.083274 
1.5250 1.081177 
1.5350 1.055357 
1.5450 1.051256 
1.5550 1.062581 
1.5650 1.057886 
1.5750 1.037096 
1.5850 1.034237 
1.5950 1.028682 
1.6050 1.028305 
1.6150 1.038083 
1.6250 1.023044 
1.6350 1.006361 
1.6450 1.016042 
1.6550 1.002388 
1.6650 1.012081 
1.6750 0.992189 
1.6850 0.986216 
1.6950 1.000568 
1.7050 0.969622 
1.7150 0.984950 
1.7250 0.984901 
1.7350 0.968510 
1.7450 0.973889 
1.7550 0.973758 
1.7650 0.966563 
1.7750 0.964405 
1.7850 0.962845 
1.7950 0.957592 
1.8050 0.965172 
1.8150 0.941703 
1.8250 0.950645 
1.8350 0.948178 
1.8450 0.960508 
1.8550 0.969297 
1.8650 0.958572 
1.8750 0.941764 
1.8850 0.947748 
1.8950 0.936043 
1.9050 0.943609 
1.9150 0.963631 
1.9250 0.944393 
1.9350 0.946103 
1.9450 0.954165 
1.9550 0.956770 
1.9650 0.950695 
1.9750 0.959174 
1.9850 0.944713 
1.9950 0.966328 
2.0050 0.949972 
2.0150 0.962951 
2.0250 0.970612 
2.0350 0.964091 
2.0450 0.968580 
2.0550 0.952569 
2.0650 0.973332 
2.0750 0.946044 
2.0850 0.980328 
2.0950 0.975252 
2.1050 0.972578 
2.1150 0.972071 
2.1250 0.989182 
2.1350 0.974073 
2.1450 0.982689 
2.1550 0.990948 
2.1650 0.986973 
2.1750 0.973881 
2.1850 0.995403 
2.1950 0.982858 
2.2050 0.987247 
2.2150 0.981257 
2.2250 0.995985 
2.2350 0.989856 
2.2450 1.007498 
2.2550 0.994134 
2.2650 1.008054 
2.2750 0.992626 
2.2850 1.001232 
2.2950 1.007679 
2.3050 1.008619 
2.3150 0.999472 
2.3250 1.004042 
2.3350 0.998763 
2.3450 0.999579 
2.3550 1.014543 
2.3650 1.015285 
2.3750 1.000439 
2.3850 1.012129 
2.3950 1.021224 
2.4050 1.020291 
2.4150 1.010943 
2.4250 1.018239 
2.4350 1.006342 
2.4450 1.013527 
2.4550 1.012088 
2.4650 1.013331 
2.4750 1.009763 
2.4850 1.007772 
2.4950 1.010901 
2.5050 0.998684 
2.5150 1.006345 
2.5250 1.007276 
2.5350 1.014236 
2.5450 1.019899 
2.5550 1.013004 
2.5650 0.998664 
2.5750 1.012056 
2.5850 1.008513 
2.5950 1.005688 
2.6050 1.010105 
2.6150 1.014815 
2.6250 0.992328 
2.6350 1.017314 
2.6450 1.010825 
2.6550 0.998524 
2.6650 1.001489 
2.6750 1.015521 
2.6850 1.005059 
2.6950 1.008475 
2.7050 0.998875 
2.7150 1.007641 
2.7250 1.003542 
2.7350 1.002193 
2.7450 1.011567 
2.7550 1.007810 
2.7650 1.001635 
2.7750 1.011096 
2.7850 1.006796 
2.7950 1.000142 
2.8050 0.996064 
2.8150 1.005896 
2.8250 0.999285 
2.8350 0.997727 
2.8450 1.007540 
2.8550 0.996590 
2.8650 1.000161 
2.8750 1.001595 
2.8850 1.001182 
2.8950 1.003578 
2.9050 0.991711 
2.9150 0.993624 
2.9250 1.005755 
2.9350 0.996012 
2.9450 1.002537 
2.9550 0.993710 
2.9650 1.003168 
2.9750 1.005809 
2.9850 1.002846 
2.9950 1.002016 
3.0050 0.999626 
3.0150 1.000031 
3.0250 1.003968 
3.0350 0.994777 
3.0450 0.991908 
3.0550 0.998884 
3.0650 0.994346 
3.0750 0.996819 
3.0850 1.000606 
3.0950 0.998179 
3.1050 1.002957 
3.1150 1.009240 
3.1250 0.999285 
3.1350 0.995911 
3.1450 0.996012 
3.1550 0.993185 
3.1650 1.006291 
3.1750 0.997659 
3.1850 0.997512 
3.1950 0.998062 
3.2050 0.996900 
3.2150 0.998087 
3.2250 1.008547 
3.2350 1.000624 
3.2450 1.005108 
3.2550 1.001263 
3.2650 0.996944 
3.2750 0.989465 
3.2850 0.995179 
3.2950 1.003869 
3.3050 0.993824 
3.3150 1.002620 
3.3250 1.008046 
3.3350 1.000078 
3.3450 0.995176 
3.3550 0.996446 
3.3650 0.999767 
3.3750 1.003346 
3.3850 1.004859 
3.3950 1.007597 
3.4050 1.000347 
3.4150 0.991036 
3.4250 1.005102 
3.4350 1.001309 
3.4450 0.996644 
3.4550 0.999828 
3.4650 0.991911 
3.4750 0.998832 
3.4850 1.003799 
3.4950 1.002375 
3.5050 0.998714 
3.5150 0.991911 
3.5250 1.007759 
3.5350 0.996977 
3.5450 0.999356 
3.5550 0.999244 
3.5650 0.996156 
3.5750 0.998589 
3.5850 0.998504 
3.5950 0.989639 
3.6050 0.997314 
3.6150 1.004283 
3.6250 0.996963 
3.6350 1.006084 
3.6450 1.004289 
3.6550 1.004938 
3.6650 0.997649 
3.6750 1.010277 
3.6850 1.000482 
3.6950 1.002107 
3.7050 1.002985 
3.7150 1.004571 
3.7250 1.001648 
3.7350 0.991183 
3.7450 0.998385 
3.7550 0.999579 
3.7650 1.004629 
3.7750 1.009223 
3.7850 0.998718 
3.7950 0.998208 
3.8050 1.001748 
3.8150 1.010830 
3.8250 1.008280 
3.8350 1.001684 
3.8450 0.992497 
3.8550 1.003395 
3.8650 0.997062 
3.8750 0.996744 
3.8850 1.000237 
3.8950 1.001603 
3.9050 1.004123 
3.9150 0.998045 
3.9250 0.999123 
3.9350 1.003869 
3.9450 1.004776 
3.9550 1.000703 
3.9650 0.999951 
3.9750 1.004261 
3.9850 0.997386 
3.9950 1.000182 
4.0050 0.999054 
4.0150 1.006668 
4.0250 1.000494 
4.0350 0.996788 
4.0450 1.003146 
4.0550 1.003143 
4.0650 1.012590 
4.0750 0.997785 
4.0850 0.999219 
4.0950 0.995905 
4.1050 1.003589 
4.1150 1.003087 
4.1250 1.007046 
4.1350 0.997475 
4.1450 1.000871 
4.1550 1.000030 
4.1650 1.001822 
4.1750 0.998790 
4.1850 0.995589 
4.1950 0.999520 
4.2050 1.001032 
4.2150 1.004018 
4.2250 1.000430 
4.2350 1.006009 
4.2450 0.996669 
4.2550 1.001909 
4.2650 1.000666 
4.2750 1.002731 
4.2850 1.005005 
4.2950 0.995059 
4.3050 0.993208 
4.3150 1.004430 
4.3250 0.999104 
4.3350 1.006788 
4.3450 1.004592 
4.3550 1.006138 
4.3650 0.998308 
4.3750 0.999764 
4.3850 1.003399 
4.3950 1.003551 
4.4050 1.002655 
4.4150 0.998003 
4.4250 1.002343 
4.4350 1.007049 
4.4450 1.004825 
4.4550 0.998962 
4.4650 1.000540 
4.4750 1.001901 
4.4850 0.993775 
4.4950 1.002758 