
0.0050 0.000000 
0.0150 0.000000 
0.0250 0.000000 
0.0350 0.000000 
0.0450 0.000000 
0.0550 0.000000 
0.0650 0.000000 
0.0750 0.000000 
0.0850 0.000000 
0.0950 0.000000 
0.1050 0.000000 
0.1150 0.000000 
0.1250 0.000000 
0.1350 0.000000 
0.1450 0.000000 
0.1550 0.000000 
0.1650 0.008061 
0.1750 0.024268 
0.1850 0.037867 
0.1950 0.043254 
0.2050 0.035893 
0.2150 0.051391 
0.2250 0.061818 
0.2350 0.078515 
0.2450 0.074347 
0.2550 0.078734 
0.2650 0.094852 
0.2750 0.090853 
0.2850 0.108099 
0.2950 0.106780 
0.3050 0.104717 
0.3150 0.121251 
0.3250 0.134708 
0.3350 0.150647 
0.3450 0.136799 
0.3550 0.144419 
0.3650 0.148849 
0.3750 0.153723 
0.3850 0.167791 
0.3950 0.177086 
0.4050 0.168379 
0.4150 0.181297 
0.4250 0.177678 
0.4350 0.182789 
0.4450 0.194335 
0.4550 0.184525 
0.4650 0.195907 
0.4750 0.184331 
0.4850 0.190532 
0.4950 0.201283 
0.5050 0.209932 
0.5150 0.211660 
0.5250 0.224796 
0.5350 0.222220 
0.5450 0.227523 
0.5550 0.230190 
0.5650 0.231110 
0.5750 0.245290 
0.5850 0.250714 
0.5950 0.254530 
0.6050 0.263134 
0.6150 0.265798 
0.6250 0.277078 
0.6350 0.269403 
0.6450 0.265653 
0.6550 0.279668 
0.6650 0.268718 
0.6750 0.288446 
0.6850 0.291217 
0.6950 0.296846 
0.7050 0.279154 
0.7150 0.298950 
0.7250 0.301777 
0.7350 0.308927 
0.7450 0.306406 
0.7550 0.304854 
0.7650 0.324366 
0.7750 0.332067 
0.7850 0.348138 
0.7950 0.345714 
0.8050 0.360162 
0.8150 0.364857 
0.8250 0.377592 
0.8350 0.394510 
0.8450 0.420602 
0.8550 0.447483 
0.8650 0.467346 
0.8750 0.526274 
0.8850 0.578777 
0.8950 0.627069 
0.9050 0.714772 
0.9150 0.804106 
0.9250 0.911413 
0.9350 1.042131 
0.9450 1.139715 
0.9550 1.294418 
0.9650 1.435424 
0.9750 1.587974 
0.9850 1.761320 
0.9950 1.883577 
1.0050 2.038267 
1.0150 2.135762 
1.0250 2.264128 
1.0350 2.365235 
1.0450 2.447694 
1.0550 2.507750 
1.0650 2.519775 
1.0750 2.576623 
1.0850 2.578758 
1.0950 2.555238 
1.1050 2.527048 
1.1150 2.498520 
1.1250 2.392272 
1.1350 2.303968 
1.1450 2.226509 
1.1550 2.134142 
1.1650 2.005212 
1.1750 1.847691 
1.1850 1.757380 
1.1950 1.653015 
1.2050 1.514911 
1.2150 1.387986 
1.2250 1.268000 
1.2350 1.160587 
1.2450 1.081341 
1.2550 0.991322 
1.2650 0.913174 
1.2750 0.869637 
1.2850 0.811571 
1.2950 0.774691 
1.3050 0.743408 
1.3150 0.718505 
1.3250 0.698033 
1.3350 0.697682 
1.3450 0.685281 
1.3550 0.671110 
1.3650 0.665899 
1.3750 0.657722 
1.3850 0.664944 
1.3950 0.655667 
1.4050 0.652475 
1.4150 0.666217 
1.4250 0.655269 
1.4350 0.663626 
1.4450 0.661589 
1.4550 0.682167 
1.4650 0.676710 
1.4750 0.681976 
1.4850 0.677457 
1.4950 0.677109 
1.5050 0.683686 
1.5150 0.695642 
1.5250 0.702740 
1.5350 0.697175 
1.5450 0.711852 
1.5550 0.700920 
1.5650 0.714950 
1.5750 0.694487 
1.5850 0.710482 
1.5950 0.707808 
1.6050 0.720596 
1.6150 0.725929 
1.6250 0.725521 
1.6350 0.727887 
1.6450 0.735363 
1.6550 0.727166 
1.6650 0.737788 
1.6750 0.743746 
1.6850 0.742842 
1.6950 0.752378 
1.7050 0.748730 
1.7150 0.748411 
1.7250 0.761809 
1.7350 0.765602 
1.7450 0.762843 
1.7550 0.759141 
1.7650 0.774015 
1.7750 0.766587 
1.7850 0.773837 
1.7950 0.779768 
1.8050 0.777636 
1.8150 0.785317 
1.8250 0.777375 
1.8350 0.793446 
1.8450 0.803602 
1.8550 0.804762 
1.8650 0.817176 
1.8750 0.829322 
1.8850 0.835992 
1.8950 0.857558 
1.9050 0.857239 
1.9150 0.872447 
1.9250 0.904851 
1.9350 0.910694 
1.9450 0.930666 
1.9550 0.937498 
1.9650 0.966652 
1.9750 0.977862 
1.9850 1.005229 
1.9950 1.024315 
2.0050 1.048067 
2.0150 1.059670 
2.0250 1.089006 
2.0350 1.117257 
2.0450 1.131444 
2.0550 1.182582 
2.0650 1.217047 
2.0750 1.229932 
2.0850 1.263759 
2.0950 1.291920 
2.1050 1.312711 
2.1150 1.335042 
2.1250 1.346750 
2.1350 1.361550 
2.1450 1.385772 
2.1550 1.400453 
2.1650 1.404538 
2.1750 1.392830 
2.1850 1.403718 
2.1950 1.379545 
2.2050 1.379039 
2.2150 1.364995 
2.2250 1.356146 
2.2350 1.332350 
2.2450 1.298905 
2.2550 1.286336 
2.2650 1.240787 
2.2750 1.219191 
2.2850 1.185516 
2.2950 1.142898 
2.3050 1.108992 
2.3150 1.064893 
2.3250 1.045251 
2.3350 1.021384 
2.3450 0.997611 
2.3550 0.989500 
2.3650 0.967869 
2.3750 0.939259 
2.3850 0.915224 
2.3950 0.912910 
2.4050 0.913884 
2.4150 0.910143 
2.4250 0.894942 
2.4350 0.885868 
2.4450 0.892810 
2.4550 0.896423 
2.4650 0.885962 
2.4750 0.891300 
2.4850 0.905574 
2.4950 0.893558 
2.5050 0.891908 
2.5150 0.891632 
2.5250 0.894608 
2.5350 0.909262 
2.5450 0.898676 
2.5550 0.900084 
2.5650 0.898348 
2.5750 0.899979 
2.5850 0.890419 
2.5950 0.889992 
2.6050 0.887829 
2.6150 0.882446 
2.6250 0.891857 
2.6350 0.883580 
2.6450 0.895889 
2.6550 0.886500 
2.6650 0.891616 
2.6750 0.894745 
2.6850 0.898042 
2.6950 0.895350 
2.7050 0.897704 
2.7150 0.909204 
2.7250 0.914753 
2.7350 0.906256 
2.7450 0.901123 
2.7550 0.897703 
2.7650 0.911933 
2.7750 0.911025 
2.7850 0.907023 
2.7950 0.917426 
2.8050 0.909376 
2.8150 0.910555 
2.8250 0.923227 
2.8350 0.910868 
2.8450 0.924022 
2.8550 0.915550 
2.8650 0.927401 
2.8750 0.927898 
2.8850 0.931860 
2.8950 0.935735 
2.9050 0.940319 
2.9150 0.926686 
2.9250 0.944483 
2.9350 0.946223 
2.9450 0.963572 
2.9550 0.955398 
2.9650 0.965880 
2.9750 0.982758 
2.9850 0.980273 
2.9950 0.991880 
3.0050 0.988130 
3.0150 0.998585 
3.0250 1.003968 
3.0350 1.011681 
3.0450 1.029961 
3.0550 1.028498 
3.0650 1.042613 
3.0750 1.057248 
3.0850 1.070291 
3.0950 1.075985 
3.1050 1.107116 
3.1150 1.118969 
3.1250 1.136793 
3.1350 1.143211 
3.1450 1.154156 
3.1550 1.179533 
3.1650 1.198238 
3.1750 1.197326 
3.1850 1.203238 
3.1950 1.204805 
3.2050 1.196542 
3.2150 1.205754 
3.2250 1.192103 
3.2350 1.188424 
3.2450 1.173382 
3.2550 1.149710 
3.2650 1.137943 
3.2750 1.123793 
3.2850 1.094890 
3.2950 1.076933 
3.3050 1.068608 
3.3150 1.046298 
3.3250 1.035362 
3.3350 1.019287 
3.3450 1.014403 
3.3550 1.005036 
3.3650 0.980349 
3.3750 0.984062 
3.3850 0.979189 
3.3950 0.970943 
3.4050 0.962595 
3.4150 0.962234 
3.4250 0.956333 
3.4350 0.947179 
3.4450 0.944631 
3.4550 0.947570 
3.4650 0.951998 
3.4750 0.958320 
3.4850 0.948653 
3.4950 0.948145 
3.5050 0.951618 
3.5150 0.945945 
3.5250 0.949113 
3.5350 0.955724 
3.5450 0.955082 
3.5550 0.947900 
3.5650 0.947860 
3.5750 0.945188 
3.5850 0.954294 
3.5950 0.938819 
3.6050 0.950953 
3.6150 0.956229 
3.6250 0.950244 
3.6350 0.948786 
3.6450 0.957755 
3.6550 0.946269 
3.6650 0.960028 
3.6750 0.949273 
3.6850 0.949787 
3.6950 0.956642 
3.7050 0.947738 
3.7150 0.943095 
3.7250 0.949591 
3.7350 0.950853 
3.7450 0.954942 
3.7550 0.955136 
3.7650 0.953307 
3.7750 0.951328 
3.7850 0.963756 
3.7950 0.965863 
3.8050 0.966206 
3.8150 0.965313 
3.8250 0.959416 
3.8350 0.962360 
3.8450 0.954743 
3.8550 0.968335 
3.8650 0.962823 
3.8750 0.979371 
3.8850 0.973902 
3.8950 0.980651 
3.9050 0.979282 
3.9150 0.966536 
3.9250 0.963707 
3.9350 0.976065 
3.9450 0.969626 
3.9550 0.974661 
3.9650 0.970243 
3.9750 0.982869 
3.9850 0.987061 
3.9950 0.992173 
4.0050 0.997410 
4.0150 1.003494 
4.0250 1.011737 
4.0350 1.015105 
4.0450 1.010357 
4.0550 1.014451 
4.0650 1.031782 
4.0750 1.038469 
4.0850 1.040684 
4.0950 1.053417 
4.1050 1.052501 
4.1150 1.063085 
4.1250 1.072125 
4.1350 1.077438 
4.1450 1.075028 
4.1550 1.086959 
4.1650 1.079279 
4.1750 1.085160 
4.1850 1.075313 
4.1950 1.079584 
4.2050 1.074639 
4.2150 1.079785 
4.2250 1.065225 
4.2350 1.073379 
4.2450 1.049249 
4.2550 1.053682 
4.2650 1.041827 
4.2750 1.042115 
4.2850 1.023254 
4.2950 1.012190 
4.3050 1.010338 
4.3150 1.000842 
4.3250 0.997660 
4.3350 0.997137 
4.3450 0.992797 
4.3550 0.986788 
4.3650 0.988508 
4.3750 0.989830 
4.3850 0.990033 
4.3950 0.981340 
4.4050 0.975794 
4.4150 0.975873 
4.4250 0.981752 
4.4350 0.980370 
4.4450 0.978898 
4.4550 0.978297 
4.4650 0.978178 
4.4750 0.973337 
4.4850 0.978876 
4.4950 0.976339 